donor_id,name,age,gender,blood_group,phone
1,Sneha Sharma,35,Male,B-,9249827706
2,Sneha Verma,55,Female,A+,9131994523
3,Aman Kapoor,32,Male,B-,9868820204
4,Riya Kapoor,46,Female,A+,9914763202
5,Anjali Patel,39,Female,B+,9331191390
6,Arjun Verma,23,Female,A-,9485451171
7,Divya Gupta,20,Female,A-,9506448196
8,Aman Gupta,58,Female,B-,9856528252
9,Aman Sharma,60,Male,AB+,9185675980
10,Neha Verma,42,Female,O-,9782560971
11,Divya Singh,41,Female,B-,9819595113
12,Rohan Verma,56,Male,B-,9275452091
13,Aditya Patel,35,Male,AB-,9924970419
14,Priya Kapoor,20,Female,O+,9387484583
15,Aman Kapoor,54,Female,B-,9803771909
16,Kavya Patel,59,Female,B+,9384412919
17,Vikram Kapoor,53,Female,O+,9726563708
18,Sahil Mehta,32,Male,O-,9197613238
19,Priya Verma,27,Male,O+,9740389325
20,Aman Patel,42,Female,AB+,9694021782
21,Rahul Verma,52,Female,AB-,9219778234
22,Pooja Patel,28,Female,A+,9875340444
23,Rohan Singh,50,Male,AB+,9786066793
24,Karan Singh,41,Male,A+,9743111853
25,Arjun Reddy,19,Male,AB-,9992994062
26,Pooja Kapoor,21,Male,A-,9191969690
27,Kavya Verma,52,Male,B+,9808402051
28,Kavya Singh,34,Female,B-,9679064766
29,Karan Gupta,43,Female,O-,9655742829
30,Aditya Verma,33,Male,A-,9463016614
31,Rahul Kapoor,55,Male,A+,9176228245
32,Priya Kapoor,22,Male,AB-,9176082500
33,Neha Gupta,60,Female,B-,9678998028
34,Vikram Reddy,33,Female,O+,9304451095
35,Sneha Verma,60,Female,AB-,9554814084
36,Riya Reddy,21,Male,A+,9532311310
37,Arjun Verma,33,Male,B-,9675832441
38,Aditya Singh,45,Male,AB+,9596743109
39,Neha Verma,46,Male,A+,9800235246
40,Rahul Verma,33,Male,O+,9621453189
41,Kavya Kapoor,43,Male,B+,9506919288
42,Rahul Patel,34,Female,AB+,9554200826
43,Kavya Singh,30,Female,B-,9162795957
44,Priya Mehta,21,Male,O-,9639931481
45,Anjali Sharma,50,Male,B+,9173574218
46,Aman Kapoor,43,Male,B-,9721609600
47,Priya Verma,44,Female,AB+,9319321646
48,Arjun Kapoor,34,Female,B+,9821221887
49,Pooja Reddy,38,Male,A+,9592080329
50,Sneha Verma,52,Male,AB+,9242224154
51,Divya Verma,33,Female,AB+,9269379374
52,Aditya Gupta,57,Male,AB+,9812308209
53,Sneha Singh,34,Male,A-,9897163846
54,Vikram Gupta,36,Male,AB-,9318610946
55,Rohan Reddy,34,Male,A-,9781057736
56,Riya Gupta,20,Male,AB-,9927982963
57,Vikram Gupta,28,Female,O+,9702269164
58,Rahul Verma,22,Male,A+,9996139578
59,Divya Singh,45,Male,A+,9430989881
60,Divya Sharma,40,Male,B-,9816114302
61,Sneha Mehta,53,Female,B+,9354194771
62,Anjali Singh,44,Male,B+,9890880074
63,Arjun Patel,60,Male,AB+,9270937380
64,Sneha Patel,20,Female,B-,9314289692
65,Aditya Mehta,37,Male,B-,9125409494
66,Karan Patel,39,Female,A-,9930353157
67,Rohan Mehta,59,Female,AB-,9129635852
68,Sneha Gupta,29,Female,A+,9216396351
69,Riya Mehta,38,Female,A-,9513600440
70,Karan Gupta,20,Female,A+,9658260221
71,Karan Mehta,45,Male,AB-,9769108025
72,Arjun Verma,37,Female,O+,9450236225
73,Sahil Gupta,53,Male,B-,9551450815
74,Sahil Singh,57,Female,O+,9688343096
75,Rahul Gupta,36,Male,O+,9943702118
76,Arjun Reddy,46,Female,B-,9648868899
77,Kavya Singh,60,Male,AB+,9653462378
78,Arjun Verma,33,Female,B-,9966040317
79,Karan Singh,19,Male,B-,9610173760
80,Aman Reddy,44,Male,O+,9630833445
81,Sahil Kapoor,27,Male,A-,9935822550
82,Riya Kapoor,29,Female,A+,9698509918
83,Neha Verma,47,Male,O-,9816806128
84,Arjun Reddy,57,Female,O-,9270894498
85,Kavya Reddy,34,Male,AB+,9922286180
86,Kavya Kapoor,35,Female,A-,9866162966
87,Pooja Kapoor,35,Female,AB-,9679984033
88,Aman Singh,27,Male,O+,9845122940
89,Vikram Kapoor,22,Female,O+,9455281184
90,Aditya Patel,21,Male,O+,9518197538
91,Rahul Patel,48,Male,AB-,9420632895
92,Sahil Patel,52,Male,O-,9335602191
93,Rohan Patel,49,Male,O+,9460916347
94,Sahil Singh,47,Male,A+,9523076025
95,Rahul Verma,59,Female,B+,9595744935
96,Anjali Sharma,34,Female,AB-,9327268503
97,Aditya Mehta,39,Female,AB+,9907464398
98,Riya Gupta,23,Female,A+,9904258674
99,Priya Mehta,32,Male,A+,9909851739
100,Rahul Kapoor,30,Male,B+,9356135680
101,Vikram Reddy,60,Male,B-,9599326438
102,Rohan Mehta,28,Male,B+,9433975497
103,Sneha Sharma,37,Female,O+,9867741192
104,Karan Verma,55,Male,A-,9848605284
105,Pooja Verma,54,Male,AB-,9672030854
106,Riya Mehta,22,Female,A+,9551034639
107,Kavya Verma,45,Female,O-,9859466878
108,Vikram Patel,29,Female,O-,9599154414
109,Riya Gupta,38,Male,A-,9399496923
110,Aditya Kapoor,47,Female,AB-,9130816384
111,Kavya Mehta,29,Female,B-,9480990401
112,Rohan Mehta,35,Female,A+,9654724287
113,Karan Verma,33,Female,O-,9696115913
114,Neha Reddy,59,Female,O-,9951405188
115,Rahul Verma,36,Male,O+,9842800803
116,Neha Gupta,60,Female,O-,9694287057
117,Divya Patel,53,Female,AB-,9854684750
118,Aditya Gupta,37,Female,B-,9229553265
119,Karan Mehta,25,Male,B-,9332341238
120,Kavya Gupta,55,Female,A-,9994027897
121,Karan Gupta,32,Female,B+,9424557359
122,Rahul Singh,35,Male,A+,9694164665
123,Pooja Singh,58,Female,A-,9113169872
124,Pooja Reddy,48,Female,AB-,9297958983
125,Priya Gupta,48,Male,A-,9530256336
126,Kavya Verma,54,Male,B+,9260199682
127,Pooja Verma,33,Male,O+,9751028618
128,Neha Patel,46,Female,AB+,9731924051
129,Riya Gupta,54,Male,A-,9918982730
130,Karan Kapoor,34,Male,B+,9357553274
131,Anjali Verma,28,Male,O+,9583724666
132,Kavya Gupta,20,Male,AB+,9859088046
133,Pooja Reddy,22,Male,AB+,9945923902
134,Karan Patel,25,Male,B+,9385220694
135,Vikram Verma,21,Male,AB+,9738923667
136,Pooja Reddy,25,Female,AB+,9851333320
137,Sahil Gupta,50,Female,O-,9186373782
138,Priya Patel,38,Female,A+,9198061499
139,Neha Sharma,35,Male,B+,9605196410
140,Aditya Gupta,29,Female,O-,9197970787
141,Kavya Mehta,44,Female,AB-,9819550381
142,Sneha Singh,39,Female,O-,9409471503
143,Sahil Sharma,47,Male,AB-,9371011200
144,Arjun Verma,43,Male,O-,9543721204
145,Priya Kapoor,51,Female,O-,9771527524
146,Aditya Sharma,31,Female,B+,9409268943
147,Aditya Reddy,25,Male,B-,9862123506
148,Anjali Gupta,53,Male,O+,9200082623
149,Neha Verma,47,Male,B+,9635126623
150,Pooja Gupta,44,Female,O-,9361704064
151,Aditya Singh,42,Male,B+,9174958005
152,Rohan Patel,39,Female,A+,9403696046
153,Pooja Reddy,27,Female,O-,9470574014
154,Arjun Patel,47,Female,B-,9848933239
155,Neha Patel,32,Female,A+,9441639230
156,Kavya Patel,42,Male,O-,9139749508
157,Vikram Mehta,24,Female,A-,9664735673
158,Aditya Sharma,27,Female,B+,9180346223
159,Kavya Gupta,39,Female,A-,9452794611
160,Sahil Mehta,58,Female,A+,9762992051
161,Aman Kapoor,58,Female,B-,9901834280
162,Aman Patel,24,Male,O-,9278632824
163,Pooja Sharma,20,Female,A+,9415001254
164,Divya Mehta,45,Male,B-,9670335494
165,Riya Singh,28,Male,A-,9754436820
166,Sahil Kapoor,49,Male,B-,9595155950
167,Rohan Reddy,34,Male,O-,9408842146
168,Anjali Verma,46,Female,AB+,9786055206
169,Riya Gupta,47,Female,B-,9513061224
170,Kavya Verma,33,Female,AB-,9717199615
171,Pooja Gupta,19,Female,AB+,9108695125
172,Priya Reddy,36,Male,AB-,9335154329
173,Karan Gupta,60,Male,A-,9773728014
174,Priya Gupta,46,Male,AB-,9886365312
175,Vikram Verma,36,Female,O+,9288592093
176,Karan Singh,52,Female,AB+,9991713190
177,Anjali Gupta,48,Female,AB-,9963538119
178,Sneha Reddy,22,Male,B-,9826197069
179,Sahil Mehta,23,Female,A+,9383960237
180,Sneha Reddy,41,Female,O+,9983063850
181,Divya Verma,32,Female,A+,9765233376
182,Arjun Kapoor,59,Male,O-,9852775879
183,Pooja Patel,25,Male,A+,9139956218
184,Pooja Reddy,25,Male,B-,9677186272
185,Vikram Patel,47,Female,O+,9730651895
186,Vikram Patel,59,Male,O-,9761051532
187,Riya Gupta,20,Female,B-,9576078963
188,Aditya Kapoor,41,Male,AB-,9684615760
189,Divya Sharma,43,Female,B-,9231167999
190,Aditya Verma,60,Male,A+,9154308262
191,Arjun Kapoor,26,Male,A-,9991010113
192,Karan Kapoor,32,Female,B+,9946799779
193,Rahul Gupta,27,Male,AB+,9957397689
194,Anjali Verma,60,Male,B+,9115956152
195,Divya Kapoor,55,Female,A+,9287095435
196,Rohan Sharma,26,Female,A-,9900651998
197,Aman Reddy,46,Female,A-,9585337126
198,Neha Sharma,60,Female,O-,9790781796
199,Rahul Sharma,48,Female,O+,9836691577
200,Sneha Reddy,46,Male,A-,9445864933
201,Vikram Verma,26,Female,AB-,9508992977
202,Pooja Reddy,50,Female,A-,9951580447
203,Sneha Kapoor,45,Female,B-,9544328940
204,Arjun Reddy,43,Female,A-,9435596237
205,Riya Mehta,60,Female,AB-,9263894795
206,Kavya Verma,23,Male,A-,9563723880
207,Sneha Mehta,26,Male,AB-,9819421270
208,Sneha Patel,40,Female,A+,9408839723
209,Pooja Mehta,24,Male,B+,9805165232
210,Kavya Kapoor,24,Female,AB-,9223357166
211,Rohan Kapoor,45,Male,AB+,9131088245
212,Anjali Gupta,37,Female,AB-,9106556040
213,Anjali Singh,54,Female,A-,9252336745
214,Rahul Verma,51,Male,O+,9550791704
215,Aditya Mehta,28,Female,AB+,9874807770
216,Arjun Verma,21,Male,B+,9910069356
217,Priya Verma,35,Female,O+,9621475287
218,Aditya Patel,35,Male,A-,9470626529
219,Riya Verma,36,Female,AB+,9148766522
220,Neha Patel,56,Male,A+,9319497661
221,Pooja Kapoor,26,Female,AB+,9452318696
222,Sneha Sharma,49,Female,B+,9238712095
223,Sahil Kapoor,50,Female,A-,9526351920
224,Priya Patel,19,Female,A-,9436146289
225,Riya Patel,58,Female,AB+,9223666470
226,Sahil Sharma,38,Male,O-,9993381017
227,Divya Verma,45,Male,B-,9567804106
228,Sahil Verma,43,Female,AB-,9337911187
229,Arjun Singh,22,Male,B-,9933468715
230,Divya Mehta,59,Male,B-,9210385522
231,Vikram Gupta,30,Male,B+,9916274954
232,Aman Singh,58,Female,O-,9910080036
233,Aditya Mehta,58,Female,B+,9572191734
234,Aman Reddy,46,Female,AB+,9735032128
235,Priya Mehta,50,Male,AB+,9595792218
236,Aditya Sharma,21,Female,AB+,9182389284
237,Aman Patel,47,Male,O-,9969533218
238,Karan Mehta,56,Female,B+,9166436383
239,Aditya Verma,39,Male,B+,9142028540
240,Neha Reddy,46,Male,AB-,9500346767
241,Pooja Patel,44,Female,A+,9947425963
242,Arjun Verma,39,Male,O+,9405100495
243,Rohan Singh,39,Male,B+,9475617211
244,Pooja Patel,26,Male,AB+,9700138002
245,Sahil Mehta,26,Male,O+,9645985356
246,Divya Sharma,41,Female,B+,9329987621
247,Arjun Reddy,30,Male,B+,9266371119
248,Aman Gupta,24,Male,AB-,9922816526
249,Vikram Patel,27,Male,B+,9992649957
250,Anjali Reddy,20,Female,AB-,9826239153
251,Neha Reddy,57,Female,O-,9351258749
252,Neha Gupta,48,Male,AB-,9828326405
253,Aditya Reddy,36,Female,O+,9274008639
254,Karan Singh,34,Male,O-,9498585961
255,Sneha Verma,36,Male,B+,9392907427
256,Aditya Singh,45,Male,B-,9976928440
257,Aditya Mehta,19,Female,A+,9525689202
258,Divya Kapoor,42,Male,AB-,9341096660
259,Rahul Mehta,24,Female,B+,9247746438
260,Priya Gupta,48,Male,O-,9581682167
261,Rahul Verma,19,Female,B-,9996534803
262,Vikram Patel,25,Female,B-,9423358638
263,Sneha Sharma,33,Female,O-,9167438668
264,Sneha Reddy,56,Male,B-,9871531100
265,Vikram Gupta,45,Male,AB-,9358303887
266,Riya Singh,60,Male,AB-,9172670118
267,Rahul Patel,48,Male,O+,9500830389
268,Rohan Sharma,40,Male,AB-,9358906986
269,Sneha Mehta,26,Male,AB-,9686277792
270,Arjun Singh,47,Female,B+,9971339002
271,Vikram Verma,47,Male,AB+,9316456682
272,Priya Kapoor,20,Female,AB+,9653388913
273,Sahil Reddy,34,Male,B-,9407209235
274,Divya Sharma,59,Female,AB+,9233654018
275,Divya Patel,43,Female,O+,9464037804
276,Anjali Reddy,49,Female,AB+,9960226208
277,Aman Patel,23,Female,B+,9685698675
278,Pooja Mehta,24,Male,AB-,9809656613
279,Pooja Gupta,46,Female,B+,9840629322
280,Aditya Mehta,46,Male,AB-,9760191749
281,Riya Gupta,58,Male,A-,9820678212
282,Sahil Mehta,50,Male,A+,9253308283
283,Aditya Sharma,26,Male,B-,9935924516
284,Divya Mehta,42,Male,B+,9829137330
285,Aditya Mehta,41,Female,A-,9716243819
286,Vikram Mehta,43,Female,AB+,9368018471
287,Sneha Sharma,29,Female,O+,9703091482
288,Sneha Gupta,34,Female,B-,9756998124
289,Pooja Reddy,30,Male,B+,9179512774
290,Aditya Singh,46,Male,AB-,9817087513
291,Divya Verma,53,Female,AB+,9269119969
292,Anjali Mehta,50,Male,A-,9315801027
293,Vikram Kapoor,49,Male,AB-,9694875990
294,Divya Reddy,53,Male,A-,9170596494
295,Pooja Patel,48,Female,O+,9984053945
296,Aman Singh,38,Male,O-,9600184588
297,Divya Singh,53,Male,B+,9564520346
298,Priya Verma,51,Male,AB+,9276799196
299,Anjali Mehta,32,Female,AB+,9184675178
300,Rohan Kapoor,58,Female,B+,9771112648
301,Pooja Verma,50,Male,B+,9283825267
302,Arjun Sharma,19,Male,A+,9788755699
303,Rohan Kapoor,54,Female,A+,9634764290
304,Pooja Gupta,48,Male,O+,9419367188
305,Aditya Verma,21,Male,O-,9546270451
306,Kavya Reddy,31,Female,B+,9435632899
307,Arjun Mehta,43,Male,AB-,9652955706
308,Sneha Mehta,33,Female,A-,9387195524
309,Aditya Kapoor,27,Male,A+,9411612760
310,Sahil Patel,33,Male,AB-,9720286733
311,Arjun Kapoor,28,Female,O-,9635539154
312,Pooja Reddy,19,Male,O+,9642716859
313,Aditya Kapoor,31,Female,A+,9154267347
314,Pooja Reddy,56,Female,AB+,9676267306
315,Rahul Verma,45,Male,AB+,9881155839
316,Divya Patel,41,Male,O+,9154930149
317,Karan Mehta,53,Female,A-,9514838889
318,Aditya Gupta,57,Male,B+,9203810954
319,Sahil Mehta,39,Female,B+,9313736772
320,Sahil Sharma,20,Male,B+,9866213410
321,Arjun Reddy,51,Female,B+,9750967273
322,Vikram Mehta,57,Female,B+,9521931770
323,Pooja Mehta,50,Female,AB+,9609912042
324,Rahul Mehta,39,Male,O+,9726745401
325,Pooja Sharma,56,Female,AB+,9803935444
326,Neha Sharma,55,Female,B+,9662890182
327,Sahil Singh,33,Male,A-,9304853117
328,Rahul Reddy,38,Female,B+,9543412542
329,Karan Patel,50,Female,A+,9857820386
330,Vikram Kapoor,53,Female,O-,9664226794
331,Sahil Mehta,29,Female,AB-,9686556403
332,Divya Gupta,57,Female,B-,9364697908
333,Rohan Gupta,32,Female,AB+,9856881618
334,Karan Reddy,38,Female,AB-,9701818966
335,Rohan Gupta,25,Female,O+,9978726109
336,Divya Singh,36,Male,AB+,9866803374
337,Aman Mehta,46,Female,O-,9329766590
338,Karan Gupta,53,Female,B+,9217281149
339,Neha Kapoor,21,Male,B-,9156361897
340,Sneha Patel,39,Female,A-,9831424323
341,Vikram Sharma,53,Male,O+,9801038300
342,Kavya Reddy,59,Male,AB+,9444851196
343,Pooja Sharma,23,Male,A+,9287974375
344,Riya Singh,20,Female,O-,9300050585
345,Pooja Sharma,18,Female,A-,9459748735
346,Pooja Reddy,59,Female,B+,9641394238
347,Aditya Gupta,30,Male,AB-,9274476883
348,Aditya Gupta,29,Male,AB-,9949080318
349,Pooja Kapoor,29,Female,O+,9653278397
350,Arjun Verma,43,Male,B+,9250980852
351,Kavya Mehta,33,Male,AB+,9511859868
352,Neha Reddy,35,Female,AB+,9725412469
353,Rahul Gupta,59,Female,B-,9166705490
354,Sneha Reddy,37,Male,O+,9836665942
355,Pooja Verma,58,Female,AB-,9759949050
356,Neha Kapoor,26,Female,B+,9588529624
357,Divya Patel,53,Female,B-,9918040539
358,Neha Verma,51,Female,AB-,9183862154
359,Sneha Sharma,53,Male,B+,9276670424
360,Arjun Reddy,25,Male,O-,9197647841
361,Aditya Sharma,47,Male,O+,9590483627
362,Priya Reddy,37,Male,O+,9373221357
363,Rahul Kapoor,55,Male,A+,9554941605
364,Divya Verma,52,Male,A-,9606882594
365,Priya Gupta,44,Male,B+,9922301213
366,Riya Mehta,42,Female,O+,9503346325
367,Aman Singh,59,Female,A-,9291634595
368,Sahil Singh,32,Male,A+,9420364823
369,Aditya Patel,52,Female,B-,9365764028
370,Aditya Mehta,27,Female,B-,9878488534
371,Sneha Sharma,60,Female,A+,9358413465
372,Karan Verma,24,Male,O-,9741866641
373,Priya Kapoor,20,Female,O-,9351619881
374,Karan Sharma,26,Female,B-,9975943821
375,Arjun Mehta,33,Female,B+,9808897689
376,Neha Patel,37,Female,A+,9697771523
377,Anjali Patel,53,Female,A+,9469812603
378,Sahil Mehta,44,Female,B+,9422002819
379,Sahil Singh,52,Female,B-,9341961866
380,Pooja Singh,47,Male,O+,9547221915
381,Vikram Patel,33,Female,B-,9454617185
382,Aman Reddy,41,Male,B-,9155337035
383,Rohan Patel,56,Male,A-,9302038796
384,Karan Reddy,31,Female,AB+,9116464447
385,Karan Kapoor,25,Female,B-,9846923032
386,Karan Patel,33,Female,AB+,9508732434
387,Aditya Mehta,37,Female,AB-,9650632566
388,Kavya Reddy,24,Female,AB-,9318106480
389,Divya Mehta,44,Male,B-,9895913682
390,Vikram Sharma,34,Female,AB+,9263650505
391,Karan Mehta,32,Female,B-,9636120880
392,Arjun Gupta,49,Female,O-,9280639501
393,Divya Singh,26,Female,B+,9682115008
394,Priya Sharma,22,Male,A+,9542802779
395,Vikram Kapoor,22,Male,A+,9334848459
396,Aditya Mehta,21,Female,O-,9116891857
397,Rahul Patel,18,Male,AB+,9675244407
398,Pooja Sharma,50,Female,B+,9214908010
399,Sneha Singh,33,Male,AB+,9975329786
400,Divya Gupta,43,Male,AB-,9535968611
401,Aditya Kapoor,32,Female,A-,9801943382
402,Priya Verma,43,Female,O+,9693458652
403,Kavya Sharma,58,Male,B+,9188783547
404,Kavya Patel,59,Female,A-,9667106600
405,Priya Kapoor,31,Female,AB+,9149995533
406,Aman Gupta,52,Male,B+,9437675369
407,Rahul Kapoor,55,Male,O+,9182611003
408,Pooja Singh,54,Male,O+,9826960759
409,Arjun Patel,26,Male,AB-,9157656107
410,Sneha Patel,32,Male,AB-,9749794986
411,Sahil Mehta,19,Female,O-,9626781451
412,Neha Mehta,53,Female,O+,9299434489
413,Sahil Verma,57,Female,B-,9865694462
414,Aman Verma,35,Male,O+,9864157523
415,Vikram Patel,38,Female,A-,9198269319
416,Rahul Gupta,46,Female,AB+,9209770151
417,Vikram Verma,29,Female,O-,9698058121
418,Riya Verma,19,Male,AB-,9695088987
419,Aman Mehta,42,Male,AB+,9544325176
420,Sahil Verma,53,Male,B+,9835852444
421,Sahil Singh,26,Female,AB+,9388199600
422,Kavya Singh,22,Male,O+,9396311802
423,Riya Gupta,48,Male,AB-,9370260533
424,Neha Reddy,56,Male,O-,9214860711
425,Vikram Gupta,18,Female,AB-,9765926290
426,Sahil Mehta,46,Female,O+,9975610118
427,Vikram Gupta,38,Male,O-,9437351729
428,Anjali Patel,38,Female,O-,9718345671
429,Neha Mehta,42,Female,O+,9491932454
430,Sneha Kapoor,55,Male,A+,9880839406
431,Aditya Kapoor,46,Female,A-,9979357576
432,Riya Reddy,26,Female,B-,9371314895
433,Vikram Patel,42,Male,O-,9742026586
434,Kavya Patel,52,Female,A+,9949030118
435,Divya Verma,24,Male,AB-,9278604592
436,Priya Patel,39,Female,A-,9111325589
437,Sneha Gupta,32,Male,O-,9501707828
438,Sahil Reddy,55,Male,AB-,9126373949
439,Kavya Verma,36,Female,A-,9224628497
440,Vikram Mehta,37,Female,O-,9942103498
441,Karan Reddy,40,Female,A-,9570477095
442,Aditya Mehta,22,Female,A+,9969930526
443,Sneha Sharma,39,Male,B+,9895094534
444,Neha Singh,53,Male,AB-,9701133236
445,Riya Reddy,32,Female,B+,9300131434
446,Riya Patel,19,Male,O-,9735873300
447,Riya Patel,18,Male,B-,9398870482
448,Aman Verma,52,Male,AB-,9450023635
449,Karan Reddy,25,Female,O-,9666629680
450,Arjun Patel,57,Female,A-,9473581239
451,Divya Reddy,57,Male,AB+,9759797724
452,Aman Singh,38,Male,B-,9427899285
453,Sneha Singh,41,Male,O+,9549080818
454,Vikram Patel,45,Male,O-,9782364690
455,Anjali Singh,49,Female,B+,9300895568
456,Arjun Reddy,57,Male,AB-,9110290140
457,Kavya Singh,30,Female,O-,9539304662
458,Kavya Patel,46,Female,B+,9188766909
459,Rahul Kapoor,36,Male,AB+,9341423782
460,Pooja Singh,47,Female,A-,9714947037
461,Sneha Gupta,52,Female,A+,9916048218
462,Aditya Kapoor,45,Male,B-,9419662531
463,Priya Reddy,34,Female,A-,9571447714
464,Sneha Kapoor,31,Female,O+,9278221407
465,Vikram Kapoor,31,Male,AB-,9671532152
466,Rohan Singh,38,Female,AB+,9714970148
467,Rohan Verma,26,Female,A+,9397773877
468,Vikram Singh,33,Male,AB-,9989575564
469,Neha Patel,49,Male,AB+,9774108885
470,Riya Patel,46,Male,A-,9532557724
471,Rohan Mehta,47,Female,AB-,9724870012
472,Rahul Verma,47,Female,A-,9954352670
473,Sahil Kapoor,45,Male,O-,9388339233
474,Arjun Gupta,39,Male,O-,9946434607
475,Arjun Sharma,20,Male,O-,9117481970
476,Sneha Singh,46,Female,A+,9559346003
477,Karan Singh,59,Female,B+,9394226159
478,Aman Mehta,34,Male,AB-,9813510897
479,Anjali Sharma,43,Female,B-,9560883210
480,Aman Verma,18,Male,O-,9183686071
481,Vikram Kapoor,51,Female,A+,9108657116
482,Arjun Verma,45,Male,O-,9176051319
483,Neha Patel,23,Male,A-,9436458586
484,Divya Gupta,26,Female,B+,9788887139
485,Vikram Verma,51,Male,B+,9572553155
486,Divya Kapoor,58,Male,O+,9761506578
487,Aditya Kapoor,23,Male,B+,9907932366
488,Sneha Patel,40,Female,AB-,9949412096
489,Vikram Kapoor,35,Male,B-,9694205108
490,Pooja Sharma,60,Female,B-,9655928892
491,Karan Patel,36,Male,B-,9631381642
492,Sahil Verma,33,Female,A-,9667243311
493,Rahul Mehta,38,Male,O+,9710293796
494,Riya Mehta,52,Male,O-,9927175323
495,Aman Sharma,55,Male,A+,9381519299
496,Karan Sharma,21,Female,AB+,9774922644
497,Riya Patel,43,Male,B+,9397928718
498,Aman Gupta,23,Male,B+,9675944565
499,Arjun Patel,55,Male,AB+,9850197517
500,Riya Kapoor,21,Male,A-,9566523205
501,Sneha Reddy,57,Male,AB+,9815197502
502,Anjali Verma,18,Male,A+,9275913951
503,Kavya Mehta,51,Female,B+,9499291766
504,Vikram Gupta,25,Male,AB-,9966625455
505,Riya Gupta,51,Male,AB+,9864851260
506,Aman Reddy,47,Female,A+,9636452156
507,Anjali Mehta,28,Female,A-,9716233644
508,Sneha Kapoor,50,Male,A+,9113194223
509,Neha Sharma,48,Female,O+,9261152186
510,Anjali Sharma,53,Female,B-,9445532283
511,Neha Patel,38,Female,A-,9713682070
512,Divya Verma,50,Male,B+,9339643129
513,Priya Patel,22,Female,AB+,9930568802
514,Pooja Mehta,23,Female,A+,9496124146
515,Karan Gupta,54,Female,B-,9598137488
516,Divya Reddy,30,Male,B+,9106848195
517,Riya Sharma,32,Female,A+,9459722166
518,Rahul Patel,37,Male,B-,9668883968
519,Neha Patel,49,Male,B+,9864131026
520,Rohan Verma,20,Male,O+,9852528635
521,Divya Reddy,23,Male,B+,9784205125
522,Sahil Verma,55,Male,O+,9811293744
523,Vikram Kapoor,36,Female,AB-,9959870518
524,Sahil Mehta,38,Female,AB+,9350838144
525,Aman Kapoor,26,Male,B+,9213449146
526,Anjali Reddy,47,Female,O+,9229640083
527,Divya Kapoor,46,Female,O-,9384550090
528,Sneha Verma,28,Female,A+,9330876810
529,Arjun Singh,23,Male,AB-,9525464250
530,Priya Gupta,34,Male,A+,9534212844
531,Aditya Kapoor,24,Female,A-,9963177562
532,Vikram Verma,18,Male,B-,9240354421
533,Karan Patel,41,Male,AB+,9972680546
534,Aman Sharma,22,Male,O-,9968977829
535,Vikram Verma,39,Male,A+,9594989531
536,Priya Singh,54,Female,O+,9632711663
537,Rahul Patel,45,Male,AB-,9330549659
538,Anjali Gupta,35,Female,B+,9137204552
539,Neha Gupta,49,Female,O-,9165475776
540,Aman Gupta,42,Male,O+,9314166184
541,Neha Sharma,42,Female,O-,9684671539
542,Kavya Mehta,54,Female,O+,9390378111
543,Anjali Sharma,38,Male,A+,9970471079
544,Rohan Sharma,48,Female,B-,9271395839
545,Sneha Kapoor,60,Male,AB+,9673044801
546,Priya Kapoor,54,Female,AB-,9286521875
547,Anjali Kapoor,55,Female,AB-,9735185398
548,Rahul Mehta,54,Male,B-,9998396384
549,Kavya Gupta,29,Female,A+,9196913120
550,Priya Kapoor,56,Male,A+,9665269791
551,Kavya Sharma,39,Male,B+,9465887237
552,Anjali Mehta,21,Male,B+,9729866807
553,Vikram Verma,51,Female,A-,9501140044
554,Sahil Verma,39,Female,AB-,9246513857
555,Anjali Patel,58,Female,AB-,9287048690
556,Divya Kapoor,60,Male,O+,9429448930
557,Pooja Singh,29,Male,O+,9927672827
558,Priya Singh,56,Female,B-,9786815488
559,Sneha Reddy,27,Female,A-,9355546183
560,Divya Mehta,28,Male,AB-,9579565240
561,Rahul Gupta,31,Male,A-,9476326283
562,Rohan Verma,18,Male,O+,9570535289
563,Riya Singh,44,Female,O+,9477131597
564,Sahil Verma,48,Male,B+,9584566178
565,Aman Sharma,36,Male,AB-,9380383739
566,Sneha Verma,39,Male,O+,9272769884
567,Aman Verma,39,Female,A+,9563129902
568,Anjali Patel,28,Male,A-,9455510103
569,Karan Kapoor,44,Female,AB+,9419331516
570,Neha Verma,21,Female,O-,9264915937
571,Priya Mehta,18,Female,A-,9416270056
572,Kavya Kapoor,24,Male,B-,9283429671
573,Pooja Verma,48,Male,AB+,9942754807
574,Sahil Reddy,49,Female,A-,9789198776
575,Sahil Singh,41,Female,AB-,9300341906
576,Aditya Sharma,34,Female,O-,9382824466
577,Neha Gupta,54,Male,B+,9907706333
578,Sneha Verma,60,Female,O+,9912239392
579,Neha Sharma,42,Female,O-,9714947283
580,Neha Reddy,37,Male,O+,9866979905
581,Priya Singh,25,Female,B+,9279491823
582,Karan Kapoor,26,Male,O+,9184147554
583,Riya Kapoor,58,Male,AB+,9443328397
584,Aman Verma,42,Female,AB-,9396568375
585,Aditya Sharma,57,Female,A-,9545004139
586,Vikram Singh,54,Male,A-,9704177085
587,Sneha Gupta,52,Female,O+,9383614547
588,Sahil Reddy,54,Female,A+,9284898049
589,Rohan Patel,27,Female,A+,9524979220
590,Arjun Kapoor,21,Female,AB+,9499905152
591,Rahul Mehta,37,Female,AB+,9627872109
592,Sneha Kapoor,26,Female,O-,9931109347
593,Arjun Gupta,44,Male,B-,9574289591
594,Karan Patel,49,Female,A+,9653266624
595,Anjali Verma,37,Female,B+,9938073130
596,Rahul Singh,30,Male,A+,9367888133
597,Priya Reddy,21,Female,B-,9394181098
598,Divya Reddy,50,Female,A-,9831405402
599,Rahul Kapoor,41,Female,O-,9290679038
600,Kavya Mehta,40,Male,AB+,9904190892
601,Aman Gupta,19,Female,A+,9274920492
602,Karan Kapoor,59,Male,B-,9388926290
603,Riya Sharma,18,Female,B+,9795109916
604,Anjali Sharma,32,Female,AB+,9865299271
605,Rohan Patel,42,Female,O-,9370581558
606,Karan Reddy,37,Female,A-,9107889398
607,Divya Gupta,37,Male,O-,9168544512
608,Arjun Gupta,58,Female,AB+,9380404354
609,Pooja Kapoor,27,Male,A+,9964823687
610,Sahil Mehta,26,Male,O-,9417403063
611,Rohan Patel,43,Female,A+,9726016935
612,Karan Mehta,32,Female,AB-,9644725181
613,Pooja Singh,60,Male,AB+,9204800493
614,Kavya Singh,34,Male,AB-,9802693852
615,Aman Kapoor,40,Male,AB+,9551478978
616,Arjun Mehta,34,Female,O-,9226466892
617,Kavya Sharma,58,Male,O-,9308889819
618,Sneha Patel,51,Female,O+,9158048598
619,Vikram Singh,30,Female,O+,9711392447
620,Aditya Singh,38,Male,A-,9623535947
621,Arjun Singh,38,Male,A+,9585388459
622,Rohan Kapoor,28,Male,O-,9943113786
623,Aman Singh,57,Female,O+,9533140455
624,Riya Reddy,42,Male,A+,9673144707
625,Karan Mehta,18,Female,B-,9119237294
626,Rahul Kapoor,32,Female,AB+,9238438399
627,Sneha Patel,50,Female,B+,9170101400
628,Priya Gupta,36,Female,AB-,9565644493
629,Vikram Mehta,49,Female,B-,9277042316
630,Sahil Sharma,32,Male,B+,9326763783
631,Rahul Singh,25,Female,A+,9502859804
632,Rohan Sharma,56,Male,A-,9801762883
633,Rahul Sharma,25,Female,O-,9508294370
634,Sneha Gupta,48,Male,B-,9846456758
635,Rahul Gupta,44,Male,AB+,9768724016
636,Vikram Patel,24,Male,AB+,9222420042
637,Sneha Reddy,30,Male,AB+,9992815061
638,Karan Mehta,44,Female,B+,9142311558
639,Kavya Kapoor,48,Female,B-,9102939907
640,Rahul Verma,25,Female,B+,9196725534
641,Aman Verma,34,Male,O-,9417851397
642,Rohan Reddy,21,Male,B+,9142353230
643,Pooja Mehta,38,Female,A-,9202003827
644,Priya Sharma,26,Male,AB-,9483892122
645,Aditya Gupta,23,Female,AB-,9296354549
646,Sneha Patel,43,Female,AB+,9997335002
647,Sahil Reddy,44,Male,A-,9242283221
648,Priya Singh,24,Female,O-,9961425250
649,Aditya Singh,57,Female,AB-,9756441105
650,Rahul Singh,48,Female,A-,9541613113
651,Aditya Sharma,22,Female,AB-,9113271672
652,Neha Mehta,51,Male,O+,9810509206
653,Neha Reddy,40,Female,B+,9987380851
654,Priya Sharma,59,Male,O-,9632398698
655,Anjali Verma,49,Female,B-,9455295629
656,Rohan Sharma,50,Male,O+,9533015368
657,Neha Verma,47,Female,O-,9194510603
658,Kavya Reddy,38,Male,O-,9900194244
659,Rahul Verma,43,Female,A+,9698214865
660,Rahul Verma,56,Female,B-,9802867083
661,Aditya Mehta,41,Male,B-,9587972689
662,Arjun Reddy,60,Female,O-,9222431652
663,Sneha Kapoor,18,Female,AB-,9991081037
664,Pooja Mehta,24,Male,B+,9628734252
665,Vikram Patel,24,Female,B-,9301373196
666,Sneha Patel,31,Female,B-,9869645166
667,Arjun Verma,44,Male,A-,9929084565
668,Aditya Reddy,60,Male,O-,9104657489
669,Priya Patel,55,Female,B+,9842833609
670,Anjali Singh,24,Female,AB-,9641284117
671,Sahil Patel,56,Male,AB+,9527209652
672,Arjun Gupta,46,Male,B+,9543182078
673,Pooja Mehta,53,Male,B-,9325177291
674,Pooja Mehta,26,Male,AB-,9862735437
675,Sneha Mehta,53,Female,O+,9823963430
676,Pooja Patel,18,Male,A+,9508956386
677,Vikram Sharma,60,Male,B-,9386665729
678,Anjali Gupta,34,Male,A+,9841520570
679,Pooja Kapoor,52,Male,AB-,9974053994
680,Aditya Verma,57,Male,O+,9355116198
681,Pooja Sharma,42,Female,O+,9946228305
682,Arjun Sharma,18,Female,B-,9766323040
683,Aditya Kapoor,58,Female,B-,9933381221
684,Karan Gupta,46,Male,A-,9300764570
685,Anjali Verma,42,Male,O+,9399694490
686,Rohan Singh,28,Female,A+,9454939091
687,Aditya Singh,20,Male,AB-,9740895381
688,Priya Gupta,49,Female,A-,9941847352
689,Arjun Kapoor,29,Male,B+,9546602768
690,Sahil Verma,40,Male,B-,9812249975
691,Arjun Mehta,41,Female,B-,9908157894
692,Kavya Sharma,25,Female,O-,9358071565
693,Neha Sharma,38,Female,A-,9514331133
694,Rohan Gupta,19,Female,O-,9622702576
695,Priya Gupta,59,Male,AB-,9651790232
696,Aman Verma,28,Male,A-,9326324885
697,Karan Patel,24,Male,O+,9794239754
698,Aman Singh,19,Female,AB-,9140680121
699,Aman Verma,21,Male,AB+,9699238353
700,Aman Kapoor,34,Female,O+,9584392493
701,Sahil Patel,38,Male,O+,9822949013
702,Sneha Sharma,59,Male,A+,9852566344
703,Aman Mehta,50,Male,AB+,9944918740
704,Pooja Verma,36,Female,O+,9524249629
705,Rahul Reddy,28,Male,B+,9901820909
706,Sahil Gupta,58,Male,AB+,9827233573
707,Divya Sharma,53,Male,A-,9144853569
708,Rahul Patel,52,Male,AB+,9325542573
709,Divya Kapoor,44,Male,B+,9297560682
710,Neha Gupta,30,Male,B+,9820457041
711,Priya Reddy,59,Male,AB+,9821216549
712,Aman Gupta,24,Male,O-,9455248480
713,Divya Singh,60,Male,A-,9406163675
714,Aman Kapoor,38,Female,O-,9452558912
715,Pooja Singh,54,Female,AB-,9559891563
716,Anjali Sharma,38,Male,B-,9864717990
717,Riya Gupta,41,Male,AB-,9615346649
718,Aditya Reddy,40,Female,O-,9692353117
719,Sneha Singh,59,Male,AB+,9987387141
720,Vikram Kapoor,34,Male,A-,9120004122
721,Rahul Patel,55,Male,A+,9692269551
722,Rohan Reddy,59,Male,AB-,9521441892
723,Neha Gupta,26,Female,A-,9526044822
724,Divya Sharma,60,Male,B+,9913043828
725,Vikram Reddy,28,Male,B+,9890187877
726,Kavya Mehta,20,Male,O-,9348839570
727,Aman Gupta,41,Male,A+,9817888322
728,Karan Mehta,42,Female,O-,9149861842
729,Priya Mehta,24,Female,AB+,9721300772
730,Anjali Patel,59,Female,AB-,9731015334
731,Aman Gupta,42,Male,O+,9478921345
732,Divya Reddy,48,Male,B+,9572337634
733,Anjali Kapoor,22,Female,B-,9261319410
734,Anjali Singh,41,Male,B-,9545188049
735,Arjun Verma,48,Female,O-,9326241647
736,Anjali Patel,19,Male,A+,9237315592
737,Anjali Singh,58,Male,B+,9160035062
738,Anjali Gupta,29,Female,A+,9872608028
739,Pooja Verma,31,Female,O-,9617187507
740,Anjali Kapoor,44,Male,B+,9769168506
741,Rohan Singh,39,Female,A-,9346760672
742,Sahil Patel,26,Male,A+,9317270101
743,Riya Singh,56,Male,B+,9610960640
744,Priya Verma,23,Female,B+,9747975975
745,Rahul Patel,51,Female,AB-,9146641502
746,Riya Kapoor,48,Female,AB-,9732485566
747,Sneha Patel,26,Female,O-,9922334721
748,Neha Verma,36,Female,AB+,9302959775
749,Rahul Sharma,54,Male,A+,9502685267
750,Karan Mehta,44,Female,A-,9266192234
751,Riya Gupta,34,Female,AB-,9757001875
752,Rohan Patel,31,Female,O-,9291898710
753,Divya Reddy,34,Female,AB-,9931284997
754,Sahil Singh,60,Male,B-,9579527597
755,Anjali Verma,31,Female,AB-,9959910144
756,Priya Singh,42,Male,A-,9983963824
757,Vikram Reddy,56,Female,A-,9168805869
758,Rohan Kapoor,41,Male,A+,9877920274
759,Sahil Patel,57,Female,A+,9930655747
760,Anjali Reddy,46,Male,B-,9805324063
761,Pooja Kapoor,20,Male,B+,9823728171
762,Priya Mehta,33,Male,B+,9193246752
763,Rohan Patel,40,Female,O+,9729298787
764,Karan Sharma,22,Male,AB+,9879685499
765,Divya Mehta,35,Male,B-,9588293766
766,Sahil Sharma,34,Male,O+,9643569021
767,Sneha Verma,50,Female,AB-,9225637455
768,Rohan Gupta,46,Female,O-,9926745981
769,Neha Mehta,47,Female,A+,9617511527
770,Sneha Gupta,22,Female,B-,9826829775
771,Neha Mehta,44,Female,A+,9852498189
772,Rohan Kapoor,36,Male,O+,9823377624
773,Arjun Verma,53,Male,O-,9437018334
774,Divya Kapoor,54,Female,B+,9901179178
775,Karan Reddy,30,Male,B-,9384976854
776,Karan Kapoor,30,Male,AB-,9267498965
777,Sneha Verma,23,Female,A+,9920600973
778,Priya Reddy,41,Female,O-,9716885481
779,Rohan Reddy,29,Female,O+,9338470307
780,Vikram Sharma,51,Female,O-,9680645164
781,Priya Mehta,43,Male,O-,9229244346
782,Aditya Mehta,18,Male,B-,9507407714
783,Sneha Mehta,41,Female,B+,9689015467
784,Rohan Kapoor,35,Female,AB-,9492908067
785,Anjali Reddy,45,Male,O+,9852384450
786,Divya Mehta,43,Female,O-,9293154584
787,Vikram Kapoor,24,Female,B-,9696291839
788,Riya Patel,30,Male,B+,9607865951
789,Rahul Singh,44,Female,B+,9777157408
790,Arjun Reddy,37,Female,A+,9527780790
791,Sneha Singh,21,Male,AB+,9611680307
792,Sneha Reddy,39,Female,AB-,9486876247
793,Rohan Mehta,19,Female,A-,9476980538
794,Karan Singh,36,Female,AB-,9822835305
795,Kavya Reddy,23,Female,AB+,9597950004
796,Vikram Singh,58,Female,O+,9777824658
797,Sahil Verma,23,Male,AB-,9345047145
798,Arjun Mehta,59,Female,AB+,9750027161
799,Sahil Gupta,46,Female,O-,9544517369
800,Anjali Singh,19,Male,B-,9810841299
801,Rohan Verma,31,Male,O+,9210605413
802,Sneha Verma,48,Male,A+,9927783767
803,Sahil Verma,24,Female,B+,9190528528
804,Sahil Gupta,32,Male,AB+,9575839885
805,Vikram Singh,51,Male,A+,9137747372
806,Divya Mehta,48,Female,AB+,9688996003
807,Aditya Singh,52,Male,O-,9777582116
808,Riya Gupta,40,Female,B-,9964048388
809,Aman Reddy,37,Female,O+,9378965689
810,Vikram Gupta,18,Male,B+,9469243620
811,Pooja Reddy,52,Male,O-,9911182636
812,Kavya Gupta,18,Female,AB+,9741027901
813,Neha Sharma,53,Female,B-,9542098017
814,Riya Patel,33,Male,O+,9989516564
815,Sahil Kapoor,34,Male,O+,9771435478
816,Neha Gupta,36,Female,O+,9301864129
817,Aman Singh,26,Female,A-,9783858343
818,Aditya Reddy,35,Female,B-,9444288576
819,Rahul Singh,21,Male,B+,9209815321
820,Pooja Gupta,26,Female,A+,9349978373
821,Aman Singh,18,Female,B-,9467126134
822,Riya Gupta,49,Female,O-,9848328041
823,Priya Mehta,23,Male,A+,9386156035
824,Sahil Verma,52,Female,B+,9306364903
825,Rohan Patel,18,Male,B-,9513173592
826,Aditya Kapoor,20,Male,O-,9889546822
827,Sneha Kapoor,48,Female,AB+,9446886458
828,Anjali Sharma,53,Male,AB+,9616716343
829,Pooja Kapoor,41,Male,B-,9221256011
830,Neha Patel,38,Male,B+,9952970198
831,Rohan Verma,43,Male,A+,9145090037
832,Kavya Singh,41,Male,B-,9269327426
833,Kavya Verma,57,Female,A+,9164183056
834,Divya Singh,52,Male,B+,9623817304
835,Neha Mehta,53,Female,O-,9887255513
836,Karan Sharma,42,Female,B+,9369183038
837,Priya Reddy,46,Female,O-,9303770248
838,Anjali Mehta,38,Female,AB+,9992654825
839,Anjali Verma,51,Male,O-,9417476097
840,Rohan Mehta,47,Male,O+,9887759003
841,Anjali Sharma,57,Female,B-,9444342661
842,Aman Patel,30,Female,B+,9758245879
843,Pooja Mehta,44,Female,A-,9203354415
844,Aman Sharma,26,Male,A+,9316980704
845,Sneha Reddy,30,Male,A+,9713119661
846,Sahil Reddy,51,Female,A+,9493369637
847,Neha Verma,18,Male,O-,9993436624
848,Aman Reddy,58,Male,AB-,9699169292
849,Riya Mehta,21,Female,A+,9888448988
850,Aman Gupta,22,Male,A-,9208689641
851,Neha Patel,30,Male,B-,9712062546
852,Anjali Patel,24,Female,O-,9854357762
853,Riya Verma,28,Male,O+,9641909751
854,Arjun Singh,52,Female,AB-,9438395096
855,Arjun Mehta,44,Female,AB-,9753278884
856,Neha Kapoor,42,Female,AB-,9585764529
857,Aditya Patel,18,Male,AB+,9739695468
858,Rahul Singh,37,Male,AB+,9338249032
859,Karan Mehta,19,Female,B+,9201240032
860,Priya Reddy,40,Male,B+,9384528891
861,Divya Kapoor,32,Female,AB+,9198682372
862,Sahil Kapoor,22,Female,O-,9285652633
863,Kavya Verma,56,Female,A+,9884679098
864,Sahil Verma,21,Female,AB-,9977399222
865,Riya Patel,25,Male,A+,9780631093
866,Sahil Sharma,37,Male,AB-,9679745130
867,Vikram Mehta,50,Male,B+,9154245232
868,Sahil Reddy,56,Male,B-,9563787397
869,Pooja Patel,27,Male,AB-,9188632141
870,Kavya Sharma,53,Female,AB+,9191352864
871,Sahil Patel,26,Male,O-,9700539700
872,Karan Reddy,43,Male,B-,9360183853
873,Aman Gupta,45,Female,A-,9220828027
874,Riya Patel,41,Female,B-,9444390192
875,Divya Sharma,37,Male,AB-,9761662253
876,Aditya Singh,46,Male,B-,9314410364
877,Divya Singh,23,Male,A+,9360971128
878,Vikram Gupta,18,Female,A-,9427618008
879,Aditya Reddy,19,Female,B-,9894582888
880,Karan Kapoor,52,Female,O-,9768986243
881,Vikram Sharma,42,Male,AB+,9282879331
882,Priya Gupta,30,Female,A+,9599247875
883,Rahul Verma,42,Female,AB-,9215847550
884,Rahul Gupta,59,Female,B-,9508774805
885,Sneha Mehta,49,Male,B+,9313540619
886,Aditya Sharma,20,Male,AB+,9458167668
887,Kavya Patel,28,Male,AB-,9834773724
888,Divya Mehta,58,Female,B-,9638214657
889,Rohan Sharma,58,Female,O+,9974947794
890,Rahul Gupta,32,Male,AB-,9521815818
891,Vikram Verma,42,Male,O+,9358085454
892,Vikram Patel,37,Female,O-,9682219061
893,Vikram Kapoor,59,Male,B-,9248294102
894,Pooja Singh,45,Male,B+,9440908961
895,Aman Verma,29,Female,B+,9880695706
896,Rahul Mehta,44,Female,AB+,9575672443
897,Rohan Singh,30,Male,B+,9298370042
898,Rahul Gupta,56,Male,B-,9347940275
899,Rahul Mehta,23,Female,B+,9639366915
900,Kavya Mehta,29,Female,O-,9608789262
901,Vikram Singh,30,Male,A+,9538719265
902,Rahul Gupta,44,Male,B-,9913656416
903,Karan Verma,29,Female,O-,9838586956
904,Arjun Reddy,33,Female,O+,9933454210
905,Priya Patel,38,Female,A+,9659042709
906,Sneha Reddy,47,Male,B-,9656952733
907,Sahil Sharma,53,Female,A+,9303850254
908,Pooja Reddy,43,Female,AB+,9595367749
909,Anjali Patel,36,Male,B+,9597764108
910,Aditya Verma,50,Male,B+,9936156197
911,Vikram Patel,44,Female,O-,9126749178
912,Anjali Reddy,55,Male,O-,9196829676
913,Rohan Mehta,59,Male,A-,9197915848
914,Sneha Reddy,58,Female,A-,9662444547
915,Sahil Singh,42,Female,A+,9924913247
916,Anjali Mehta,54,Male,B+,9255270986
917,Anjali Sharma,44,Female,AB+,9884005207
918,Aditya Gupta,58,Male,A-,9241273318
919,Karan Sharma,57,Female,A+,9592463803
920,Kavya Reddy,52,Male,O-,9355419939
921,Karan Reddy,47,Female,O-,9185260383
922,Rahul Kapoor,53,Female,B-,9152526165
923,Anjali Singh,21,Female,A+,9256094585
924,Priya Gupta,39,Male,A+,9216917219
925,Riya Singh,28,Female,B+,9588915267
926,Divya Sharma,23,Female,AB-,9495748400
927,Sahil Verma,45,Male,AB+,9605535739
928,Vikram Verma,35,Female,O+,9663334583
929,Karan Kapoor,57,Male,A-,9713500721
930,Aman Reddy,56,Female,O+,9753741918
931,Arjun Gupta,51,Female,B+,9759588843
932,Kavya Reddy,49,Male,B-,9860839571
933,Pooja Kapoor,18,Male,A+,9599167150
934,Sneha Kapoor,57,Female,O+,9148846868
935,Arjun Mehta,53,Male,A+,9787858676
936,Karan Gupta,34,Male,AB+,9422427487
937,Arjun Sharma,25,Female,AB-,9525254727
938,Rahul Singh,30,Female,AB-,9822062338
939,Kavya Reddy,20,Male,O-,9266844758
940,Aditya Mehta,47,Female,A+,9996687959
941,Pooja Mehta,53,Male,B-,9719975993
942,Arjun Mehta,22,Male,AB+,9133471933
943,Arjun Patel,58,Male,O+,9301196574
944,Sneha Gupta,38,Male,AB+,9544389067
945,Aman Reddy,33,Female,O-,9990623169
946,Pooja Kapoor,51,Female,B+,9220507410
947,Divya Sharma,30,Male,O-,9643307666
948,Rahul Reddy,50,Male,B-,9465196671
949,Kavya Gupta,38,Male,A-,9982764505
950,Vikram Kapoor,20,Female,O+,9866305263
951,Sneha Sharma,37,Male,A-,9457867151
952,Aditya Sharma,24,Female,A+,9720150147
953,Pooja Kapoor,38,Male,B-,9407699378
954,Rohan Mehta,46,Male,AB+,9260331909
955,Anjali Gupta,25,Male,A-,9321810768
956,Divya Mehta,35,Male,AB+,9716416868
957,Neha Singh,22,Female,AB-,9680440242
958,Aditya Sharma,26,Male,O-,9825308245
959,Priya Verma,42,Male,A-,9557914110
960,Sahil Singh,56,Female,AB-,9435480597
961,Arjun Kapoor,60,Male,O-,9709659120
962,Vikram Verma,47,Male,O-,9433280534
963,Aditya Reddy,32,Male,B+,9762436526
964,Rohan Mehta,43,Male,AB-,9946944681
965,Arjun Reddy,49,Male,A-,9610386386
966,Sneha Mehta,48,Female,B+,9403071541
967,Divya Singh,50,Male,O+,9977840731
968,Sneha Mehta,53,Male,AB+,9672031195
969,Aditya Patel,55,Female,B-,9766659283
970,Neha Singh,48,Female,A-,9465839040
971,Karan Patel,45,Female,B-,9285849093
972,Aman Reddy,25,Female,AB-,9696020884
973,Sneha Reddy,29,Female,O+,9174740628
974,Sneha Patel,38,Female,A+,9197209076
975,Karan Singh,55,Male,B+,9809615999
976,Vikram Reddy,52,Female,O+,9760965579
977,Aditya Kapoor,31,Female,AB+,9712329631
978,Pooja Patel,40,Male,A+,9756583196
979,Sahil Singh,36,Male,AB-,9689360922
980,Priya Sharma,53,Female,A-,9403019866
981,Rahul Kapoor,45,Female,AB-,9864261139
982,Sahil Patel,42,Female,B-,9811340600
983,Anjali Reddy,26,Male,O+,9486856173
984,Riya Singh,36,Male,B+,9112458366
985,Aman Sharma,27,Female,O+,9245788098
986,Aman Singh,59,Female,O-,9947105447
987,Riya Singh,47,Female,O-,9513084285
988,Divya Kapoor,29,Female,A+,9720556736
989,Kavya Kapoor,50,Female,O+,9686441554
990,Divya Sharma,20,Female,AB-,9221509314
991,Kavya Verma,27,Female,O-,9655070355
992,Aman Verma,33,Female,A-,9834518883
993,Pooja Sharma,39,Male,O-,9587516124
994,Kavya Mehta,44,Female,AB+,9410535202
995,Anjali Sharma,56,Female,AB+,9165946817
996,Kavya Singh,54,Male,AB+,9968545231
997,Rahul Gupta,49,Male,B+,9642879692
998,Aman Gupta,34,Male,AB+,9395512122
999,Rohan Sharma,25,Male,B+,9807762976
1000,Aditya Mehta,29,Female,B-,9620677295
1001,Anjali Sharma,39,Male,B+,9739460592
1002,Vikram Reddy,44,Female,B-,9809386103
1003,Aditya Singh,31,Female,A+,9789622604
1004,Rohan Verma,21,Male,O-,9528148969
1005,Kavya Gupta,48,Male,O+,9833913230
1006,Sahil Reddy,34,Male,O+,9112737840
1007,Pooja Reddy,42,Female,A+,9204544138
1008,Divya Patel,57,Female,AB-,9390260461
1009,Rohan Verma,34,Female,O-,9930164576
1010,Neha Kapoor,51,Female,B+,9436370919
1011,Rahul Sharma,22,Male,O+,9204903246
1012,Sneha Reddy,40,Male,AB+,9370471388
1013,Karan Sharma,19,Male,A+,9737951442
1014,Karan Verma,25,Male,B+,9503682299
1015,Anjali Verma,29,Female,AB+,9601389735
1016,Aman Reddy,35,Female,AB-,9376313067
1017,Anjali Verma,35,Male,O+,9517245798
1018,Arjun Sharma,34,Female,B+,9573063629
1019,Aman Reddy,30,Female,B+,9793082286
1020,Kavya Verma,27,Female,B-,9759241286
1021,Sneha Reddy,34,Male,A+,9178296722
1022,Aman Gupta,46,Male,O-,9259831058
1023,Rahul Sharma,60,Female,AB+,9262787284
1024,Arjun Patel,54,Male,O-,9613398300
1025,Riya Patel,22,Male,A+,9512771985
1026,Kavya Verma,54,Female,AB-,9832115550
1027,Pooja Patel,21,Male,AB-,9674050611
1028,Arjun Verma,47,Female,B-,9289642463
1029,Priya Patel,60,Male,AB+,9847197907
1030,Sahil Verma,58,Female,O-,9191120392
1031,Aditya Kapoor,26,Male,B-,9127235036
1032,Neha Reddy,42,Male,AB+,9636531772
1033,Aditya Sharma,20,Female,A+,9462622584
1034,Priya Patel,25,Male,O-,9828080516
1035,Vikram Kapoor,22,Male,B+,9624946696
1036,Rahul Reddy,57,Male,B-,9853011714
1037,Vikram Sharma,29,Male,AB+,9981262028
1038,Sneha Reddy,57,Male,A-,9978106253
1039,Sneha Verma,49,Male,A-,9963775406
1040,Karan Patel,39,Female,AB-,9229710628
1041,Vikram Mehta,31,Male,B+,9460244389
1042,Aman Verma,35,Male,O+,9280443225
1043,Divya Singh,46,Male,A+,9243205892
1044,Sneha Patel,28,Male,O-,9186675240
1045,Rahul Sharma,29,Male,AB+,9546915228
1046,Kavya Singh,31,Male,AB+,9661660243
1047,Aditya Patel,33,Male,A+,9740242156
1048,Anjali Reddy,57,Male,AB+,9473504921
1049,Riya Sharma,53,Male,B-,9226173057
1050,Sneha Mehta,52,Male,O-,9927136912
1051,Karan Gupta,21,Male,A-,9955356664
1052,Vikram Reddy,49,Male,B+,9819560168
1053,Priya Sharma,59,Female,AB+,9325045286
1054,Riya Gupta,39,Female,A+,9212121299
1055,Priya Singh,28,Male,O-,9652873657
1056,Sneha Verma,33,Female,AB-,9549968984
1057,Karan Mehta,32,Male,AB-,9344579129
1058,Sneha Kapoor,44,Male,O+,9336934839
1059,Aman Reddy,55,Female,A+,9568006548
1060,Vikram Kapoor,57,Female,B+,9515892751
1061,Divya Singh,47,Male,AB-,9389582299
1062,Karan Mehta,26,Male,A+,9401296420
1063,Vikram Verma,47,Female,O+,9283826012
1064,Arjun Kapoor,36,Male,B+,9720753175
1065,Neha Verma,44,Female,B-,9735205122
1066,Kavya Reddy,35,Male,O+,9890466024
1067,Neha Kapoor,38,Female,B-,9735409949
1068,Vikram Sharma,44,Male,A+,9605359412
1069,Priya Patel,51,Female,O-,9969426488
1070,Sneha Reddy,49,Male,A-,9699670808
1071,Rahul Patel,31,Male,AB-,9417602552
1072,Neha Verma,19,Female,AB+,9273734464
1073,Aditya Sharma,47,Female,B+,9854985336
1074,Sahil Singh,41,Female,A+,9773563645
1075,Aman Patel,39,Male,AB+,9557309058
1076,Rohan Kapoor,23,Female,A+,9652694084
1077,Divya Sharma,25,Female,AB-,9599668842
1078,Priya Mehta,41,Male,A-,9702109541
1079,Karan Singh,39,Male,A-,9796899673
1080,Kavya Kapoor,32,Female,AB-,9387073305
1081,Riya Gupta,21,Male,AB-,9470684221
1082,Aditya Reddy,50,Male,O-,9862169097
1083,Pooja Reddy,57,Female,A-,9302243117
1084,Aditya Verma,23,Female,B+,9409637808
1085,Aman Verma,28,Female,A-,9848486223
1086,Vikram Reddy,27,Male,A+,9414788293
1087,Riya Singh,48,Female,O+,9576591102
1088,Rahul Gupta,30,Male,A+,9961129245
1089,Neha Mehta,44,Female,AB-,9621997861
1090,Aditya Reddy,37,Male,AB+,9284401329
1091,Rohan Kapoor,48,Female,AB+,9926512485
1092,Priya Singh,40,Female,O-,9278630985
1093,Anjali Gupta,29,Male,B+,9273145929
1094,Neha Verma,20,Female,B+,9573400575
1095,Rohan Mehta,29,Male,A+,9814632395
1096,Arjun Mehta,27,Female,O-,9679677338
1097,Anjali Gupta,25,Male,O+,9636244827
1098,Vikram Reddy,38,Male,A+,9892952947
1099,Arjun Gupta,48,Female,B+,9958538383
1100,Aditya Mehta,25,Female,A+,9249704623
1101,Sneha Gupta,19,Female,B-,9578859534
1102,Divya Verma,38,Male,B-,9726454737
1103,Neha Gupta,30,Male,A-,9678115797
1104,Aditya Verma,50,Female,B-,9626633172
1105,Arjun Sharma,60,Female,O+,9258855742
1106,Riya Mehta,42,Female,A+,9405641007
1107,Divya Mehta,37,Female,A-,9331600910
1108,Aditya Patel,46,Female,B+,9965084562
1109,Riya Patel,26,Male,B+,9323106146
1110,Pooja Reddy,51,Female,A-,9734236627
1111,Sahil Verma,18,Female,AB+,9545081036
1112,Anjali Reddy,54,Male,B-,9299722870
1113,Sahil Gupta,53,Female,A+,9983473934
1114,Pooja Gupta,49,Female,B-,9128819242
1115,Rahul Singh,34,Female,O-,9233333957
1116,Pooja Patel,29,Female,B-,9130539998
1117,Sneha Gupta,49,Male,AB-,9723914616
1118,Kavya Patel,34,Female,A-,9500722831
1119,Rahul Gupta,28,Male,B+,9443254980
1120,Aditya Singh,40,Male,A+,9392777562
1121,Divya Patel,58,Female,A+,9411230727
1122,Pooja Verma,50,Male,B+,9921078969
1123,Sneha Singh,52,Female,AB-,9987793353
1124,Pooja Gupta,41,Male,AB-,9984027553
1125,Vikram Sharma,26,Female,AB-,9936238554
1126,Kavya Patel,39,Male,A-,9333942807
1127,Vikram Kapoor,30,Male,O+,9594448830
1128,Aman Verma,26,Male,O-,9473887547
1129,Pooja Mehta,26,Female,AB-,9284906027
1130,Pooja Sharma,25,Male,B+,9845439079
1131,Vikram Kapoor,37,Male,B-,9239820778
1132,Aman Patel,25,Male,A+,9931819535
1133,Kavya Patel,20,Male,A-,9135210907
1134,Priya Reddy,25,Female,A+,9171132564
1135,Pooja Sharma,24,Male,B-,9730933965
1136,Karan Singh,60,Female,A+,9197473548
1137,Vikram Gupta,55,Female,AB-,9272397121
1138,Neha Verma,24,Male,B-,9868596889
1139,Karan Gupta,28,Male,A-,9329797269
1140,Kavya Mehta,55,Male,O-,9823192710
1141,Sneha Singh,40,Female,O+,9330074958
1142,Neha Patel,25,Female,A-,9600258136
1143,Sneha Singh,49,Female,AB+,9698216060
1144,Priya Verma,38,Female,A-,9513155580
1145,Pooja Reddy,56,Female,O-,9342529746
1146,Riya Gupta,45,Male,A-,9961609527
1147,Kavya Mehta,29,Male,O-,9821657025
1148,Sneha Patel,46,Male,A-,9253939747
1149,Sahil Patel,55,Male,B+,9169482279
1150,Divya Kapoor,39,Male,O+,9231814874
1151,Neha Patel,49,Female,AB+,9912074097
1152,Sahil Mehta,48,Female,O-,9649127152
1153,Rohan Singh,47,Male,A-,9369176186
1154,Kavya Reddy,32,Male,A+,9206948323
1155,Priya Verma,49,Male,B+,9510849034
1156,Arjun Singh,37,Male,A-,9809829892
1157,Kavya Reddy,30,Female,O-,9626402312
1158,Rohan Mehta,52,Male,A+,9562145358
1159,Sneha Patel,46,Female,O+,9575191040
1160,Aditya Sharma,20,Male,AB+,9858125303
1161,Anjali Reddy,45,Male,AB+,9868501922
1162,Sahil Reddy,25,Female,O-,9611005607
1163,Anjali Sharma,43,Female,O-,9734629857
1164,Sahil Mehta,36,Female,A+,9130222592
1165,Priya Singh,41,Female,A+,9921620818
1166,Arjun Patel,24,Female,AB-,9483718906
1167,Riya Mehta,21,Male,B-,9351923547
1168,Pooja Verma,22,Female,A-,9462489075
1169,Anjali Sharma,52,Female,A+,9594897685
1170,Riya Patel,35,Male,O-,9731348637
1171,Rahul Mehta,42,Female,AB-,9714758692
1172,Sneha Reddy,24,Male,AB-,9633361273
1173,Arjun Singh,57,Female,AB-,9568141917
1174,Karan Reddy,58,Male,B-,9408545686
1175,Rohan Sharma,37,Female,B-,9770629385
1176,Aman Verma,55,Female,AB+,9172230370
1177,Kavya Patel,31,Female,A-,9799582326
1178,Pooja Gupta,45,Female,B-,9544866541
1179,Sahil Gupta,57,Female,B+,9119975163
1180,Anjali Reddy,31,Female,AB+,9784968212
1181,Riya Sharma,51,Male,AB-,9596591297
1182,Vikram Kapoor,27,Female,O+,9540513606
1183,Arjun Verma,58,Male,O+,9386619011
1184,Pooja Singh,34,Male,O+,9356069631
1185,Sneha Singh,30,Male,B-,9955820291
1186,Pooja Reddy,49,Female,O+,9794627259
1187,Priya Kapoor,28,Female,B+,9131290846
1188,Rohan Gupta,60,Male,A+,9875750551
1189,Kavya Sharma,21,Male,AB-,9745962806
1190,Pooja Verma,44,Female,A-,9526162812
1191,Vikram Kapoor,25,Male,AB+,9633060309
1192,Aman Kapoor,56,Male,AB-,9453568052
1193,Sahil Kapoor,45,Male,B+,9214690674
1194,Anjali Kapoor,35,Female,O+,9373058902
1195,Priya Reddy,52,Female,A-,9439828493
1196,Riya Reddy,33,Female,B+,9489766149
1197,Kavya Mehta,37,Male,A+,9893978083
1198,Priya Kapoor,34,Female,AB+,9786066323
1199,Divya Verma,52,Male,O-,9517117581
1200,Rahul Patel,34,Female,A-,9983375690
1201,Neha Gupta,31,Male,O-,9777909802
1202,Arjun Patel,20,Female,A-,9983901883
1203,Kavya Reddy,44,Female,O+,9980727404
1204,Sneha Singh,34,Male,AB-,9551906293
1205,Arjun Reddy,19,Male,B+,9776625216
1206,Aditya Singh,18,Female,B-,9774627988
1207,Pooja Mehta,54,Male,A-,9269460558
1208,Neha Singh,56,Female,AB-,9584783589
1209,Kavya Singh,34,Male,AB-,9958487371
1210,Pooja Kapoor,23,Female,AB-,9295302103
1211,Sahil Patel,54,Male,A+,9124663947
1212,Neha Verma,47,Male,AB+,9852973431
1213,Anjali Sharma,43,Female,AB+,9260257262
1214,Aman Mehta,28,Male,A+,9871573078
1215,Riya Reddy,49,Male,B-,9866183203
1216,Karan Kapoor,35,Female,O-,9510248318
1217,Vikram Patel,31,Male,AB+,9880296841
1218,Karan Patel,29,Female,B+,9130894901
1219,Pooja Gupta,33,Female,B-,9496895499
1220,Aditya Verma,18,Female,B+,9447082726
1221,Sahil Kapoor,42,Female,AB+,9178442874
1222,Sneha Sharma,21,Female,B-,9605659835
1223,Divya Sharma,18,Female,O+,9424814794
1224,Sahil Mehta,26,Male,B+,9379486036
1225,Anjali Reddy,39,Female,B+,9196258788
1226,Arjun Patel,27,Female,A-,9436370681
1227,Priya Singh,49,Female,AB-,9561801350
1228,Pooja Gupta,57,Female,AB-,9567910238
1229,Anjali Mehta,49,Male,O-,9157146895
1230,Karan Singh,21,Male,B+,9138506797
1231,Kavya Gupta,28,Female,O+,9224579869
1232,Kavya Sharma,46,Female,O-,9591515743
1233,Kavya Verma,27,Male,AB-,9200478487
1234,Karan Gupta,29,Male,AB+,9704782275
1235,Karan Sharma,51,Male,O+,9182501451
1236,Neha Reddy,24,Female,A+,9405244667
1237,Sneha Patel,41,Male,AB-,9265115158
1238,Rahul Verma,47,Female,O-,9774692904
1239,Rohan Sharma,39,Male,O-,9448875327
1240,Vikram Kapoor,21,Female,AB-,9957003791
1241,Priya Verma,53,Female,A-,9528271054
1242,Rohan Singh,33,Female,A-,9122024627
1243,Karan Singh,42,Female,AB+,9794891350
1244,Vikram Verma,37,Female,O+,9890155099
1245,Pooja Singh,40,Male,AB-,9650457212
1246,Karan Reddy,46,Female,O-,9388277560
1247,Riya Verma,45,Female,B+,9566117682
1248,Riya Verma,20,Female,O-,9826321952
1249,Neha Singh,49,Male,AB+,9602746506
1250,Riya Verma,48,Female,B+,9237213199
1251,Pooja Kapoor,51,Female,AB+,9710460550
1252,Priya Verma,20,Male,O+,9543476209
1253,Sneha Reddy,60,Female,AB-,9373654063
1254,Aman Sharma,25,Female,B+,9944151226
1255,Anjali Patel,20,Male,O+,9856320718
1256,Pooja Mehta,55,Female,O-,9769811308
1257,Rohan Mehta,29,Male,B+,9183988650
1258,Rohan Verma,45,Male,A+,9524056989
1259,Sneha Sharma,28,Female,O-,9842821285
1260,Sahil Reddy,37,Female,O+,9963976413
1261,Pooja Verma,26,Male,A+,9304872179
1262,Sneha Sharma,30,Male,B-,9616595652
1263,Vikram Kapoor,45,Male,A-,9423108101
1264,Aditya Singh,48,Female,A+,9225046707
1265,Anjali Singh,46,Female,O-,9121075163
1266,Aditya Kapoor,30,Female,O+,9154677276
1267,Arjun Sharma,24,Female,O+,9632257271
1268,Pooja Sharma,49,Female,O-,9651211504
1269,Kavya Kapoor,21,Male,O+,9718908388
1270,Arjun Verma,35,Female,O-,9225564160
1271,Kavya Mehta,46,Female,A+,9273230463
1272,Pooja Kapoor,48,Female,O-,9349218819
1273,Neha Mehta,56,Female,B+,9415029454
1274,Sahil Patel,59,Female,O-,9958730450
1275,Anjali Kapoor,36,Male,O-,9238616374
1276,Anjali Kapoor,28,Female,A-,9951995296
1277,Riya Reddy,37,Male,B-,9697892214
1278,Priya Sharma,40,Female,AB-,9826845755
1279,Anjali Singh,50,Male,A-,9462639932
1280,Riya Verma,57,Male,A-,9703422986
1281,Neha Reddy,34,Female,AB-,9926108943
1282,Priya Gupta,27,Male,A+,9570112847
1283,Aditya Verma,24,Male,A+,9644715382
1284,Sneha Singh,58,Male,B-,9488306318
1285,Anjali Gupta,46,Female,A-,9265673777
1286,Divya Mehta,26,Male,B-,9571489117
1287,Riya Sharma,33,Female,AB-,9407904380
1288,Anjali Verma,35,Female,O+,9487237904
1289,Neha Singh,51,Female,B-,9248170281
1290,Riya Patel,44,Female,AB-,9131957698
1291,Aditya Singh,18,Male,A-,9463250759
1292,Arjun Patel,28,Female,A+,9522266433
1293,Priya Singh,54,Male,AB+,9550225634
1294,Sahil Gupta,38,Female,A+,9987988308
1295,Rohan Singh,43,Female,B-,9684572202
1296,Aditya Mehta,59,Female,B-,9423766892
1297,Aman Sharma,52,Female,O+,9878568781
1298,Vikram Gupta,31,Male,AB+,9659780124
1299,Arjun Singh,19,Male,AB+,9359136615
1300,Pooja Patel,50,Male,A+,9500483008
1301,Rohan Mehta,25,Male,A-,9581827565
1302,Pooja Sharma,47,Female,B-,9964778305
1303,Neha Mehta,37,Female,B+,9867028521
1304,Sahil Kapoor,24,Female,B-,9983520645
1305,Divya Reddy,24,Male,O+,9989528128
1306,Riya Verma,23,Male,O+,9239654428
1307,Kavya Kapoor,46,Male,AB-,9826732562
1308,Sahil Patel,34,Female,O+,9572532253
1309,Kavya Patel,28,Male,B+,9620511813
1310,Aditya Singh,50,Male,B-,9589016791
1311,Kavya Sharma,28,Female,A-,9745963305
1312,Riya Verma,25,Female,AB+,9143252622
1313,Vikram Verma,41,Female,AB-,9425623035
1314,Pooja Reddy,19,Male,B+,9941590785
1315,Riya Sharma,37,Female,B-,9296577569
1316,Kavya Sharma,25,Female,A-,9147977445
1317,Riya Reddy,54,Female,O-,9462734944
1318,Sahil Reddy,56,Male,B+,9641986065
1319,Aditya Reddy,60,Female,B+,9881538189
1320,Arjun Verma,57,Female,O+,9349991019
1321,Sahil Mehta,52,Male,O-,9890180346
1322,Rohan Verma,28,Male,AB+,9702416787
1323,Sneha Verma,30,Male,B-,9905906132
1324,Kavya Sharma,25,Male,A+,9395238760
1325,Karan Kapoor,55,Female,A-,9966424854
1326,Arjun Patel,55,Male,O-,9124978726
1327,Arjun Patel,29,Female,A+,9666830194
1328,Arjun Patel,34,Male,A-,9206658672
1329,Anjali Gupta,27,Male,AB+,9924960882
1330,Aman Singh,37,Female,B+,9163258139
1331,Arjun Singh,19,Male,AB+,9518694576
1332,Sneha Mehta,27,Female,AB-,9376954836
1333,Sahil Verma,21,Male,B-,9907597452
1334,Neha Reddy,50,Female,A-,9389145285
1335,Priya Mehta,47,Female,A-,9619875201
1336,Rahul Patel,58,Male,A+,9389008064
1337,Sneha Kapoor,53,Male,AB+,9710149111
1338,Riya Reddy,23,Male,B+,9500833429
1339,Anjali Kapoor,52,Female,O-,9144873906
1340,Rahul Reddy,57,Female,B+,9100582968
1341,Priya Reddy,35,Female,O+,9477332115
1342,Karan Gupta,20,Male,A-,9422807973
1343,Aman Patel,25,Male,AB+,9563816134
1344,Karan Mehta,39,Female,O-,9393145630
1345,Neha Mehta,39,Male,O-,9743722897
1346,Arjun Sharma,26,Male,O-,9104594803
1347,Rahul Singh,44,Female,O+,9677814249
1348,Aman Verma,52,Male,O-,9821818558
1349,Sneha Mehta,42,Female,O+,9290252696
1350,Rahul Verma,47,Female,B-,9577361628
1351,Rahul Kapoor,19,Female,AB-,9305634099
1352,Aman Gupta,32,Male,O-,9489767404
1353,Priya Gupta,49,Male,A+,9310546588
1354,Sahil Verma,35,Female,B+,9692474835
1355,Karan Singh,22,Male,A-,9236827900
1356,Rohan Kapoor,51,Female,B-,9827974104
1357,Rahul Gupta,53,Female,A+,9558610676
1358,Priya Mehta,45,Female,AB+,9230693381
1359,Aditya Reddy,41,Male,B-,9150427906
1360,Rohan Patel,52,Female,AB-,9105539736
1361,Sahil Kapoor,39,Male,A+,9891824663
1362,Neha Patel,22,Male,B-,9276610744
1363,Arjun Gupta,22,Male,A+,9615360022
1364,Riya Sharma,55,Female,AB+,9365379125
1365,Sneha Reddy,33,Female,A+,9982222571
1366,Arjun Kapoor,22,Female,A-,9771463117
1367,Aditya Verma,23,Male,A+,9505224939
1368,Arjun Verma,26,Male,O-,9158829061
1369,Pooja Patel,22,Male,A+,9700498762
1370,Priya Gupta,42,Female,A-,9762822951
1371,Riya Kapoor,56,Male,O-,9512230991
1372,Aditya Patel,57,Male,AB-,9798921553
1373,Rahul Reddy,51,Female,B-,9215971195
1374,Sneha Sharma,56,Male,B-,9715481841
1375,Vikram Gupta,40,Female,O-,9878058056
1376,Aditya Singh,33,Male,A+,9164951915
1377,Vikram Gupta,55,Female,AB-,9434135828
1378,Vikram Singh,48,Female,AB-,9412527533
1379,Divya Sharma,51,Male,A+,9354892732
1380,Priya Patel,40,Male,B-,9787790466
1381,Karan Verma,39,Male,O-,9846016035
1382,Aditya Mehta,55,Female,AB+,9549570641
1383,Arjun Singh,24,Female,A+,9632501508
1384,Neha Sharma,58,Male,B-,9600940025
1385,Karan Kapoor,48,Female,O+,9320456760
1386,Sahil Singh,18,Female,A+,9179168231
1387,Divya Sharma,53,Male,B+,9412003832
1388,Aditya Kapoor,58,Female,A+,9131874640
1389,Karan Kapoor,36,Male,B-,9381319126
1390,Anjali Mehta,53,Male,B+,9310440043
1391,Rahul Singh,34,Male,A+,9992758059
1392,Vikram Patel,59,Male,AB-,9325740666
1393,Pooja Reddy,33,Female,AB-,9809645329
1394,Anjali Patel,22,Male,B+,9240439719
1395,Karan Kapoor,52,Female,AB-,9441397938
1396,Riya Kapoor,20,Male,AB+,9947813439
1397,Vikram Mehta,33,Male,AB+,9235783814
1398,Kavya Kapoor,23,Female,A-,9279780397
1399,Sahil Mehta,49,Female,B+,9445554954
1400,Divya Reddy,49,Female,AB+,9724044455
1401,Sahil Sharma,31,Male,B-,9585417273
1402,Neha Patel,31,Female,O+,9504889751
1403,Anjali Mehta,34,Male,B+,9907048786
1404,Aman Gupta,46,Female,B-,9727024665
1405,Priya Reddy,50,Female,O+,9584419915
1406,Aditya Patel,44,Female,O-,9440398089
1407,Rohan Patel,19,Male,O-,9351030533
1408,Rohan Verma,40,Male,AB+,9638765977
1409,Aman Gupta,32,Male,A-,9176610062
1410,Divya Sharma,52,Male,AB-,9311147379
1411,Arjun Gupta,37,Female,B-,9857678011
1412,Vikram Gupta,18,Female,AB+,9982947411
1413,Divya Patel,43,Male,O-,9802324900
1414,Vikram Patel,32,Male,B-,9609424194
1415,Neha Reddy,47,Female,A-,9436161542
1416,Karan Patel,44,Male,O-,9583153682
1417,Rahul Mehta,26,Male,AB+,9892212155
1418,Rahul Reddy,60,Female,AB-,9342118734
1419,Riya Patel,43,Female,AB-,9730238228
1420,Rahul Sharma,26,Male,AB-,9710090318
1421,Sahil Patel,31,Female,A-,9673904893
1422,Sahil Kapoor,48,Male,AB-,9711512082
1423,Aditya Gupta,23,Male,A-,9824652824
1424,Anjali Sharma,56,Female,A+,9300459123
1425,Karan Verma,42,Female,B-,9350224182
1426,Pooja Verma,47,Male,AB-,9656769159
1427,Rahul Singh,38,Female,O+,9268615534
1428,Sneha Singh,52,Female,O-,9897943460
1429,Aman Patel,31,Male,B-,9432599234
1430,Riya Reddy,28,Female,B-,9639528440
1431,Aditya Gupta,30,Male,B+,9578600641
1432,Aman Patel,56,Male,AB-,9711205057
1433,Kavya Reddy,47,Male,A-,9409142921
1434,Aditya Mehta,37,Female,B+,9545659507
1435,Neha Singh,57,Female,O-,9513030888
1436,Anjali Verma,43,Male,B-,9269578434
1437,Rohan Gupta,60,Male,B-,9629878254
1438,Riya Verma,41,Male,A-,9641589839
1439,Arjun Patel,46,Male,AB+,9322664095
1440,Priya Reddy,19,Male,O-,9509262673
1441,Arjun Patel,30,Female,A+,9111529159
1442,Rohan Verma,26,Female,O-,9620506264
1443,Aditya Verma,23,Male,O-,9250598472
1444,Kavya Gupta,28,Male,A+,9751749006
1445,Sneha Singh,36,Male,O+,9280875434
1446,Aman Sharma,35,Male,O-,9484492979
1447,Anjali Kapoor,20,Male,O-,9848121420
1448,Priya Verma,42,Female,O-,9156280451
1449,Rahul Sharma,42,Male,B-,9502271684
1450,Neha Kapoor,23,Male,O+,9130004816
1451,Rahul Mehta,30,Male,B-,9203726898
1452,Anjali Singh,20,Female,A-,9975769961
1453,Arjun Mehta,53,Male,B-,9681648793
1454,Sahil Patel,25,Male,B-,9213693493
1455,Divya Mehta,29,Male,O+,9802219378
1456,Arjun Sharma,42,Male,O-,9336326489
1457,Aman Gupta,59,Female,A+,9172296393
1458,Karan Patel,37,Female,A-,9865074455
1459,Anjali Gupta,24,Female,O+,9827890137
1460,Vikram Mehta,29,Female,O-,9172492053
1461,Arjun Sharma,56,Female,O+,9648710142
1462,Neha Sharma,32,Male,A-,9431623688
1463,Neha Patel,33,Male,A+,9247699074
1464,Divya Reddy,36,Male,B+,9503456280
1465,Karan Sharma,33,Female,AB-,9244168106
1466,Rohan Mehta,59,Male,O+,9795834545
1467,Pooja Sharma,32,Female,AB-,9360112864
1468,Karan Sharma,60,Male,B-,9752902881
1469,Sahil Mehta,29,Female,A+,9169381847
1470,Kavya Verma,30,Male,B+,9319279570
1471,Vikram Verma,29,Male,B-,9644842967
1472,Aman Patel,47,Female,B+,9874891307
1473,Karan Kapoor,45,Male,B-,9425451904
1474,Pooja Reddy,58,Male,AB+,9938902595
1475,Kavya Verma,41,Female,O+,9280137414
1476,Kavya Reddy,45,Female,B+,9980042882
1477,Kavya Sharma,42,Female,A-,9914817912
1478,Pooja Singh,53,Male,AB+,9508505332
1479,Aditya Gupta,47,Female,O+,9703595485
1480,Kavya Verma,39,Male,O-,9310148188
1481,Vikram Kapoor,18,Male,AB-,9627694409
1482,Sahil Patel,43,Female,O+,9625651506
1483,Pooja Verma,44,Male,A-,9513203779
1484,Anjali Kapoor,45,Female,AB-,9647187810
1485,Kavya Mehta,21,Female,O+,9889913429
1486,Neha Kapoor,48,Male,AB-,9777480312
1487,Rahul Singh,34,Female,B+,9373039702
1488,Neha Singh,18,Male,A-,9791916428
1489,Sahil Patel,55,Male,B-,9554133586
1490,Anjali Patel,34,Female,O+,9729298362
1491,Pooja Patel,23,Male,AB-,9974270684
1492,Vikram Gupta,31,Female,AB+,9106893748
1493,Anjali Reddy,18,Male,A-,9930800901
1494,Riya Patel,59,Female,O+,9283217137
1495,Anjali Mehta,29,Male,B-,9622344543
1496,Anjali Verma,46,Male,B+,9315758599
1497,Priya Singh,30,Female,O+,9573230717
1498,Sneha Singh,23,Female,A-,9505582930
1499,Sneha Gupta,22,Female,A+,9728833035
1500,Neha Reddy,49,Male,A+,9165558887
1501,Rohan Sharma,60,Male,A-,9326632925
1502,Rahul Patel,56,Female,O-,9608128757
1503,Arjun Patel,39,Female,AB-,9438468976
1504,Neha Mehta,60,Female,O+,9755851235
1505,Priya Mehta,39,Male,A+,9590613316
1506,Sahil Singh,19,Male,AB+,9850829666
1507,Neha Mehta,46,Female,O+,9808914863
1508,Karan Sharma,58,Female,A+,9780513199
1509,Divya Sharma,38,Female,B-,9751506825
1510,Kavya Patel,57,Male,AB-,9559471600
1511,Kavya Verma,42,Female,B-,9864441874
1512,Vikram Sharma,26,Female,A-,9423570275
1513,Aditya Singh,46,Male,O-,9811506547
1514,Neha Kapoor,31,Male,A-,9213247207
1515,Riya Sharma,28,Female,O+,9922817838
1516,Rohan Kapoor,34,Female,A-,9814549811
1517,Vikram Reddy,23,Female,B-,9718445315
1518,Aman Mehta,42,Female,O+,9968063877
1519,Neha Kapoor,34,Male,AB+,9194146051
1520,Sneha Verma,39,Male,A-,9715081202
1521,Divya Singh,38,Female,A+,9433717796
1522,Priya Kapoor,42,Female,AB-,9928156566
1523,Divya Singh,51,Male,A-,9524463440
1524,Rahul Reddy,38,Male,AB+,9998954542
1525,Neha Reddy,47,Male,AB+,9256627467
1526,Priya Mehta,37,Male,AB+,9858622505
1527,Kavya Kapoor,49,Female,O+,9163149529
1528,Arjun Singh,31,Male,A+,9933265252
1529,Anjali Reddy,43,Female,B+,9123156124
1530,Sahil Mehta,45,Female,AB-,9913589412
1531,Sahil Patel,22,Female,AB+,9847728374
1532,Karan Patel,24,Male,AB-,9907739980
1533,Priya Gupta,47,Male,B+,9574469049
1534,Kavya Gupta,27,Male,B-,9963673300
1535,Karan Sharma,41,Male,B+,9504323699
1536,Riya Singh,21,Male,AB-,9608820219
1537,Anjali Sharma,25,Female,O+,9259524021
1538,Sahil Kapoor,20,Male,B-,9525894109
1539,Kavya Gupta,56,Male,O+,9933062386
1540,Aman Reddy,59,Female,AB+,9778962940
1541,Aditya Mehta,18,Male,A-,9188730795
1542,Sneha Reddy,59,Male,A+,9730125913
1543,Kavya Gupta,24,Male,O+,9619896637
1544,Riya Gupta,54,Male,A-,9449211955
1545,Aman Singh,43,Male,O+,9697065054
1546,Kavya Verma,51,Male,B-,9807147441
1547,Sneha Singh,56,Male,A+,9695627964
1548,Aditya Mehta,25,Male,B+,9717488556
1549,Karan Singh,23,Female,A+,9190849645
1550,Sneha Gupta,41,Male,O+,9806693247
1551,Rahul Kapoor,37,Male,AB+,9807765063
1552,Aditya Singh,54,Female,AB-,9661208623
1553,Divya Kapoor,24,Male,B-,9139442778
1554,Karan Singh,37,Male,B+,9746547614
1555,Karan Mehta,35,Male,O+,9179843077
1556,Rohan Gupta,42,Male,O+,9589699023
1557,Aman Gupta,45,Male,B-,9175761121
1558,Rohan Kapoor,41,Male,O+,9982151713
1559,Vikram Mehta,45,Female,A+,9748118351
1560,Neha Verma,35,Male,A-,9834417124
1561,Riya Verma,39,Male,AB-,9458111525
1562,Rohan Singh,32,Female,A+,9205169636
1563,Sahil Kapoor,42,Male,A-,9288690127
1564,Pooja Reddy,24,Female,AB+,9692213965
1565,Rohan Verma,21,Male,AB-,9907317394
1566,Sahil Singh,40,Female,O-,9735988157
1567,Vikram Gupta,18,Male,B+,9253190896
1568,Sahil Gupta,21,Female,B-,9828228055
1569,Riya Reddy,29,Female,AB-,9957349455
1570,Aditya Gupta,35,Female,B-,9427692509
1571,Aman Gupta,44,Female,A-,9781478902
1572,Aman Verma,33,Male,B+,9717741601
1573,Priya Verma,36,Female,A+,9555248944
1574,Vikram Reddy,49,Male,O+,9114925291
1575,Karan Sharma,45,Female,B-,9893477119
1576,Priya Reddy,28,Male,B+,9180662039
1577,Divya Singh,50,Female,A+,9553894576
1578,Kavya Patel,28,Female,A-,9462880277
1579,Neha Verma,36,Female,O-,9415191584
1580,Rohan Kapoor,18,Female,B-,9427297760
1581,Priya Reddy,57,Female,A+,9481977286
1582,Rahul Reddy,39,Female,AB-,9215066535
1583,Rahul Mehta,29,Female,AB-,9109517365
1584,Sneha Patel,49,Male,A-,9668113106
1585,Vikram Patel,25,Female,A+,9267106867
1586,Rohan Kapoor,48,Female,AB-,9421354770
1587,Divya Patel,29,Female,A-,9570913175
1588,Aditya Singh,26,Female,O+,9106238675
1589,Divya Kapoor,25,Male,AB+,9143224883
1590,Vikram Patel,44,Female,A+,9272134233
1591,Karan Reddy,60,Female,A-,9552147658
1592,Kavya Reddy,26,Female,O+,9638866546
1593,Sahil Singh,25,Male,A+,9235424162
1594,Vikram Mehta,50,Male,B-,9155877346
1595,Arjun Patel,56,Male,O+,9615603325
1596,Pooja Gupta,49,Male,O+,9366016633
1597,Vikram Singh,33,Female,A-,9382963966
1598,Neha Patel,30,Female,A-,9852848656
1599,Anjali Kapoor,55,Male,B-,9229344220
1600,Vikram Patel,20,Female,B-,9256990862
1601,Riya Sharma,57,Male,A-,9154712904
1602,Sahil Patel,51,Female,B-,9338129347
1603,Arjun Patel,48,Male,O+,9791353541
1604,Priya Gupta,25,Female,AB-,9401244644
1605,Divya Patel,33,Female,A+,9295154324
1606,Priya Sharma,21,Female,B-,9406356763
1607,Kavya Gupta,56,Male,O+,9298470441
1608,Rohan Reddy,41,Female,AB+,9219752941
1609,Sneha Sharma,53,Male,AB-,9487157696
1610,Divya Mehta,33,Female,B-,9727416570
1611,Sahil Verma,24,Male,A-,9144065218
1612,Karan Kapoor,46,Male,A-,9686884756
1613,Arjun Gupta,48,Male,B+,9147041818
1614,Vikram Kapoor,44,Female,AB-,9493002419
1615,Aditya Verma,45,Male,O-,9549902288
1616,Rahul Singh,56,Female,B+,9411016150
1617,Priya Sharma,30,Female,O-,9835184880
1618,Aman Singh,46,Female,O+,9530408291
1619,Rohan Kapoor,29,Male,B+,9714070777
1620,Karan Sharma,50,Female,AB+,9425784189
1621,Neha Gupta,35,Male,B+,9340442416
1622,Priya Kapoor,36,Male,B+,9398238769
1623,Vikram Gupta,21,Male,B-,9674016932
1624,Sneha Sharma,59,Female,AB-,9448495661
1625,Aman Gupta,26,Female,AB+,9448574326
1626,Priya Sharma,40,Male,AB+,9289768018
1627,Rohan Sharma,52,Male,O+,9802038944
1628,Rohan Kapoor,46,Male,AB-,9388614830
1629,Karan Patel,27,Female,B-,9883629560
1630,Riya Mehta,27,Female,A-,9632534262
1631,Anjali Reddy,29,Male,B-,9711665601
1632,Kavya Singh,59,Female,A+,9433032005
1633,Anjali Singh,43,Male,A-,9254105962
1634,Aman Patel,33,Female,O+,9207625222
1635,Vikram Sharma,56,Male,O+,9512306716
1636,Rahul Verma,18,Male,B+,9366656201
1637,Aman Gupta,27,Male,A+,9950039201
1638,Sneha Mehta,23,Male,B+,9615852872
1639,Aditya Singh,37,Female,O-,9265907416
1640,Neha Sharma,52,Female,A-,9122771813
1641,Priya Verma,52,Female,A-,9649264485
1642,Riya Singh,18,Male,A+,9343390582
1643,Riya Patel,27,Female,AB+,9342541514
1644,Sahil Verma,49,Male,A-,9341079154
1645,Sneha Gupta,40,Male,AB-,9227078391
1646,Divya Verma,20,Male,B+,9560236245
1647,Arjun Singh,45,Male,AB+,9770829086
1648,Pooja Mehta,24,Female,O-,9810529016
1649,Divya Gupta,22,Male,B+,9935139248
1650,Vikram Mehta,27,Female,O-,9874536641
1651,Kavya Verma,25,Female,AB+,9255335893
1652,Aman Mehta,26,Male,O+,9478610768
1653,Arjun Reddy,45,Female,O+,9746116751
1654,Arjun Singh,59,Male,O+,9549532354
1655,Kavya Reddy,52,Male,O+,9189783843
1656,Riya Kapoor,23,Male,AB-,9103077456
1657,Karan Sharma,41,Female,B+,9218279447
1658,Priya Mehta,41,Male,AB+,9594338271
1659,Vikram Patel,33,Male,B-,9159985299
1660,Vikram Verma,27,Female,A+,9847455877
1661,Riya Mehta,21,Male,A-,9611988629
1662,Anjali Sharma,27,Female,B+,9184818406
1663,Neha Verma,18,Female,B+,9921861006
1664,Anjali Reddy,26,Female,O-,9541868896
1665,Arjun Reddy,59,Male,AB+,9219471674
1666,Vikram Sharma,59,Male,B+,9640409345
1667,Anjali Sharma,43,Female,O-,9695020389
1668,Rohan Gupta,32,Female,B+,9391872669
1669,Aman Patel,26,Male,O+,9764693183
1670,Priya Kapoor,43,Male,A-,9976773369
1671,Aditya Reddy,38,Female,O+,9276978815
1672,Priya Mehta,59,Female,B-,9389823921
1673,Sneha Verma,22,Female,AB-,9130117239
1674,Neha Gupta,28,Male,A-,9327536570
1675,Rahul Gupta,30,Male,A+,9358057908
1676,Rohan Verma,54,Male,O-,9149049185
1677,Priya Mehta,23,Female,A+,9482949103
1678,Pooja Patel,50,Male,AB-,9907284495
1679,Sahil Mehta,26,Male,AB-,9537320614
1680,Sneha Singh,19,Female,O-,9729597320
1681,Priya Gupta,28,Male,O-,9184560232
1682,Aman Kapoor,31,Male,B+,9638610283
1683,Arjun Reddy,26,Female,AB+,9486886743
1684,Riya Sharma,42,Male,B-,9755398297
1685,Aman Singh,54,Female,A-,9964068440
1686,Rahul Singh,37,Male,O-,9201054129
1687,Aditya Mehta,28,Female,B+,9173188220
1688,Rohan Mehta,40,Male,A-,9292399773
1689,Aditya Gupta,48,Female,O-,9798245804
1690,Vikram Verma,54,Female,A+,9490275201
1691,Pooja Patel,44,Male,O-,9493775775
1692,Arjun Mehta,23,Female,O-,9382208801
1693,Priya Sharma,33,Male,B+,9213062876
1694,Pooja Patel,28,Female,A-,9339499503
1695,Sahil Reddy,60,Male,AB-,9600232257
1696,Aditya Reddy,24,Male,B+,9885740776
1697,Sneha Patel,45,Male,O+,9452961097
1698,Aman Mehta,39,Female,B-,9854079040
1699,Kavya Verma,35,Female,A+,9685276505
1700,Vikram Reddy,27,Male,AB-,9710107160
1701,Priya Patel,21,Female,O+,9608319729
1702,Karan Sharma,31,Male,O+,9389747205
1703,Rohan Singh,23,Male,A-,9394103594
1704,Sahil Verma,37,Female,O+,9663476031
1705,Karan Gupta,29,Male,A-,9560135199
1706,Arjun Gupta,28,Male,AB-,9550006352
1707,Kavya Reddy,52,Male,O+,9480848036
1708,Sahil Sharma,53,Male,A-,9876018644
1709,Vikram Mehta,60,Female,A+,9261604880
1710,Aditya Singh,49,Female,A-,9950421579
1711,Riya Gupta,51,Male,O-,9993901688
1712,Vikram Reddy,58,Male,A+,9334744410
1713,Karan Patel,52,Male,O+,9332075643
1714,Divya Kapoor,30,Male,AB-,9973788925
1715,Divya Sharma,37,Female,A-,9850886071
1716,Kavya Reddy,44,Female,AB-,9478183919
1717,Riya Mehta,25,Male,O-,9559973407
1718,Divya Singh,53,Male,O+,9509700501
1719,Pooja Patel,58,Female,A-,9194081451
1720,Sneha Verma,59,Male,O+,9211320508
1721,Kavya Verma,58,Female,A+,9816948303
1722,Pooja Patel,31,Male,O-,9692263008
1723,Sahil Verma,30,Female,A-,9476468571
1724,Aditya Patel,59,Female,A+,9502270717
1725,Neha Gupta,35,Female,AB+,9953773144
1726,Riya Kapoor,18,Female,A+,9116675283
1727,Rahul Singh,41,Female,AB-,9282977147
1728,Riya Kapoor,53,Female,B-,9761712635
1729,Sahil Sharma,54,Female,B+,9783193458
1730,Sahil Singh,43,Female,B+,9569656381
1731,Neha Verma,26,Male,O+,9918375813
1732,Rohan Singh,38,Male,A-,9200142973
1733,Rahul Patel,18,Male,A+,9763679437
1734,Aman Patel,19,Male,O-,9781249622
1735,Divya Singh,33,Male,AB+,9308122210
1736,Neha Patel,34,Male,AB+,9189081236
1737,Vikram Sharma,58,Male,A-,9592984637
1738,Sneha Verma,27,Female,AB+,9293947512
1739,Aman Verma,49,Female,B-,9519618529
1740,Sneha Reddy,19,Female,A-,9622393962
1741,Aman Kapoor,44,Female,AB-,9780271060
1742,Aditya Singh,29,Female,A+,9291853043
1743,Priya Verma,39,Female,O-,9759282845
1744,Rahul Singh,51,Female,A-,9307066016
1745,Rahul Sharma,51,Male,B-,9491798349
1746,Sneha Kapoor,19,Female,B+,9335966701
1747,Aman Singh,35,Female,O-,9313929666
1748,Aman Mehta,53,Female,O-,9900146448
1749,Kavya Patel,50,Female,B-,9368535479
1750,Anjali Kapoor,35,Female,A-,9726687538
1751,Pooja Singh,31,Female,O+,9579058222
1752,Riya Gupta,38,Male,O+,9560971296
1753,Karan Mehta,41,Male,O-,9279582303
1754,Priya Gupta,55,Female,AB+,9748413461
1755,Divya Patel,19,Male,B+,9968700591
1756,Arjun Patel,29,Female,B-,9177996967
1757,Karan Mehta,41,Male,AB-,9231322499
1758,Rahul Mehta,18,Female,B-,9599694347
1759,Arjun Kapoor,53,Male,O+,9404528485
1760,Karan Kapoor,24,Female,A-,9716272392
1761,Riya Patel,38,Female,B-,9311659485
1762,Priya Reddy,49,Male,AB+,9552300048
1763,Sneha Verma,46,Male,AB-,9734765132
1764,Sahil Kapoor,54,Male,AB+,9119151578
1765,Rahul Reddy,36,Male,O+,9139737245
1766,Priya Mehta,59,Male,A-,9604544144
1767,Sneha Patel,37,Female,AB-,9909270926
1768,Divya Patel,23,Female,O-,9757474294
1769,Priya Patel,37,Female,O-,9788372804
1770,Sneha Mehta,57,Male,A+,9340533586
1771,Priya Sharma,26,Male,AB-,9838303704
1772,Riya Kapoor,28,Male,B-,9877504949
1773,Divya Sharma,21,Female,A+,9218974458
1774,Priya Gupta,22,Female,AB-,9838650189
1775,Sahil Gupta,28,Male,O-,9228743171
1776,Vikram Mehta,27,Female,O-,9817512141
1777,Sneha Kapoor,54,Female,O-,9401229255
1778,Arjun Reddy,32,Male,AB+,9922703112
1779,Pooja Verma,40,Male,B-,9846213062
1780,Aman Verma,49,Male,B-,9114096192
1781,Karan Reddy,42,Male,O-,9212243302
1782,Arjun Kapoor,55,Female,AB+,9860759357
1783,Aditya Singh,50,Male,B+,9334918423
1784,Divya Patel,46,Male,O+,9301813509
1785,Aman Gupta,45,Male,AB+,9719809183
1786,Sneha Singh,47,Male,A-,9358301976
1787,Rahul Reddy,29,Female,A+,9611359256
1788,Aditya Mehta,34,Male,A-,9480562915
1789,Riya Kapoor,27,Female,O+,9645382272
1790,Arjun Sharma,46,Female,AB-,9205025589
1791,Priya Patel,45,Male,AB+,9303419997
1792,Sahil Singh,56,Female,O-,9656862328
1793,Riya Verma,21,Male,A-,9335771983
1794,Sneha Sharma,20,Female,B-,9170703095
1795,Sneha Gupta,32,Female,O+,9521857514
1796,Sneha Kapoor,35,Female,B-,9283641115
1797,Karan Mehta,58,Female,AB+,9888000093
1798,Rahul Verma,29,Female,AB+,9838665572
1799,Neha Singh,38,Male,B+,9301159530
1800,Arjun Reddy,27,Male,O-,9559478337
1801,Arjun Sharma,29,Female,A-,9283314690
1802,Rahul Mehta,48,Male,O-,9365762299
1803,Kavya Verma,20,Male,AB+,9996959935
1804,Neha Singh,27,Male,A-,9427064197
1805,Arjun Reddy,49,Female,AB+,9812329472
1806,Kavya Gupta,41,Female,A+,9988789236
1807,Divya Gupta,39,Female,A-,9389843121
1808,Rahul Singh,44,Male,B+,9483534575
1809,Kavya Sharma,33,Female,AB-,9321521012
1810,Aman Kapoor,42,Male,AB+,9773119846
1811,Aditya Singh,34,Female,AB-,9519861213
1812,Riya Gupta,37,Male,A+,9722251460
1813,Arjun Verma,45,Female,AB-,9409676308
1814,Sneha Sharma,49,Male,O-,9831135579
1815,Vikram Gupta,57,Male,AB+,9622724151
1816,Pooja Verma,36,Male,O-,9143973049
1817,Karan Gupta,55,Male,A+,9624379478
1818,Pooja Sharma,45,Female,A+,9153581912
1819,Rohan Singh,40,Female,B+,9192345517
1820,Rohan Singh,30,Female,A-,9412246300
1821,Neha Sharma,48,Female,B-,9971565999
1822,Sahil Patel,43,Male,AB+,9424294358
1823,Pooja Singh,54,Female,AB-,9963696719
1824,Vikram Kapoor,34,Male,O+,9695157666
1825,Karan Gupta,37,Male,AB+,9708452006
1826,Aditya Singh,42,Female,A-,9248831220
1827,Aditya Mehta,50,Female,O-,9480312748
1828,Riya Reddy,44,Female,O-,9129713590
1829,Rahul Patel,23,Male,AB+,9944639764
1830,Neha Mehta,26,Female,A+,9911034961
1831,Sahil Singh,43,Male,O-,9967026146
1832,Aditya Sharma,23,Male,AB+,9991092205
1833,Sneha Mehta,56,Male,AB+,9707140225
1834,Kavya Mehta,21,Male,A+,9853307914
1835,Karan Singh,53,Female,B+,9340028091
1836,Vikram Gupta,58,Female,A+,9965024499
1837,Kavya Kapoor,25,Male,A+,9264306208
1838,Sneha Verma,33,Male,A-,9608677033
1839,Rahul Reddy,43,Male,A-,9422040680
1840,Sahil Reddy,29,Male,AB+,9982279119
1841,Aditya Verma,45,Male,A+,9298435923
1842,Vikram Kapoor,28,Male,O-,9615896943
1843,Pooja Gupta,60,Male,O-,9494427683
1844,Rohan Patel,42,Male,O-,9547639171
1845,Riya Singh,19,Female,O-,9228984845
1846,Sahil Sharma,55,Female,A+,9792680500
1847,Aditya Sharma,40,Male,O-,9876385418
1848,Aditya Gupta,18,Male,AB-,9637556364
1849,Karan Mehta,51,Female,A-,9287364597
1850,Vikram Mehta,59,Female,O-,9867921183
1851,Vikram Gupta,60,Female,O+,9173240044
1852,Kavya Patel,48,Male,AB+,9238965779
1853,Arjun Mehta,55,Female,A-,9148242293
1854,Rahul Singh,32,Male,A-,9636263065
1855,Kavya Mehta,32,Male,A-,9286828884
1856,Sahil Patel,22,Male,AB+,9222915292
1857,Priya Verma,46,Female,A+,9286903279
1858,Arjun Verma,46,Female,B+,9784398502
1859,Karan Kapoor,34,Female,O-,9828908586
1860,Pooja Kapoor,30,Male,O+,9973851617
1861,Karan Verma,55,Male,A-,9318548994
1862,Priya Singh,18,Female,O+,9710202137
1863,Aman Mehta,29,Female,B-,9993785820
1864,Karan Reddy,50,Female,AB-,9764086621
1865,Vikram Verma,46,Female,O+,9176093527
1866,Aman Singh,51,Female,A-,9226623684
1867,Kavya Kapoor,21,Female,A+,9340540953
1868,Pooja Gupta,42,Female,A-,9269504123
1869,Pooja Verma,52,Male,AB+,9528658847
1870,Priya Verma,55,Female,AB+,9801402523
1871,Rahul Sharma,39,Female,AB+,9315297327
1872,Arjun Sharma,26,Male,AB-,9913192746
1873,Priya Kapoor,49,Male,A+,9471348848
1874,Aman Patel,56,Male,O-,9239011533
1875,Rohan Sharma,24,Male,O-,9645035932
1876,Neha Mehta,45,Female,AB+,9939174153
1877,Neha Sharma,21,Male,B-,9673577697
1878,Sahil Sharma,53,Female,A+,9515672079
1879,Sahil Singh,45,Female,B+,9224106516
1880,Aditya Verma,57,Female,AB-,9307925415
1881,Arjun Patel,21,Male,B-,9198774376
1882,Rahul Kapoor,44,Male,A+,9872908197
1883,Neha Sharma,22,Male,B+,9570895797
1884,Anjali Gupta,20,Female,AB-,9746839271
1885,Neha Gupta,26,Female,O-,9806074176
1886,Sneha Verma,22,Female,B-,9631426239
1887,Divya Kapoor,46,Female,AB-,9937742398
1888,Pooja Kapoor,51,Female,AB-,9849226645
1889,Sneha Sharma,40,Female,O-,9400415621
1890,Aman Kapoor,26,Male,AB+,9896618355
1891,Karan Verma,41,Male,A+,9352442333
1892,Aditya Reddy,25,Male,O-,9997997354
1893,Priya Gupta,35,Female,AB+,9988176527
1894,Aman Sharma,35,Female,O-,9120238394
1895,Sahil Patel,46,Male,B-,9320901039
1896,Sahil Singh,60,Female,A+,9809101742
1897,Pooja Sharma,52,Female,A+,9753628836
1898,Arjun Gupta,55,Male,A+,9466086242
1899,Riya Patel,21,Male,O+,9874486781
1900,Pooja Reddy,45,Female,B+,9509408129
1901,Aditya Kapoor,26,Male,AB+,9958552071
1902,Rohan Verma,33,Female,AB-,9713195311
1903,Sahil Sharma,57,Female,AB-,9388565269
1904,Rohan Sharma,25,Female,AB-,9997647951
1905,Rohan Singh,46,Female,A+,9572348993
1906,Rahul Reddy,20,Female,O-,9784771439
1907,Karan Patel,21,Male,AB+,9755335262
1908,Arjun Verma,46,Male,AB+,9922461359
1909,Rohan Gupta,49,Male,B-,9776820465
1910,Anjali Singh,57,Male,B-,9222886061
1911,Priya Singh,50,Female,AB-,9145049471
1912,Neha Sharma,34,Female,A+,9828413374
1913,Divya Sharma,56,Male,AB-,9217213399
1914,Aman Reddy,25,Male,B-,9319088340
1915,Arjun Mehta,44,Male,O+,9403959566
1916,Vikram Sharma,38,Female,AB-,9538234355
1917,Divya Reddy,36,Male,B+,9495461170
1918,Priya Gupta,27,Male,A-,9753949729
1919,Karan Mehta,50,Female,B-,9506776019
1920,Priya Singh,42,Male,A-,9341142023
1921,Riya Verma,51,Male,O-,9807808200
1922,Aditya Mehta,35,Male,AB+,9362024137
1923,Arjun Kapoor,41,Male,O-,9438031505
1924,Sneha Kapoor,46,Female,AB-,9185566562
1925,Divya Verma,41,Female,B-,9582075743
1926,Riya Kapoor,54,Male,B-,9933704981
1927,Riya Singh,56,Female,AB+,9466759935
1928,Arjun Verma,23,Female,O+,9642267469
1929,Vikram Reddy,58,Male,B+,9587553038
1930,Rahul Singh,25,Female,AB+,9921959627
1931,Kavya Verma,26,Male,O+,9125696210
1932,Anjali Verma,26,Female,O+,9480499500
1933,Vikram Patel,53,Male,AB+,9227807104
1934,Arjun Mehta,55,Male,A+,9179191190
1935,Divya Reddy,44,Female,O+,9410623993
1936,Kavya Singh,29,Male,B+,9108357729
1937,Divya Reddy,42,Female,O-,9289754082
1938,Rohan Verma,32,Female,O-,9466271821
1939,Priya Patel,36,Female,O+,9442070847
1940,Anjali Singh,20,Male,O+,9657416931
1941,Rohan Mehta,24,Female,AB+,9277803636
1942,Sneha Gupta,35,Female,O-,9340124494
1943,Anjali Gupta,34,Male,B-,9815577646
1944,Rohan Singh,24,Male,B+,9129366972
1945,Priya Kapoor,18,Female,A+,9496791155
1946,Karan Gupta,54,Female,O-,9659305565
1947,Vikram Reddy,36,Male,A-,9577176303
1948,Riya Reddy,34,Male,B+,9398986845
1949,Sneha Mehta,23,Male,A-,9451237825
1950,Anjali Mehta,35,Female,A-,9858931242
1951,Arjun Sharma,45,Male,AB-,9304439023
1952,Priya Sharma,33,Male,O+,9336448207
1953,Karan Gupta,48,Male,O-,9973885029
1954,Anjali Reddy,36,Male,B-,9781582020
1955,Aman Kapoor,18,Female,A-,9626875613
1956,Karan Singh,20,Female,AB+,9758609850
1957,Sahil Kapoor,58,Female,O-,9669578311
1958,Anjali Gupta,32,Female,O-,9626371835
1959,Sahil Mehta,52,Female,AB+,9203651774
1960,Neha Verma,36,Female,O-,9449392419
1961,Neha Patel,25,Male,O-,9442422662
1962,Sneha Mehta,43,Male,O-,9964062922
1963,Kavya Patel,33,Male,AB+,9387681056
1964,Karan Patel,21,Female,AB+,9824763969
1965,Arjun Patel,43,Female,O+,9528078864
1966,Rohan Sharma,35,Female,B-,9464902095
1967,Priya Gupta,46,Female,B-,9714723307
1968,Anjali Kapoor,58,Male,AB-,9238743910
1969,Rahul Sharma,42,Male,AB-,9478709419
1970,Aman Sharma,51,Male,AB-,9674959397
1971,Karan Singh,52,Female,B-,9411586438
1972,Anjali Mehta,39,Female,B-,9693726794
1973,Neha Sharma,20,Male,A-,9638480797
1974,Sahil Reddy,20,Male,AB+,9423697125
1975,Rahul Kapoor,58,Male,A+,9392549808
1976,Sneha Patel,59,Female,B+,9978638515
1977,Rohan Verma,22,Male,O+,9121640386
1978,Rahul Singh,24,Female,B-,9992785957
1979,Pooja Mehta,45,Male,AB+,9394258670
1980,Aditya Kapoor,24,Female,O-,9504350473
1981,Pooja Patel,23,Male,O+,9702365149
1982,Rohan Reddy,36,Male,O+,9118481810
1983,Kavya Patel,41,Male,O-,9340583512
1984,Rahul Patel,32,Female,AB-,9611966881
1985,Sneha Gupta,39,Male,A-,9202423196
1986,Anjali Kapoor,49,Male,A-,9251752540
1987,Sahil Reddy,51,Male,A+,9923998576
1988,Kavya Gupta,44,Female,AB-,9995847952
1989,Vikram Sharma,38,Female,A+,9387918390
1990,Karan Reddy,52,Female,AB-,9800088933
1991,Neha Mehta,47,Female,A-,9212790003
1992,Riya Verma,42,Male,A+,9274046155
1993,Sneha Singh,30,Female,A-,9141942442
1994,Riya Reddy,28,Female,B+,9904225572
1995,Riya Patel,18,Female,A-,9567592441
1996,Pooja Gupta,51,Female,AB-,9705386785
1997,Anjali Singh,36,Male,AB-,9657679799
1998,Rohan Reddy,47,Male,AB-,9901831993
1999,Vikram Singh,51,Female,A+,9441114921
2000,Riya Singh,27,Female,A-,9106015564
2001,Pooja Kapoor,30,Male,O-,9455446264
2002,Sneha Sharma,57,Female,B+,9171695888
2003,Divya Kapoor,40,Male,B-,9394828690
2004,Pooja Patel,55,Female,AB-,9770552774
2005,Sahil Gupta,53,Male,A-,9736341420
2006,Vikram Verma,31,Female,B+,9382327116
2007,Sneha Singh,51,Female,AB-,9718105609
2008,Rohan Reddy,31,Male,A+,9941131677
2009,Neha Kapoor,23,Male,B+,9276972398
2010,Kavya Sharma,38,Male,A+,9247075710
2011,Aditya Patel,60,Female,AB-,9424869522
2012,Sneha Kapoor,53,Female,O+,9930989868
2013,Sahil Reddy,40,Female,AB-,9669819226
2014,Aman Kapoor,28,Female,B+,9569486359
2015,Aditya Reddy,34,Male,O+,9800178588
2016,Divya Singh,19,Female,O-,9927580907
2017,Divya Patel,31,Male,O+,9501800480
2018,Anjali Sharma,30,Female,AB-,9664790986
2019,Karan Sharma,55,Female,AB-,9201048210
2020,Divya Gupta,50,Male,AB+,9136000620
2021,Rohan Reddy,43,Male,AB+,9394391911
2022,Priya Sharma,48,Female,O-,9286585153
2023,Kavya Verma,20,Female,A+,9758118367
2024,Vikram Singh,26,Male,O+,9995569858
2025,Sneha Sharma,46,Male,AB-,9204663479
2026,Rohan Kapoor,59,Male,AB-,9999015602
2027,Arjun Singh,55,Female,A+,9813496434
2028,Sahil Patel,60,Male,A-,9307167679
2029,Vikram Gupta,23,Male,O-,9147790560
2030,Rohan Kapoor,50,Female,B+,9782147868
2031,Rahul Gupta,35,Female,A-,9466631819
2032,Aditya Verma,54,Female,A-,9224835032
2033,Aman Singh,23,Male,AB-,9734740899
2034,Rahul Singh,18,Male,AB-,9594296083
2035,Aman Kapoor,37,Male,B+,9433382948
2036,Priya Patel,36,Male,AB+,9250781347
2037,Arjun Patel,32,Male,AB+,9313915836
2038,Anjali Gupta,34,Female,AB+,9199226690
2039,Kavya Mehta,55,Female,AB-,9929326555
2040,Aditya Singh,20,Female,B+,9677618107
2041,Karan Patel,40,Female,B-,9467414224
2042,Rohan Verma,50,Male,AB+,9334349438
2043,Aditya Gupta,20,Male,B+,9610252663
2044,Vikram Reddy,55,Female,AB-,9705342814
2045,Sahil Sharma,38,Male,AB-,9108480736
2046,Anjali Patel,48,Female,AB-,9795657256
2047,Sneha Singh,40,Female,B+,9601266959
2048,Anjali Sharma,46,Female,O+,9884856806
2049,Sahil Reddy,33,Female,AB-,9745256477
2050,Arjun Reddy,43,Female,A+,9351580981
2051,Sneha Patel,45,Female,O+,9736810563
2052,Rahul Singh,50,Male,AB+,9740864045
2053,Karan Singh,26,Female,A+,9197064811
2054,Pooja Singh,40,Female,O+,9277534709
2055,Aditya Sharma,60,Male,B-,9284757079
2056,Pooja Gupta,23,Male,B-,9318315314
2057,Riya Verma,33,Male,AB-,9105309416
2058,Kavya Singh,40,Male,O-,9690374468
2059,Sahil Kapoor,48,Female,O-,9858302352
2060,Neha Verma,42,Male,AB-,9919312568
2061,Vikram Patel,38,Female,O+,9740958232
2062,Sahil Verma,40,Female,A+,9338042160
2063,Anjali Kapoor,41,Female,AB-,9638434202
2064,Rahul Patel,22,Male,B+,9636816895
2065,Karan Sharma,31,Female,O+,9199697311
2066,Arjun Patel,59,Male,O+,9261863973
2067,Pooja Gupta,42,Female,A+,9380267549
2068,Riya Singh,28,Female,A-,9599206945
2069,Aman Mehta,24,Female,A+,9272747645
2070,Arjun Singh,54,Female,O-,9112443230
2071,Kavya Patel,45,Male,AB+,9556320088
2072,Rohan Verma,56,Female,AB-,9938596152
2073,Kavya Mehta,52,Female,A-,9943418541
2074,Anjali Patel,52,Female,A-,9261477051
2075,Rahul Mehta,55,Female,B-,9652865676
2076,Aditya Patel,21,Female,AB+,9142782651
2077,Sneha Reddy,47,Female,A+,9743523776
2078,Divya Gupta,45,Female,AB+,9923381466
2079,Rahul Gupta,29,Female,AB-,9547815017
2080,Rahul Reddy,38,Female,A+,9739712731
2081,Sneha Mehta,20,Female,B-,9288155696
2082,Aman Verma,26,Male,O-,9562890681
2083,Rohan Mehta,47,Male,O-,9143637924
2084,Aman Mehta,41,Male,B+,9754288322
2085,Sneha Patel,50,Male,AB-,9783695518
2086,Pooja Patel,43,Male,B+,9901834996
2087,Rohan Verma,45,Male,B-,9712993971
2088,Rohan Gupta,57,Male,A+,9501833262
2089,Kavya Kapoor,45,Female,B+,9397269519
2090,Priya Patel,29,Female,AB+,9105423527
2091,Riya Kapoor,19,Female,B+,9395030606
2092,Rohan Reddy,56,Female,A-,9337644501
2093,Neha Sharma,38,Male,A-,9756471019
2094,Pooja Reddy,55,Female,AB-,9681386019
2095,Sahil Reddy,53,Male,AB-,9465712145
2096,Arjun Mehta,46,Male,O-,9897329706
2097,Kavya Kapoor,52,Male,O+,9374547837
2098,Sahil Sharma,60,Male,O-,9702718913
2099,Divya Verma,31,Female,AB+,9413342602
2100,Arjun Reddy,47,Male,B+,9770941214
2101,Anjali Mehta,54,Female,O+,9921348247
2102,Rahul Gupta,53,Female,B-,9502958483
2103,Vikram Patel,56,Male,A-,9524933004
2104,Karan Kapoor,25,Female,B+,9270851134
2105,Sahil Patel,40,Male,O+,9743438223
2106,Rohan Mehta,41,Male,AB-,9639345534
2107,Sahil Kapoor,43,Female,O-,9407394485
2108,Aditya Singh,29,Female,AB+,9103583486
2109,Arjun Reddy,59,Male,A-,9511622607
2110,Riya Patel,44,Male,A+,9764513013
2111,Neha Singh,57,Male,O+,9124517413
2112,Arjun Kapoor,28,Female,A-,9497602212
2113,Rahul Patel,53,Male,B+,9591525614
2114,Divya Kapoor,29,Female,B-,9446522472
2115,Vikram Gupta,22,Male,B-,9720195688
2116,Aditya Reddy,33,Female,B-,9955507623
2117,Anjali Reddy,50,Male,AB-,9271011192
2118,Neha Reddy,22,Male,A+,9832317261
2119,Riya Reddy,42,Male,O+,9379204274
2120,Sneha Sharma,46,Female,A+,9414566696
2121,Sahil Sharma,41,Female,O-,9560193439
2122,Sneha Verma,27,Female,A-,9875235388
2123,Anjali Mehta,44,Female,B+,9360992998
2124,Kavya Kapoor,34,Male,AB-,9789380446
2125,Aman Reddy,49,Male,AB+,9467695264
2126,Pooja Reddy,39,Female,AB+,9710133596
2127,Rohan Sharma,26,Male,AB+,9127853390
2128,Neha Mehta,54,Female,AB+,9429276598
2129,Anjali Gupta,48,Female,AB+,9265830066
2130,Vikram Singh,56,Female,O+,9376279955
2131,Neha Sharma,31,Female,B+,9727317312
2132,Rahul Gupta,41,Female,O-,9764066359
2133,Anjali Mehta,59,Male,AB-,9661929277
2134,Divya Patel,49,Male,O-,9288320743
2135,Kavya Patel,18,Male,AB-,9341404197
2136,Pooja Kapoor,32,Male,AB+,9753523546
2137,Sneha Kapoor,40,Female,O-,9711397169
2138,Rahul Kapoor,30,Female,A+,9527876691
2139,Sneha Mehta,50,Male,AB+,9694084681
2140,Aman Sharma,46,Male,B-,9374955292
2141,Anjali Kapoor,32,Female,B+,9143199628
2142,Rohan Gupta,23,Male,A-,9242323343
2143,Pooja Sharma,31,Male,B-,9728866304
2144,Kavya Reddy,24,Male,AB-,9948273358
2145,Aman Kapoor,48,Male,O-,9189535259
2146,Kavya Kapoor,24,Male,O-,9422080630
2147,Rahul Patel,25,Female,B-,9732366865
2148,Aditya Sharma,34,Female,AB+,9628930743
2149,Anjali Mehta,50,Female,AB+,9792863736
2150,Pooja Gupta,52,Male,AB-,9395588615
2151,Pooja Reddy,25,Male,O-,9106997884
2152,Arjun Reddy,49,Male,B+,9170393950
2153,Riya Gupta,24,Female,AB-,9784921630
2154,Anjali Kapoor,24,Male,B-,9429853852
2155,Pooja Mehta,51,Female,A-,9835240767
2156,Pooja Kapoor,54,Male,AB-,9267920042
2157,Karan Patel,28,Male,B+,9449697588
2158,Kavya Patel,35,Male,AB+,9606786457
2159,Pooja Mehta,27,Female,AB-,9880298529
2160,Divya Mehta,46,Female,O+,9704824173
2161,Sahil Patel,18,Female,A+,9538932531
2162,Divya Singh,47,Female,A+,9978893191
2163,Karan Kapoor,60,Female,AB+,9993945616
2164,Divya Sharma,38,Female,O+,9449701750
2165,Karan Kapoor,57,Female,AB+,9214712756
2166,Aman Kapoor,28,Female,O-,9874451303
2167,Kavya Sharma,60,Female,O-,9368270238
2168,Rohan Patel,21,Male,A+,9786796049
2169,Arjun Gupta,52,Female,O-,9405195367
2170,Sneha Reddy,26,Male,AB-,9932410732
2171,Riya Singh,27,Female,B-,9703267230
2172,Aman Reddy,33,Female,AB+,9697724623
2173,Pooja Sharma,26,Male,AB-,9487867336
2174,Aditya Kapoor,29,Female,O-,9344471988
2175,Aditya Mehta,39,Male,AB+,9374188326
2176,Rahul Singh,25,Female,O+,9525532451
2177,Kavya Sharma,51,Male,AB-,9117395980
2178,Riya Sharma,50,Female,O-,9403489287
2179,Arjun Verma,22,Male,A-,9670975568
2180,Anjali Verma,54,Female,B-,9907354368
2181,Aman Patel,35,Female,O-,9893427121
2182,Vikram Mehta,22,Male,AB-,9587529337
2183,Riya Sharma,43,Female,A+,9769681760
2184,Sahil Sharma,18,Male,AB-,9558648441
2185,Vikram Gupta,32,Female,O-,9801811295
2186,Karan Mehta,54,Male,B-,9929993843
2187,Vikram Kapoor,37,Male,A-,9128158333
2188,Priya Singh,52,Female,A-,9451608619
2189,Arjun Kapoor,60,Male,B-,9425268081
2190,Anjali Patel,35,Male,B-,9929299488
2191,Divya Sharma,26,Female,A-,9995669512
2192,Sahil Sharma,46,Male,O+,9152843440
2193,Aditya Reddy,43,Male,B-,9927837480
2194,Sahil Verma,23,Male,A-,9274894283
2195,Karan Verma,49,Female,AB-,9545740154
2196,Karan Kapoor,23,Female,O-,9374109680
2197,Sneha Reddy,19,Male,O+,9962656713
2198,Riya Patel,24,Female,AB-,9432840339
2199,Aman Patel,59,Female,B-,9852922731
2200,Aman Patel,48,Male,AB+,9883433291
2201,Arjun Sharma,27,Male,B+,9706212352
2202,Rahul Singh,51,Male,B+,9846325953
2203,Kavya Sharma,21,Male,AB+,9499114168
2204,Riya Singh,44,Male,B+,9656842161
2205,Vikram Singh,41,Male,B+,9132190917
2206,Kavya Kapoor,37,Female,AB-,9384736299
2207,Arjun Sharma,19,Female,A+,9605198031
2208,Priya Singh,44,Male,O+,9918730606
2209,Anjali Singh,24,Male,AB-,9339121961
2210,Aman Patel,22,Male,O-,9598681476
2211,Riya Reddy,26,Male,AB+,9611362533
2212,Kavya Gupta,26,Female,AB-,9758858259
2213,Sneha Reddy,49,Male,B+,9335483530
2214,Vikram Singh,32,Male,A-,9870160720
2215,Sahil Gupta,57,Male,B-,9342905531
2216,Rohan Singh,60,Female,AB-,9862851119
2217,Aditya Gupta,26,Female,O+,9502406970
2218,Vikram Sharma,42,Male,B-,9295606203
2219,Rahul Singh,58,Male,B-,9273822919
2220,Sahil Mehta,18,Female,O-,9469261714
2221,Karan Patel,46,Male,O-,9767129282
2222,Rohan Reddy,25,Female,AB-,9462124359
2223,Anjali Gupta,39,Female,O-,9812157199
2224,Sneha Mehta,51,Female,A-,9939617000
2225,Divya Patel,59,Male,B+,9201558281
2226,Neha Reddy,25,Male,AB+,9235612785
2227,Divya Gupta,46,Female,A-,9641942969
2228,Anjali Patel,50,Male,B+,9830761164
2229,Neha Sharma,30,Female,B+,9704391021
2230,Priya Mehta,52,Male,B+,9502086382
2231,Anjali Verma,28,Male,B+,9680702735
2232,Riya Kapoor,35,Male,O+,9418360616
2233,Sahil Patel,48,Female,AB-,9246157602
2234,Pooja Sharma,22,Female,AB+,9324148755
2235,Aman Sharma,44,Male,B+,9616396932
2236,Anjali Kapoor,43,Male,O+,9519832695
2237,Karan Kapoor,40,Male,B-,9396586682
2238,Vikram Patel,25,Male,B-,9576077104
2239,Vikram Gupta,38,Male,A-,9659011768
2240,Pooja Verma,58,Female,B-,9809122115
2241,Aditya Gupta,25,Female,B+,9175594355
2242,Arjun Gupta,20,Female,AB+,9221158422
2243,Aditya Patel,55,Male,O-,9914389724
2244,Pooja Kapoor,51,Male,A-,9885720569
2245,Divya Kapoor,60,Female,O+,9552769142
2246,Priya Verma,35,Female,AB+,9787479760
2247,Arjun Patel,60,Female,AB-,9189220818
2248,Rahul Verma,49,Male,O-,9337713697
2249,Riya Gupta,24,Female,O+,9751361677
2250,Sahil Sharma,56,Male,A-,9718073204
2251,Sneha Verma,33,Female,O+,9975404036
2252,Sahil Sharma,40,Female,O-,9715624421
2253,Priya Patel,58,Female,A+,9331970687
2254,Anjali Sharma,58,Female,A-,9413829870
2255,Riya Sharma,47,Female,AB-,9978716413
2256,Divya Mehta,33,Female,O-,9941501994
2257,Priya Mehta,47,Female,B+,9324821156
2258,Arjun Patel,40,Male,O-,9195422848
2259,Arjun Mehta,57,Male,AB-,9989791716
2260,Pooja Verma,23,Female,AB-,9767652370
2261,Kavya Singh,42,Male,AB+,9859560763
2262,Kavya Mehta,39,Female,AB-,9910429026
2263,Anjali Singh,38,Male,A-,9303785198
2264,Pooja Gupta,53,Male,O+,9764078159
2265,Aman Kapoor,23,Male,O+,9382791433
2266,Vikram Mehta,52,Female,O+,9242842323
2267,Sahil Verma,36,Male,AB-,9341403853
2268,Aditya Sharma,33,Male,AB+,9128302963
2269,Kavya Kapoor,32,Male,B-,9572828547
2270,Karan Singh,18,Female,B-,9122305856
2271,Kavya Reddy,44,Male,O+,9299778297
2272,Sahil Patel,34,Female,AB+,9563120635
2273,Divya Mehta,33,Female,AB-,9182721548
2274,Vikram Mehta,33,Male,A-,9942048319
2275,Kavya Mehta,24,Male,AB-,9870479048
2276,Neha Reddy,35,Male,O-,9764437822
2277,Aditya Reddy,55,Female,A-,9283976198
2278,Rahul Reddy,53,Male,AB-,9611773745
2279,Vikram Verma,40,Male,AB+,9711768303
2280,Rohan Sharma,56,Female,O+,9856148124
2281,Vikram Patel,31,Female,AB+,9678097976
2282,Pooja Mehta,32,Female,B+,9922808627
2283,Arjun Sharma,57,Male,AB-,9730767136
2284,Sneha Verma,57,Male,O+,9884239926
2285,Anjali Kapoor,33,Male,B+,9131662023
2286,Kavya Verma,39,Male,A-,9533314189
2287,Sahil Patel,42,Female,B+,9468610566
2288,Anjali Verma,37,Female,B+,9859417815
2289,Riya Gupta,49,Male,B+,9379715724
2290,Sahil Kapoor,32,Female,A-,9464771758
2291,Aditya Verma,51,Female,A+,9750858728
2292,Priya Sharma,41,Male,B+,9101856387
2293,Rahul Sharma,38,Female,AB+,9129692778
2294,Divya Verma,29,Male,O-,9295191987
2295,Karan Mehta,24,Male,AB-,9716311712
2296,Anjali Reddy,29,Male,O-,9132579118
2297,Priya Verma,37,Female,A-,9474793903
2298,Anjali Singh,24,Female,B-,9748006811
2299,Vikram Mehta,47,Female,O-,9224963823
2300,Aman Mehta,33,Female,B+,9357108928
2301,Kavya Kapoor,43,Male,AB-,9162947233
2302,Kavya Verma,51,Male,AB-,9666224316
2303,Sahil Kapoor,36,Female,B+,9580933864
2304,Karan Gupta,58,Female,O+,9567226752
2305,Sahil Verma,49,Male,O-,9212011137
2306,Arjun Reddy,57,Female,AB+,9634309614
2307,Pooja Sharma,51,Male,B-,9195764351
2308,Pooja Singh,59,Female,A+,9673691810
2309,Rahul Sharma,37,Female,B-,9477705443
2310,Priya Patel,50,Male,AB-,9831361407
2311,Priya Kapoor,24,Female,B+,9337905905
2312,Arjun Verma,31,Female,B-,9713262627
2313,Rahul Sharma,42,Male,A-,9411859380
2314,Rahul Kapoor,60,Female,B+,9518668865
2315,Neha Mehta,43,Male,B+,9252116381
2316,Neha Gupta,45,Female,B-,9801514571
2317,Rohan Patel,18,Female,O+,9504942146
2318,Rohan Kapoor,49,Female,A+,9772739082
2319,Sahil Sharma,46,Male,B-,9175724946
2320,Sneha Verma,28,Female,A-,9296879759
2321,Arjun Singh,34,Female,AB+,9675804885
2322,Pooja Gupta,54,Female,A-,9917106027
2323,Sneha Patel,30,Male,O-,9315594657
2324,Vikram Sharma,48,Female,A-,9219621956
2325,Neha Sharma,42,Male,A-,9918772601
2326,Aman Kapoor,45,Female,O-,9892793340
2327,Vikram Reddy,56,Male,B-,9925223433
2328,Karan Mehta,20,Male,B+,9466519073
2329,Rohan Singh,40,Female,B-,9791634879
2330,Priya Patel,42,Male,AB+,9642878064
2331,Aman Kapoor,29,Male,AB-,9806535237
2332,Aditya Sharma,46,Male,B-,9746027566
2333,Pooja Singh,27,Female,A+,9219578115
2334,Aman Patel,51,Male,B+,9877474293
2335,Arjun Mehta,20,Male,A-,9834779362
2336,Neha Sharma,42,Male,A+,9973710236
2337,Sahil Verma,32,Male,A-,9121252959
2338,Kavya Patel,36,Female,O-,9903233413
2339,Neha Reddy,57,Female,AB-,9783648813
2340,Aditya Reddy,27,Female,AB-,9340346197
2341,Vikram Gupta,58,Male,O+,9376178153
2342,Anjali Mehta,19,Female,AB+,9254601401
2343,Priya Reddy,44,Male,O+,9234243734
2344,Divya Kapoor,43,Female,O+,9594545663
2345,Aditya Reddy,42,Female,AB-,9462711422
2346,Arjun Patel,26,Male,B-,9332958281
2347,Karan Kapoor,60,Female,O-,9688631184
2348,Riya Mehta,59,Female,B-,9521797528
2349,Vikram Reddy,24,Female,AB+,9994306566
2350,Riya Sharma,30,Male,AB-,9692375927
2351,Anjali Patel,51,Female,B+,9575646523
2352,Rahul Kapoor,42,Male,AB+,9900981010
2353,Vikram Patel,54,Male,B+,9541618988
2354,Arjun Reddy,33,Male,O-,9439532843
2355,Priya Verma,22,Male,A+,9109307922
2356,Priya Mehta,23,Female,AB-,9317977183
2357,Vikram Kapoor,37,Male,AB-,9769189920
2358,Arjun Reddy,48,Female,B+,9411107084
2359,Pooja Verma,53,Male,B+,9275295596
2360,Riya Verma,52,Female,B+,9703082206
2361,Kavya Gupta,33,Male,B+,9577711913
2362,Sneha Sharma,26,Female,O-,9507345169
2363,Kavya Singh,19,Female,O-,9728022146
2364,Anjali Reddy,19,Female,AB-,9464832392
2365,Aman Mehta,22,Male,B+,9770048289
2366,Pooja Patel,27,Male,B-,9780991511
2367,Arjun Gupta,23,Female,O-,9117132120
2368,Riya Singh,41,Female,B-,9651283534
2369,Rohan Sharma,49,Female,B+,9155846463
2370,Neha Gupta,34,Female,O+,9462407010
2371,Priya Gupta,60,Female,A-,9457468907
2372,Priya Singh,57,Male,A+,9425032890
2373,Sahil Kapoor,48,Female,O+,9138636619
2374,Rohan Patel,39,Female,O+,9537222341
2375,Arjun Singh,40,Female,B-,9624877670
2376,Pooja Gupta,23,Female,A-,9964872376
2377,Arjun Verma,19,Male,A-,9360877421
2378,Aman Singh,41,Male,B+,9714082400
2379,Neha Verma,22,Male,A+,9890814637
2380,Arjun Verma,27,Female,AB-,9944102411
2381,Sneha Verma,21,Male,B-,9901080200
2382,Aman Singh,23,Male,A+,9564897319
2383,Neha Kapoor,21,Male,O+,9444032199
2384,Karan Reddy,30,Female,B+,9603810893
2385,Pooja Sharma,46,Male,A+,9185425073
2386,Anjali Kapoor,34,Male,B-,9851583869
2387,Sneha Verma,30,Male,AB-,9912056164
2388,Neha Singh,43,Female,O+,9644016077
2389,Pooja Kapoor,45,Female,AB-,9889676079
2390,Neha Sharma,59,Female,AB+,9909920336
2391,Anjali Verma,21,Male,O-,9469606903
2392,Priya Patel,23,Female,A+,9899152426
2393,Aman Mehta,55,Female,A-,9711175063
2394,Rohan Mehta,46,Female,O-,9497760560
2395,Kavya Gupta,49,Female,B-,9344932992
2396,Anjali Sharma,40,Female,O-,9595682408
2397,Arjun Patel,47,Female,O-,9263944109
2398,Vikram Patel,44,Male,B+,9946393426
2399,Arjun Patel,58,Male,O+,9492678179
2400,Rahul Patel,60,Male,B+,9736661428
2401,Anjali Kapoor,24,Male,O+,9607115620
2402,Vikram Gupta,39,Male,A+,9633995897
2403,Sahil Singh,37,Female,B-,9303953026
2404,Kavya Reddy,45,Female,B+,9623279634
2405,Priya Mehta,24,Male,AB-,9858087611
2406,Kavya Gupta,27,Male,O-,9962882603
2407,Karan Patel,49,Male,AB+,9778077202
2408,Anjali Mehta,58,Female,O+,9756729233
2409,Sneha Singh,51,Female,AB-,9878201633
2410,Divya Singh,41,Female,A-,9119015738
2411,Aditya Mehta,44,Male,B-,9450255245
2412,Neha Mehta,58,Female,AB+,9695922147
2413,Arjun Mehta,30,Male,AB-,9939231372
2414,Neha Kapoor,33,Female,O-,9120827680
2415,Arjun Verma,42,Male,AB-,9187303446
2416,Kavya Reddy,56,Female,A-,9582630761
2417,Sahil Kapoor,35,Male,AB-,9935112665
2418,Priya Reddy,33,Male,A+,9451343765
2419,Divya Reddy,53,Male,AB+,9443635681
2420,Kavya Mehta,56,Male,B-,9741654357
2421,Sneha Gupta,21,Male,AB+,9366531138
2422,Sahil Patel,18,Female,AB+,9319301062
2423,Vikram Gupta,19,Male,O+,9184513867
2424,Divya Reddy,27,Female,O+,9696210575
2425,Anjali Reddy,38,Male,AB+,9589565320
2426,Rohan Kapoor,56,Female,AB+,9274913716
2427,Vikram Mehta,19,Male,A+,9450617550
2428,Kavya Mehta,27,Female,O+,9690694502
2429,Rahul Patel,59,Female,O+,9291124362
2430,Arjun Sharma,59,Female,AB-,9707326507
2431,Priya Sharma,26,Female,A-,9172901335
2432,Vikram Singh,24,Male,B-,9198633286
2433,Divya Mehta,39,Male,O+,9468908800
2434,Aman Reddy,43,Male,O+,9789147591
2435,Sahil Singh,53,Male,B-,9581571218
2436,Anjali Verma,34,Male,B-,9160681634
2437,Rahul Sharma,59,Male,O-,9145521106
2438,Priya Kapoor,32,Male,B+,9637497841
2439,Arjun Mehta,42,Female,A+,9647873486
2440,Pooja Reddy,19,Female,A-,9143089281
2441,Karan Sharma,31,Male,O-,9107679805
2442,Divya Verma,55,Female,B+,9526470378
2443,Karan Singh,52,Male,AB+,9385235995
2444,Divya Patel,28,Male,AB+,9459151333
2445,Karan Mehta,34,Female,A-,9798428942
2446,Pooja Reddy,19,Female,O+,9319676904
2447,Anjali Verma,20,Female,A-,9897589822
2448,Karan Kapoor,54,Female,B-,9737006108
2449,Pooja Mehta,47,Male,B-,9708646894
2450,Rohan Kapoor,50,Male,AB+,9113271809
2451,Karan Singh,39,Male,O-,9873031951
2452,Sahil Mehta,47,Female,B+,9627939807
2453,Kavya Gupta,60,Male,A-,9761822587
2454,Sneha Sharma,19,Male,A+,9394453633
2455,Rahul Gupta,46,Female,B+,9204402785
2456,Priya Mehta,31,Male,O+,9896551594
2457,Divya Verma,35,Female,A+,9419405897
2458,Priya Verma,37,Male,AB+,9590622322
2459,Karan Verma,58,Male,O-,9287455232
2460,Rahul Verma,23,Male,O-,9722530817
2461,Rohan Gupta,19,Female,A-,9885371301
2462,Vikram Kapoor,22,Female,O+,9132102862
2463,Priya Reddy,45,Female,O+,9287929395
2464,Rahul Sharma,60,Male,AB+,9862251199
2465,Pooja Reddy,30,Female,A+,9820741213
2466,Rohan Kapoor,33,Female,A+,9798127845
2467,Priya Patel,53,Female,B-,9868336705
2468,Priya Gupta,41,Male,AB-,9589902736
2469,Kavya Singh,41,Female,B+,9444361065
2470,Divya Patel,29,Female,AB-,9601957311
2471,Divya Gupta,27,Female,O+,9486900154
2472,Riya Verma,56,Female,B+,9457345648
2473,Divya Reddy,46,Male,A+,9468780668
2474,Vikram Mehta,52,Male,B+,9976450587
2475,Karan Patel,23,Female,A-,9638356589
2476,Priya Verma,54,Male,AB+,9691039645
2477,Anjali Kapoor,39,Female,A-,9449489327
2478,Divya Patel,51,Female,B-,9719569898
2479,Divya Patel,24,Male,O-,9267182869
2480,Karan Sharma,50,Male,O-,9255000589
2481,Aman Gupta,33,Female,AB+,9986086066
2482,Karan Verma,30,Male,A+,9133390627
2483,Pooja Verma,31,Male,A-,9171964161
2484,Rohan Reddy,25,Female,AB-,9810371538
2485,Sahil Sharma,56,Female,AB-,9516340508
2486,Divya Kapoor,37,Female,O-,9782061852
2487,Priya Reddy,20,Female,AB-,9477416987
2488,Rahul Gupta,48,Female,A-,9553872456
2489,Divya Reddy,19,Female,A+,9623393732
2490,Aman Reddy,34,Male,A-,9363484990
2491,Sneha Reddy,42,Female,B-,9748119941
2492,Kavya Sharma,38,Female,O-,9332524537
2493,Riya Verma,18,Male,A+,9643629617
2494,Aditya Verma,50,Male,O-,9395001062
2495,Sahil Sharma,34,Male,O-,9286743752
2496,Aditya Gupta,28,Male,AB+,9745448057
2497,Arjun Patel,25,Male,A-,9313806776
2498,Kavya Reddy,33,Male,O+,9932944604
2499,Anjali Patel,20,Female,B+,9339898241
2500,Arjun Reddy,32,Female,A-,9209025300
2501,Anjali Singh,26,Male,O-,9632732347
2502,Divya Patel,19,Female,A-,9549494734
2503,Kavya Sharma,35,Female,O+,9171874723
2504,Aman Verma,34,Female,O-,9530921552
2505,Neha Singh,25,Male,B+,9192747165
2506,Anjali Kapoor,46,Female,AB+,9613119468
2507,Aman Singh,55,Female,A-,9700937421
2508,Priya Kapoor,30,Male,AB+,9243038324
2509,Sahil Sharma,41,Male,A+,9221067160
2510,Rohan Sharma,37,Male,AB-,9361645266
2511,Kavya Kapoor,30,Female,O-,9614037098
2512,Karan Verma,29,Female,A-,9256886986
2513,Vikram Singh,22,Female,A-,9707906889
2514,Anjali Kapoor,58,Female,AB-,9341959177
2515,Rohan Patel,21,Female,A+,9444120916
2516,Sahil Sharma,30,Female,O+,9582999503
2517,Neha Singh,48,Female,B+,9359137502
2518,Pooja Reddy,22,Female,A+,9548090119
2519,Aman Verma,27,Male,AB-,9397844637
2520,Sahil Gupta,47,Female,AB+,9997996563
2521,Arjun Gupta,48,Female,O+,9913271066
2522,Vikram Reddy,39,Male,O-,9467659963
2523,Aman Gupta,58,Female,AB+,9410254439
2524,Neha Mehta,38,Male,B-,9474213212
2525,Pooja Kapoor,39,Female,AB+,9383371360
2526,Riya Kapoor,57,Male,AB+,9303974495
2527,Divya Mehta,31,Female,B+,9225854097
2528,Pooja Kapoor,31,Female,B+,9795223488
2529,Kavya Mehta,33,Female,O-,9869917396
2530,Rohan Reddy,52,Female,B+,9373509648
2531,Aman Gupta,25,Female,O+,9103507992
2532,Aman Kapoor,34,Female,O-,9691249692
2533,Rohan Patel,30,Female,A+,9559247215
2534,Kavya Verma,48,Female,O+,9436233641
2535,Sneha Singh,29,Male,AB-,9916177380
2536,Priya Sharma,22,Female,A-,9688937402
2537,Rohan Singh,24,Female,B-,9142882439
2538,Priya Sharma,25,Female,AB+,9405144652
2539,Riya Kapoor,32,Male,AB+,9693366694
2540,Divya Kapoor,27,Male,AB-,9918568394
2541,Neha Singh,42,Male,A+,9272223663
2542,Aman Gupta,49,Male,A-,9364347668
2543,Riya Kapoor,33,Female,B+,9286340494
2544,Neha Gupta,24,Male,B-,9820654278
2545,Pooja Patel,55,Female,O-,9329123420
2546,Neha Verma,23,Female,O-,9575160348
2547,Vikram Patel,57,Female,A+,9681178463
2548,Rohan Kapoor,49,Female,AB-,9445830787
2549,Rahul Reddy,50,Female,O-,9751282333
2550,Karan Mehta,27,Male,O+,9280798420
2551,Sahil Kapoor,31,Female,AB-,9534975269
2552,Rohan Kapoor,36,Male,O+,9744712853
2553,Kavya Sharma,54,Male,A-,9585595234
2554,Rahul Patel,54,Female,AB-,9509064426
2555,Rahul Reddy,45,Female,O+,9196057919
2556,Riya Gupta,40,Male,AB+,9493628113
2557,Rohan Reddy,28,Male,B-,9728670022
2558,Karan Sharma,42,Female,A+,9916806401
2559,Neha Verma,28,Male,A+,9368855421
2560,Aman Gupta,46,Male,AB+,9252078385
2561,Riya Gupta,29,Male,O+,9434576179
2562,Anjali Verma,32,Male,A+,9714834284
2563,Anjali Gupta,53,Female,O+,9280309400
2564,Neha Sharma,30,Male,A-,9929826679
2565,Sneha Gupta,29,Male,O-,9694250229
2566,Divya Singh,27,Male,B-,9944936419
2567,Rahul Mehta,28,Female,A+,9637851330
2568,Priya Patel,26,Male,A+,9603656740
2569,Vikram Singh,33,Female,AB+,9596503819
2570,Neha Reddy,29,Male,B-,9274039487
2571,Priya Verma,42,Male,A+,9408381330
2572,Aditya Reddy,43,Female,O-,9795090262
2573,Divya Patel,34,Female,B+,9640255935
2574,Kavya Singh,20,Male,A-,9744028430
2575,Divya Gupta,25,Female,O+,9503667032
2576,Pooja Mehta,19,Female,O-,9313355557
2577,Rahul Kapoor,45,Male,O-,9733969290
2578,Vikram Gupta,43,Male,B+,9117585787
2579,Neha Reddy,34,Female,O+,9600738478
2580,Aditya Mehta,31,Female,B+,9546461873
2581,Priya Kapoor,27,Male,AB+,9501617715
2582,Priya Mehta,47,Female,O+,9183884443
2583,Pooja Mehta,50,Female,A+,9614814659
2584,Aman Mehta,39,Male,AB+,9644083832
2585,Anjali Sharma,24,Male,AB+,9164303137
2586,Rahul Kapoor,58,Female,A+,9581421440
2587,Sahil Mehta,57,Female,AB-,9767623327
2588,Arjun Gupta,41,Male,A-,9570726097
2589,Kavya Patel,50,Male,A-,9264636839
2590,Sahil Mehta,60,Female,AB+,9254566722
2591,Vikram Kapoor,23,Female,AB+,9523483140
2592,Neha Sharma,20,Female,A+,9242745408
2593,Karan Patel,54,Male,O+,9958426164
2594,Vikram Patel,53,Female,B-,9100608789
2595,Aman Singh,20,Female,O-,9945047864
2596,Aman Kapoor,47,Male,O-,9222661067
2597,Aman Reddy,39,Female,O-,9377114900
2598,Arjun Mehta,51,Male,AB+,9965638807
2599,Neha Kapoor,19,Female,O-,9392260212
2600,Arjun Gupta,49,Female,A+,9735325355
2601,Pooja Gupta,24,Male,B-,9941251439
2602,Neha Kapoor,47,Male,A-,9848807927
2603,Divya Patel,43,Female,AB-,9421139569
2604,Aman Kapoor,28,Female,A-,9932113450
2605,Arjun Sharma,45,Female,O+,9265405571
2606,Riya Reddy,19,Female,AB-,9226944637
2607,Pooja Kapoor,49,Female,O+,9731814631
2608,Karan Patel,45,Male,AB+,9361172529
2609,Anjali Mehta,28,Female,O+,9188989979
2610,Sneha Verma,23,Male,B+,9680218353
2611,Riya Reddy,23,Male,A+,9102241181
2612,Kavya Singh,20,Male,AB+,9493813053
2613,Divya Verma,20,Male,AB+,9454486995
2614,Sneha Sharma,55,Male,A+,9759667622
2615,Rahul Kapoor,28,Female,O-,9215468554
2616,Rohan Gupta,57,Male,AB+,9248837806
2617,Aman Reddy,56,Female,B+,9790914237
2618,Sneha Reddy,56,Male,AB+,9134395963
2619,Sahil Mehta,60,Male,O-,9970021632
2620,Aditya Mehta,50,Female,AB+,9801678919
2621,Sahil Patel,33,Female,AB-,9326073427
2622,Neha Reddy,27,Male,A+,9185312145
2623,Priya Verma,27,Male,O-,9235409307
2624,Vikram Verma,36,Female,AB-,9721986753
2625,Neha Reddy,45,Female,A-,9791823689
2626,Pooja Kapoor,48,Male,AB-,9268073839
2627,Sahil Kapoor,40,Male,A+,9133693489
2628,Rohan Patel,29,Female,O-,9806875860
2629,Sahil Mehta,46,Male,AB-,9900239651
2630,Riya Mehta,54,Male,A+,9940961771
2631,Anjali Gupta,44,Male,O-,9459227061
2632,Vikram Sharma,26,Male,O-,9398352378
2633,Karan Singh,44,Male,A+,9778108722
2634,Divya Mehta,57,Female,AB-,9102939166
2635,Sneha Reddy,50,Male,B-,9258705317
2636,Arjun Gupta,51,Female,B-,9567010757
2637,Priya Reddy,55,Female,O-,9147796183
2638,Pooja Mehta,19,Female,A-,9609509356
2639,Riya Reddy,56,Male,AB-,9996362002
2640,Neha Reddy,34,Female,A+,9976963890
2641,Neha Gupta,43,Female,A+,9669880762
2642,Neha Sharma,32,Female,B-,9526254224
2643,Rahul Patel,21,Male,AB+,9674728504
2644,Riya Sharma,50,Female,A+,9633258413
2645,Karan Gupta,25,Male,O+,9702105788
2646,Arjun Singh,52,Male,A+,9835603384
2647,Riya Verma,39,Male,O-,9122216686
2648,Sneha Singh,34,Male,AB+,9821351429
2649,Rohan Patel,28,Female,B-,9882931517
2650,Anjali Mehta,24,Female,AB+,9682311168
2651,Aman Verma,27,Male,A+,9357216379
2652,Aman Gupta,29,Male,O-,9462419904
2653,Sneha Reddy,50,Male,O-,9817257792
2654,Rohan Verma,40,Male,AB-,9289406490
2655,Sahil Kapoor,52,Female,A+,9766087112
2656,Aman Verma,28,Male,AB-,9272163578
2657,Karan Reddy,58,Female,A+,9465266320
2658,Sahil Patel,24,Female,B-,9279876468
2659,Karan Reddy,55,Male,B-,9996049540
2660,Kavya Reddy,42,Female,AB-,9313796035
2661,Priya Sharma,46,Male,A+,9713041404
2662,Divya Sharma,60,Female,AB-,9546175890
2663,Rahul Mehta,47,Male,B+,9203054899
2664,Sneha Singh,48,Female,AB-,9228583854
2665,Priya Mehta,33,Female,O+,9415090954
2666,Priya Verma,21,Female,B+,9847224210
2667,Rohan Patel,27,Female,AB-,9542413659
2668,Aman Mehta,22,Female,AB+,9893096206
2669,Pooja Patel,19,Male,AB+,9451923008
2670,Anjali Verma,26,Male,AB-,9221734605
2671,Sneha Gupta,39,Female,A-,9296085613
2672,Karan Verma,32,Male,AB+,9434458248
2673,Aman Gupta,53,Female,A-,9533415651
2674,Priya Gupta,44,Male,AB-,9388888289
2675,Priya Singh,22,Male,A+,9214706435
2676,Kavya Sharma,48,Female,O+,9681929857
2677,Sneha Gupta,28,Male,A-,9458697233
2678,Anjali Singh,59,Male,A+,9604997610
2679,Karan Singh,28,Male,O+,9105676326
2680,Rohan Kapoor,49,Male,A+,9561411684
2681,Karan Patel,30,Female,AB-,9246254923
2682,Sahil Patel,55,Female,AB+,9367394651
2683,Sneha Patel,34,Female,A+,9223062323
2684,Sahil Kapoor,34,Male,B+,9974504977
2685,Sneha Kapoor,26,Male,B-,9368431133
2686,Priya Verma,43,Male,B-,9396942296
2687,Sneha Sharma,59,Male,A-,9991174263
2688,Rahul Patel,24,Female,B-,9580042598
2689,Vikram Singh,59,Male,AB-,9449085932
2690,Riya Patel,60,Female,O-,9812019399
2691,Karan Singh,31,Female,AB-,9301864207
2692,Neha Reddy,49,Female,O+,9152541869
2693,Rohan Sharma,45,Female,B+,9165932686
2694,Priya Reddy,51,Female,B-,9543889537
2695,Sneha Gupta,27,Female,AB+,9290116812
2696,Riya Sharma,48,Male,O-,9473493559
2697,Pooja Kapoor,46,Male,AB+,9611997917
2698,Sahil Gupta,28,Female,B-,9570437742
2699,Vikram Sharma,33,Female,O+,9335012974
2700,Vikram Verma,35,Female,AB+,9840782918
2701,Sneha Gupta,60,Female,O+,9121796495
2702,Aman Verma,33,Female,AB+,9969419657
2703,Neha Singh,58,Female,A+,9260090934
2704,Rahul Mehta,53,Female,AB-,9101568217
2705,Kavya Kapoor,29,Male,AB+,9874039825
2706,Riya Gupta,35,Male,O+,9819231224
2707,Divya Verma,42,Female,B-,9362942260
2708,Arjun Sharma,39,Female,O-,9914891152
2709,Neha Mehta,49,Male,O+,9703910280
2710,Rahul Verma,24,Male,B-,9541023669
2711,Priya Kapoor,47,Female,A-,9210182184
2712,Aditya Singh,32,Male,B-,9498226134
2713,Sneha Sharma,34,Male,O+,9229146938
2714,Rohan Reddy,31,Male,AB-,9354164898
2715,Sneha Verma,34,Male,A+,9611114494
2716,Rohan Singh,60,Male,O-,9977317305
2717,Karan Patel,39,Male,A-,9640844247
2718,Neha Gupta,18,Female,AB-,9483218107
2719,Aditya Singh,19,Male,A+,9816506411
2720,Rohan Kapoor,29,Male,B-,9891857755
2721,Priya Singh,30,Male,B-,9242408411
2722,Pooja Reddy,21,Female,B-,9764266315
2723,Vikram Sharma,25,Male,AB-,9773376315
2724,Pooja Patel,27,Male,B+,9608663769
2725,Sahil Sharma,28,Female,A+,9672336241
2726,Anjali Patel,24,Male,B+,9327402604
2727,Aman Singh,44,Male,O+,9346162961
2728,Anjali Gupta,51,Female,O-,9269003911
2729,Karan Reddy,45,Male,O-,9399762291
2730,Arjun Gupta,56,Male,A+,9310742928
2731,Sahil Gupta,42,Female,A-,9724276204
2732,Sneha Singh,21,Male,A-,9701365049
2733,Kavya Patel,59,Male,A+,9656149338
2734,Anjali Kapoor,26,Male,A+,9645907499
2735,Aman Kapoor,52,Male,AB-,9663795921
2736,Aman Gupta,34,Female,B+,9989176460
2737,Anjali Sharma,45,Female,B-,9250015073
2738,Neha Verma,51,Male,O-,9176702995
2739,Riya Verma,38,Female,B+,9831582118
2740,Rohan Mehta,19,Male,A+,9937569689
2741,Rahul Sharma,19,Male,AB-,9277085723
2742,Aman Verma,30,Female,A-,9571350168
2743,Divya Sharma,58,Male,B+,9479392520
2744,Arjun Patel,25,Female,AB+,9380036237
2745,Anjali Verma,52,Male,O-,9408361258
2746,Kavya Verma,27,Male,AB+,9638390709
2747,Priya Mehta,42,Female,A+,9644541387
2748,Riya Reddy,19,Male,A+,9103001741
2749,Rohan Kapoor,42,Female,AB-,9195228611
2750,Divya Gupta,51,Male,O+,9505575023
2751,Sneha Kapoor,44,Male,AB+,9649414976
2752,Neha Mehta,41,Male,AB-,9432995650
2753,Anjali Patel,20,Male,O-,9156947746
2754,Riya Kapoor,33,Female,O-,9763670265
2755,Divya Sharma,57,Male,B+,9169271942
2756,Priya Gupta,21,Male,O+,9371458160
2757,Sneha Sharma,34,Female,B+,9687849670
2758,Kavya Reddy,33,Male,O+,9871141402
2759,Karan Verma,43,Female,B-,9266280659
2760,Aman Singh,43,Female,B+,9660196312
2761,Pooja Patel,37,Male,A+,9360614557
2762,Riya Singh,41,Female,B-,9211768888
2763,Pooja Gupta,23,Female,A+,9982655420
2764,Sahil Gupta,58,Female,B+,9480830539
2765,Divya Gupta,20,Male,O+,9946816175
2766,Neha Mehta,39,Male,AB+,9305806298
2767,Rahul Verma,48,Female,AB+,9541513645
2768,Rohan Gupta,50,Male,B-,9884669128
2769,Sneha Mehta,33,Male,AB+,9456000421
2770,Vikram Reddy,57,Male,AB-,9140309322
2771,Pooja Sharma,36,Male,B-,9332071545
2772,Karan Mehta,30,Female,AB-,9861152018
2773,Sneha Patel,32,Male,A-,9196698641
2774,Sneha Reddy,51,Female,A-,9684521339
2775,Priya Kapoor,33,Male,B-,9628904885
2776,Karan Singh,43,Female,B-,9142102640
2777,Riya Sharma,22,Male,O-,9914324029
2778,Arjun Patel,24,Female,O+,9936351832
2779,Rahul Sharma,29,Male,A+,9970468743
2780,Rahul Verma,39,Female,A-,9690279296
2781,Vikram Sharma,33,Female,AB-,9607099287
2782,Kavya Gupta,36,Male,O+,9103300793
2783,Karan Patel,41,Female,B+,9162218019
2784,Aman Gupta,56,Male,A-,9664746769
2785,Pooja Verma,52,Female,B-,9348409642
2786,Sahil Reddy,39,Male,B+,9912308435
2787,Riya Kapoor,28,Male,B-,9751297789
2788,Vikram Verma,33,Female,AB+,9459908886
2789,Arjun Patel,22,Male,AB+,9139173177
2790,Pooja Singh,51,Female,A+,9990758047
2791,Divya Sharma,39,Male,O-,9524661188
2792,Riya Patel,20,Male,A-,9901379606
2793,Vikram Patel,19,Male,B-,9159471828
2794,Karan Mehta,42,Female,A-,9978505819
2795,Rahul Patel,27,Female,A-,9444003485
2796,Karan Verma,29,Male,AB+,9465644957
2797,Divya Sharma,45,Male,O+,9714224890
2798,Sneha Reddy,58,Female,O+,9919320828
2799,Vikram Kapoor,51,Female,AB+,9904944886
2800,Priya Verma,33,Female,A+,9952348464
2801,Aditya Kapoor,39,Female,B-,9612053387
2802,Vikram Patel,20,Male,B-,9792709053
2803,Divya Verma,21,Male,AB-,9584830817
2804,Rahul Sharma,50,Female,A-,9962522337
2805,Pooja Gupta,54,Male,A+,9867352565
2806,Aditya Gupta,55,Male,O+,9911983662
2807,Riya Patel,60,Female,O-,9196265979
2808,Pooja Singh,52,Female,O+,9783734099
2809,Neha Singh,39,Male,AB+,9122842097
2810,Pooja Kapoor,29,Male,A-,9298593487
2811,Neha Gupta,27,Female,O+,9705499264
2812,Priya Patel,57,Male,O-,9266430856
2813,Sahil Verma,47,Female,A+,9789273480
2814,Aditya Singh,31,Female,B-,9658339066
2815,Neha Mehta,60,Female,B-,9658569651
2816,Vikram Sharma,36,Male,AB-,9537519919
2817,Sneha Singh,54,Female,AB-,9132147715
2818,Vikram Patel,55,Female,B+,9566160259
2819,Rohan Verma,53,Female,O+,9470137519
2820,Riya Verma,31,Male,O-,9968380260
2821,Riya Verma,27,Male,AB-,9713650989
2822,Arjun Verma,34,Male,AB+,9528069177
2823,Vikram Kapoor,55,Female,AB+,9772206706
2824,Priya Sharma,28,Female,B-,9101050312
2825,Rahul Patel,56,Female,O+,9167221562
2826,Priya Verma,42,Male,A-,9187202979
2827,Karan Mehta,19,Male,A-,9502858736
2828,Priya Gupta,23,Female,A-,9892131934
2829,Arjun Sharma,47,Female,B+,9775960462
2830,Karan Reddy,59,Female,B+,9154008326
2831,Divya Kapoor,58,Female,AB+,9118058086
2832,Kavya Reddy,46,Female,O+,9274281489
2833,Priya Reddy,26,Female,O+,9820903200
2834,Vikram Singh,40,Male,A-,9900864316
2835,Kavya Reddy,42,Male,B+,9707116575
2836,Aman Gupta,19,Female,AB+,9172110452
2837,Karan Kapoor,30,Female,B-,9195763645
2838,Vikram Mehta,40,Male,B-,9470162953
2839,Sahil Verma,47,Male,O-,9111426101
2840,Karan Singh,24,Male,B+,9100498689
2841,Sahil Verma,32,Female,B-,9986016715
2842,Arjun Singh,47,Female,AB-,9503706644
2843,Sneha Kapoor,31,Female,A-,9817126543
2844,Pooja Gupta,34,Male,B+,9721488771
2845,Arjun Sharma,27,Female,AB+,9647896762
2846,Priya Verma,45,Female,AB+,9156801073
2847,Neha Reddy,31,Female,A-,9527735336
2848,Kavya Verma,27,Female,O-,9816482528
2849,Anjali Singh,22,Male,B+,9786188102
2850,Aman Reddy,55,Male,A-,9774595080
2851,Karan Gupta,51,Female,B+,9714738446
2852,Arjun Reddy,56,Female,B-,9913765794
2853,Riya Kapoor,52,Male,A-,9653299501
2854,Anjali Mehta,44,Male,AB-,9345788402
2855,Aditya Sharma,49,Female,O+,9830944708
2856,Sneha Reddy,48,Male,O+,9633074594
2857,Neha Patel,51,Male,A+,9492008433
2858,Rahul Patel,52,Male,A-,9807499801
2859,Anjali Singh,32,Female,AB-,9823576406
2860,Anjali Verma,43,Female,A+,9934605104
2861,Arjun Reddy,24,Female,O+,9711422741
2862,Vikram Verma,51,Male,A-,9712696696
2863,Vikram Mehta,54,Female,O-,9910635367
2864,Priya Gupta,33,Female,AB+,9941114937
2865,Rahul Singh,26,Male,AB-,9957259474
2866,Priya Kapoor,60,Female,AB+,9644774970
2867,Pooja Singh,37,Female,A-,9795001686
2868,Aman Gupta,40,Female,O-,9970009392
2869,Priya Reddy,23,Female,B+,9352630965
2870,Sahil Reddy,42,Female,B-,9679036862
2871,Anjali Sharma,57,Female,AB+,9508503245
2872,Aman Verma,58,Female,O-,9755446288
2873,Kavya Patel,52,Male,O+,9643104518
2874,Kavya Singh,26,Female,B-,9630328770
2875,Priya Mehta,51,Male,O+,9791005969
2876,Anjali Kapoor,41,Male,AB+,9132102471
2877,Divya Patel,42,Female,O-,9711166848
2878,Priya Sharma,25,Male,AB+,9681721208
2879,Anjali Mehta,41,Female,AB+,9296018050
2880,Sahil Reddy,55,Female,B-,9250704133
2881,Divya Gupta,29,Male,B+,9833930010
2882,Rohan Patel,32,Male,A-,9465272013
2883,Sahil Singh,34,Male,AB-,9300362150
2884,Arjun Reddy,29,Female,O+,9280044306
2885,Anjali Patel,55,Male,B-,9468642463
2886,Divya Verma,32,Male,O+,9496459225
2887,Divya Sharma,59,Female,AB+,9514764009
2888,Arjun Sharma,57,Female,O-,9930005907
2889,Pooja Gupta,32,Male,B-,9429230002
2890,Sneha Verma,25,Female,O-,9276968647
2891,Priya Kapoor,51,Female,B-,9388980197
2892,Priya Verma,41,Male,O+,9430262024
2893,Aman Mehta,36,Female,A-,9450864287
2894,Arjun Kapoor,24,Male,B+,9493107748
2895,Karan Patel,48,Male,B-,9957708983
2896,Riya Reddy,38,Male,A+,9766547575
2897,Rohan Singh,59,Male,AB+,9926522833
2898,Aman Sharma,40,Male,O-,9511170520
2899,Sneha Reddy,53,Male,B+,9913643760
2900,Kavya Sharma,35,Female,B+,9352339994
2901,Divya Patel,28,Male,AB-,9698510766
2902,Riya Patel,21,Female,O+,9950720916
2903,Aditya Reddy,35,Female,B+,9248411584
2904,Kavya Mehta,50,Female,AB+,9681269558
2905,Arjun Patel,41,Female,AB+,9290884570
2906,Vikram Gupta,57,Male,A-,9972327059
2907,Riya Mehta,19,Male,A+,9142307777
2908,Priya Singh,37,Female,B-,9729568465
2909,Neha Verma,33,Male,A-,9958254837
2910,Arjun Mehta,22,Male,A+,9447867218
2911,Arjun Reddy,20,Male,O+,9696513027
2912,Anjali Verma,36,Female,AB+,9658140676
2913,Sahil Patel,55,Female,B+,9636424728
2914,Neha Patel,46,Female,AB+,9790572323
2915,Riya Singh,18,Male,AB-,9653314213
2916,Anjali Mehta,36,Male,A-,9664603155
2917,Karan Singh,52,Male,B+,9304465908
2918,Aman Singh,30,Male,A+,9773141595
2919,Pooja Verma,21,Female,A+,9196476756
2920,Neha Patel,34,Female,B+,9318997197
2921,Aditya Mehta,19,Male,O-,9533818927
2922,Aman Reddy,29,Male,AB-,9615481523
2923,Aditya Mehta,34,Female,AB+,9619512107
2924,Vikram Patel,27,Male,AB-,9252949979
2925,Aman Reddy,42,Male,A-,9521438906
2926,Priya Singh,46,Male,O-,9288494303
2927,Aman Reddy,31,Male,O-,9945262073
2928,Karan Singh,19,Female,B+,9285267560
2929,Vikram Kapoor,44,Male,A-,9886843517
2930,Riya Mehta,60,Male,AB+,9353695196
2931,Vikram Kapoor,28,Female,AB-,9854271682
2932,Neha Kapoor,38,Female,AB+,9548690291
2933,Sneha Reddy,59,Female,O-,9335005603
2934,Anjali Patel,36,Male,A+,9713153523
2935,Arjun Gupta,34,Female,A-,9293767948
2936,Aditya Reddy,18,Male,B+,9572598556
2937,Aman Singh,21,Female,B-,9815885704
2938,Aditya Reddy,25,Male,O-,9860121856
2939,Arjun Singh,55,Male,B+,9260244776
2940,Rahul Verma,26,Female,O+,9882975849
2941,Priya Kapoor,29,Male,A+,9384876123
2942,Kavya Reddy,51,Female,AB-,9834007013
2943,Karan Mehta,60,Female,B+,9354257614
2944,Sahil Sharma,20,Male,A+,9398640009
2945,Pooja Kapoor,42,Male,AB-,9217554153
2946,Aditya Verma,40,Male,B-,9881638713
2947,Aman Sharma,27,Male,AB-,9812973558
2948,Rahul Verma,37,Male,O-,9397624249
2949,Karan Sharma,57,Male,A+,9719064960
2950,Riya Reddy,23,Male,O-,9199781992
2951,Sneha Singh,43,Male,B+,9885716415
2952,Vikram Verma,31,Male,A-,9837430793
2953,Aditya Patel,47,Male,A+,9223658456
2954,Aman Verma,25,Female,O+,9212211964
2955,Vikram Singh,20,Male,A+,9579416064
2956,Vikram Mehta,60,Female,B-,9312548616
2957,Karan Sharma,36,Male,O+,9508326415
2958,Arjun Kapoor,52,Male,B+,9588921094
2959,Pooja Verma,27,Female,B+,9207866682
2960,Aman Gupta,19,Female,B+,9462018091
2961,Rahul Mehta,26,Male,AB+,9503272671
2962,Vikram Sharma,55,Male,AB-,9475783148
2963,Sahil Verma,59,Male,B-,9868448390
2964,Divya Singh,55,Female,A+,9933613409
2965,Sneha Kapoor,47,Male,B+,9395775004
2966,Karan Patel,40,Female,AB-,9515934026
2967,Pooja Singh,31,Male,AB+,9180475880
2968,Vikram Sharma,27,Female,A+,9553612745
2969,Sneha Mehta,57,Male,O-,9347826908
2970,Kavya Gupta,21,Male,A+,9575790653
2971,Aman Patel,45,Male,O+,9345029226
2972,Vikram Singh,36,Male,AB-,9442990898
2973,Rohan Singh,58,Male,B-,9852908844
2974,Pooja Sharma,33,Male,A-,9118103437
2975,Divya Patel,49,Female,AB-,9554395870
2976,Pooja Verma,41,Female,AB-,9499399531
2977,Pooja Patel,29,Male,AB+,9614935970
2978,Sneha Singh,34,Female,O+,9102933494
2979,Sneha Sharma,53,Male,A-,9956050388
2980,Sneha Sharma,31,Male,O+,9694684773
2981,Neha Verma,46,Female,AB+,9919742008
2982,Aman Reddy,28,Female,A+,9684515664
2983,Rahul Verma,60,Female,O-,9215322186
2984,Vikram Sharma,24,Female,A+,9597631383
2985,Aman Kapoor,50,Male,O+,9586365460
2986,Sneha Kapoor,21,Female,B-,9456631849
2987,Aman Sharma,36,Female,AB+,9628316550
2988,Pooja Kapoor,43,Male,A-,9855983760
2989,Karan Sharma,19,Female,B+,9474664565
2990,Divya Reddy,45,Female,AB+,9632762930
2991,Rahul Kapoor,25,Male,AB-,9313636823
2992,Karan Patel,28,Female,AB+,9569735065
2993,Sahil Patel,27,Male,AB-,9728297011
2994,Aman Kapoor,26,Female,A+,9134450612
2995,Priya Gupta,43,Female,O+,9207553685
2996,Pooja Mehta,58,Male,A-,9953735774
2997,Sneha Sharma,46,Female,O-,9233491252
2998,Rohan Sharma,19,Female,B-,9683984539
2999,Aman Gupta,54,Male,AB-,9367673657
3000,Aman Mehta,29,Male,AB+,9755582091
3001,Priya Gupta,59,Female,O+,9941089739
3002,Kavya Kapoor,59,Male,B-,9597408493
3003,Aditya Verma,44,Female,AB+,9209581171
3004,Riya Patel,24,Male,B-,9620716920
3005,Pooja Sharma,49,Female,AB+,9366547610
3006,Neha Singh,38,Female,B+,9326490179
3007,Pooja Verma,57,Female,A+,9171935975
3008,Rohan Singh,45,Male,A+,9330148238
3009,Aditya Sharma,50,Female,B+,9213485048
3010,Aman Patel,21,Male,A+,9777342791
3011,Rohan Verma,52,Male,B-,9496615519
3012,Aditya Singh,25,Male,O-,9124065944
3013,Pooja Sharma,22,Female,AB+,9426540001
3014,Vikram Singh,25,Female,AB-,9660435567
3015,Neha Reddy,50,Female,O-,9112384564
3016,Anjali Sharma,19,Female,A+,9549669742
3017,Kavya Mehta,48,Male,B+,9302845227
3018,Sahil Verma,37,Female,A-,9920993249
3019,Aman Singh,50,Female,AB+,9949827238
3020,Anjali Patel,53,Male,O-,9879757156
3021,Sahil Reddy,60,Male,AB+,9146315523
3022,Divya Kapoor,25,Female,A-,9948381236
3023,Riya Verma,40,Female,A+,9630810146
3024,Neha Singh,49,Female,B-,9457885569
3025,Sahil Mehta,24,Female,O+,9295126001
3026,Pooja Sharma,56,Female,AB+,9996667415
3027,Sahil Patel,52,Male,AB+,9756919472
3028,Riya Sharma,35,Female,AB+,9262875248
3029,Aman Reddy,18,Male,AB-,9209746806
3030,Sahil Singh,28,Female,B-,9986395143
3031,Riya Gupta,52,Male,A+,9639590531
3032,Neha Gupta,52,Female,B-,9759363642
3033,Priya Patel,26,Female,O+,9614884547
3034,Vikram Reddy,56,Male,O+,9123681194
3035,Aman Verma,37,Male,B-,9990879569
3036,Sneha Kapoor,40,Male,B-,9867440618
3037,Riya Verma,32,Male,O-,9872787506
3038,Riya Sharma,39,Male,B-,9147020072
3039,Rohan Mehta,53,Male,O+,9456966239
3040,Rahul Singh,41,Female,AB+,9632137816
3041,Vikram Gupta,25,Male,O+,9441324993
3042,Priya Kapoor,36,Female,A+,9945784252
3043,Riya Patel,22,Female,O-,9902645429
3044,Aman Singh,34,Male,A+,9530253315
3045,Aditya Singh,24,Female,A-,9575507600
3046,Rohan Patel,51,Male,B-,9450520909
3047,Anjali Patel,58,Female,AB+,9686171791
3048,Riya Kapoor,55,Female,O-,9434594896
3049,Sahil Gupta,23,Female,AB-,9731738359
3050,Rohan Mehta,60,Male,A-,9233269420
3051,Vikram Singh,21,Female,AB-,9364566226
3052,Sahil Sharma,40,Male,A-,9609469912
3053,Aman Patel,21,Male,O+,9322416531
3054,Riya Mehta,33,Female,B+,9207383106
3055,Rohan Mehta,41,Male,O+,9621310390
3056,Rahul Sharma,19,Female,B+,9420741041
3057,Rohan Singh,21,Female,O+,9502701150
3058,Rohan Patel,45,Female,O+,9153689612
3059,Arjun Patel,34,Male,A+,9980673779
3060,Pooja Mehta,45,Female,O-,9912034755
3061,Aditya Mehta,52,Male,O-,9940221054
3062,Pooja Mehta,32,Male,A+,9556502904
3063,Vikram Kapoor,41,Female,O+,9509375233
3064,Vikram Singh,44,Female,AB+,9158188648
3065,Sneha Patel,58,Female,AB-,9345781771
3066,Priya Sharma,45,Male,B+,9227146375
3067,Anjali Singh,36,Male,O-,9559756902
3068,Kavya Reddy,37,Female,B+,9920133571
3069,Arjun Verma,42,Male,A-,9184895487
3070,Anjali Gupta,24,Male,AB-,9640479208
3071,Rohan Patel,21,Male,A+,9216337617
3072,Kavya Patel,48,Female,B+,9310328639
3073,Aman Singh,54,Female,O-,9943524568
3074,Rahul Gupta,46,Male,O+,9950970800
3075,Rohan Singh,58,Female,A-,9258135051
3076,Sneha Singh,21,Male,AB+,9345680253
3077,Kavya Mehta,32,Female,AB-,9847790627
3078,Sahil Sharma,47,Female,B+,9495669330
3079,Rohan Singh,37,Male,A-,9821285130
3080,Neha Mehta,34,Female,AB+,9150625936
3081,Priya Patel,34,Female,AB-,9406238626
3082,Aditya Mehta,27,Male,A-,9219618771
3083,Vikram Kapoor,27,Female,AB+,9926513766
3084,Kavya Verma,46,Female,O+,9920507628
3085,Karan Kapoor,60,Female,B+,9625365994
3086,Anjali Sharma,30,Female,B+,9980090070
3087,Aman Reddy,40,Male,A+,9960277776
3088,Aman Patel,33,Male,AB+,9453208783
3089,Karan Sharma,42,Male,AB-,9872220738
3090,Vikram Gupta,57,Male,AB-,9346443488
3091,Pooja Sharma,20,Male,A-,9867892241
3092,Sahil Reddy,48,Female,A-,9556323792
3093,Divya Singh,35,Female,AB+,9819434865
3094,Divya Gupta,34,Female,A+,9986751667
3095,Karan Mehta,22,Female,B-,9583545083
3096,Sneha Sharma,59,Female,B-,9791113267
3097,Sneha Singh,52,Female,AB+,9678603686
3098,Sahil Patel,55,Male,A+,9428645576
3099,Arjun Reddy,55,Male,O-,9212371517
3100,Rohan Reddy,26,Female,O+,9349699944
3101,Priya Verma,56,Female,AB+,9287936545
3102,Rohan Singh,31,Male,O-,9274734337
3103,Neha Kapoor,54,Male,B+,9221042498
3104,Kavya Sharma,43,Male,B-,9285115751
3105,Priya Kapoor,28,Male,A-,9148084413
3106,Sneha Sharma,29,Male,B+,9102268385
3107,Rahul Verma,51,Female,O-,9565972301
3108,Sahil Verma,20,Male,O-,9867581473
3109,Sahil Verma,18,Male,AB+,9303313908
3110,Divya Patel,23,Female,A+,9877932331
3111,Neha Gupta,38,Male,A-,9733113217
3112,Priya Reddy,35,Female,B+,9309366141
3113,Arjun Gupta,44,Female,A-,9137440529
3114,Rahul Kapoor,19,Female,O+,9295828423
3115,Rahul Mehta,35,Female,O+,9569799493
3116,Aman Mehta,19,Male,O+,9564770044
3117,Sahil Patel,35,Male,A-,9114003647
3118,Sahil Mehta,37,Male,A-,9855999768
3119,Neha Gupta,18,Female,AB-,9207987918
3120,Sahil Gupta,57,Female,A+,9661344438
3121,Rahul Mehta,53,Male,O+,9550639157
3122,Karan Gupta,53,Male,O+,9673695782
3123,Sahil Singh,42,Female,A+,9666886808
3124,Neha Patel,53,Male,O-,9668158268
3125,Kavya Verma,41,Male,AB-,9962054426
3126,Riya Singh,41,Female,A-,9711334576
3127,Aditya Patel,19,Male,B+,9123919685
3128,Aman Singh,45,Female,O-,9777595235
3129,Anjali Patel,18,Female,A-,9694097076
3130,Rahul Mehta,26,Male,O-,9487842972
3131,Arjun Mehta,25,Female,O-,9590612133
3132,Pooja Verma,60,Male,O-,9418684278
3133,Sahil Singh,22,Male,B+,9401002995
3134,Aman Patel,26,Female,AB+,9290080389
3135,Anjali Singh,56,Female,AB-,9649999301
3136,Aman Reddy,21,Female,AB-,9386045942
3137,Vikram Verma,53,Female,AB+,9500342933
3138,Kavya Sharma,38,Female,B+,9103098968
3139,Vikram Singh,41,Female,A+,9862685924
3140,Rahul Sharma,22,Female,B-,9856050341
3141,Arjun Patel,35,Male,O-,9284336848
3142,Karan Singh,35,Female,B+,9640198103
3143,Anjali Mehta,35,Male,A+,9195519439
3144,Kavya Singh,28,Female,O-,9358095832
3145,Aman Singh,44,Male,O+,9682231056
3146,Divya Sharma,48,Male,A+,9944284468
3147,Divya Sharma,23,Male,AB-,9101101330
3148,Anjali Reddy,24,Male,AB-,9299640577
3149,Riya Verma,20,Female,B-,9977183136
3150,Aditya Sharma,54,Male,B-,9147083737
3151,Priya Reddy,22,Female,AB-,9830665669
3152,Rahul Sharma,48,Female,A-,9641359164
3153,Pooja Mehta,36,Male,B+,9956254086
3154,Aditya Patel,55,Male,O+,9470026225
3155,Vikram Gupta,35,Female,A-,9543905917
3156,Aman Singh,48,Male,AB+,9970736744
3157,Aman Kapoor,22,Male,AB+,9456793825
3158,Priya Singh,40,Female,B-,9835086199
3159,Anjali Verma,47,Female,B-,9941460924
3160,Divya Reddy,34,Male,AB-,9262547260
3161,Riya Sharma,43,Female,O+,9141787662
3162,Riya Reddy,30,Male,AB+,9421666977
3163,Karan Gupta,29,Female,B-,9510840544
3164,Pooja Patel,26,Male,AB-,9458621718
3165,Priya Reddy,46,Female,A+,9522489000
3166,Divya Reddy,57,Female,AB-,9185965515
3167,Divya Patel,28,Male,B+,9882958075
3168,Rahul Sharma,52,Female,AB-,9215040841
3169,Priya Reddy,58,Female,A+,9815200536
3170,Sneha Kapoor,24,Male,A-,9596820037
3171,Sahil Verma,56,Male,B+,9452760649
3172,Pooja Reddy,42,Male,B+,9280592735
3173,Rahul Patel,57,Female,B-,9438365083
3174,Rohan Verma,29,Male,A-,9816036980
3175,Vikram Singh,46,Female,AB-,9163910227
3176,Rahul Singh,44,Male,A-,9443068609
3177,Sneha Mehta,31,Male,AB-,9956789742
3178,Rohan Reddy,58,Female,A+,9570365157
3179,Pooja Sharma,49,Male,O-,9856112323
3180,Karan Singh,47,Male,AB-,9860528097
3181,Divya Sharma,32,Male,A+,9110439717
3182,Sahil Gupta,57,Male,AB+,9929853555
3183,Rahul Kapoor,55,Male,A+,9397892654
3184,Divya Singh,20,Male,O+,9148970283
3185,Pooja Verma,22,Female,A-,9337706453
3186,Arjun Singh,52,Female,AB-,9916006412
3187,Neha Mehta,54,Female,B+,9149074949
3188,Divya Patel,22,Male,A+,9537611075
3189,Kavya Sharma,59,Male,O+,9713313768
3190,Riya Sharma,22,Female,O-,9612712419
3191,Rohan Sharma,33,Female,AB+,9845593644
3192,Vikram Kapoor,60,Male,AB+,9429377560
3193,Divya Kapoor,19,Male,O+,9626967265
3194,Aditya Patel,28,Female,AB-,9108643561
3195,Karan Singh,58,Female,A+,9178252732
3196,Kavya Kapoor,42,Female,AB+,9239594898
3197,Sahil Singh,36,Male,O-,9676855892
3198,Rohan Singh,55,Male,B+,9810271047
3199,Vikram Kapoor,32,Female,AB-,9202272739
3200,Aman Sharma,20,Male,O+,9826672921
3201,Priya Mehta,33,Male,O+,9648077283
3202,Rohan Kapoor,18,Male,A-,9194904011
3203,Sahil Patel,46,Male,B+,9761710897
3204,Rahul Gupta,39,Female,AB-,9909855907
3205,Aditya Mehta,54,Male,A-,9283601178
3206,Riya Gupta,28,Female,A+,9347975484
3207,Neha Patel,60,Male,A+,9845407515
3208,Vikram Reddy,41,Female,B+,9183470204
3209,Rohan Reddy,47,Male,B+,9101178290
3210,Aditya Verma,23,Female,B+,9342289595
3211,Rahul Singh,30,Female,B+,9206273231
3212,Anjali Verma,40,Male,O-,9876089213
3213,Rahul Mehta,54,Male,O+,9214263314
3214,Sneha Patel,31,Female,AB-,9690813637
3215,Aman Mehta,54,Female,O-,9279829630
3216,Sneha Patel,53,Male,A+,9905749233
3217,Arjun Kapoor,48,Male,A-,9687861720
3218,Sahil Singh,50,Female,B+,9962972557
3219,Rohan Mehta,37,Male,A-,9651810560
3220,Vikram Singh,48,Male,A+,9157954510
3221,Anjali Kapoor,57,Female,B+,9771380753
3222,Neha Singh,60,Male,A+,9370542162
3223,Aman Gupta,35,Female,AB+,9803122317
3224,Karan Singh,51,Male,A-,9552539416
3225,Divya Kapoor,18,Male,A+,9236988709
3226,Priya Kapoor,21,Female,B+,9335168266
3227,Vikram Singh,46,Female,AB-,9236571491
3228,Sneha Kapoor,41,Male,A+,9934132137
3229,Vikram Verma,44,Female,A+,9537182575
3230,Rohan Patel,30,Male,A+,9469833567
3231,Neha Reddy,47,Female,AB-,9527224321
3232,Sneha Kapoor,26,Male,A+,9799823348
3233,Anjali Verma,44,Male,O-,9420552711
3234,Sahil Sharma,28,Male,A-,9943057199
3235,Rahul Gupta,33,Female,A-,9765815220
3236,Sahil Patel,28,Male,A-,9960559442
3237,Karan Verma,44,Female,A+,9638038301
3238,Priya Mehta,43,Female,O+,9522255656
3239,Aditya Sharma,42,Male,O+,9264252076
3240,Aman Patel,41,Female,A+,9425554973
3241,Pooja Gupta,37,Male,O-,9563303681
3242,Sahil Kapoor,37,Male,B-,9709405267
3243,Riya Mehta,18,Female,O+,9279609980
3244,Aditya Kapoor,26,Male,O+,9244621892
3245,Riya Verma,23,Female,B+,9374584158
3246,Karan Patel,60,Male,AB-,9802813440
3247,Arjun Gupta,27,Male,A+,9673164392
3248,Kavya Verma,57,Female,B+,9786625727
3249,Neha Gupta,23,Female,AB+,9336870821
3250,Karan Mehta,33,Male,AB+,9594923103
3251,Anjali Mehta,60,Male,AB-,9670832029
3252,Neha Kapoor,33,Female,B-,9975353559
3253,Priya Kapoor,22,Male,AB-,9817754648
3254,Kavya Patel,19,Female,AB+,9497064285
3255,Aditya Patel,54,Female,O-,9455220820
3256,Aditya Patel,55,Female,AB-,9314070114
3257,Divya Kapoor,45,Female,O-,9390827816
3258,Sahil Patel,56,Female,A-,9562683964
3259,Karan Gupta,26,Male,B+,9468569991
3260,Pooja Mehta,19,Male,AB-,9763921816
3261,Pooja Verma,39,Male,O+,9739890586
3262,Vikram Mehta,41,Female,O+,9424363496
3263,Aditya Singh,25,Male,A+,9586620148
3264,Rohan Singh,33,Female,A-,9385287934
3265,Anjali Patel,25,Female,A+,9816935106
3266,Rohan Kapoor,33,Male,O+,9976793968
3267,Sneha Gupta,38,Female,B-,9871370025
3268,Priya Reddy,54,Female,B-,9806291781
3269,Aditya Kapoor,24,Male,A+,9673547682
3270,Sneha Reddy,51,Female,B+,9252566629
3271,Sneha Verma,41,Female,A-,9698054214
3272,Rohan Mehta,28,Male,AB-,9975792661
3273,Rohan Singh,45,Female,AB+,9386752725
3274,Kavya Sharma,25,Female,B-,9790218221
3275,Anjali Sharma,51,Female,AB-,9896686228
3276,Vikram Kapoor,46,Female,O-,9241794996
3277,Riya Patel,38,Female,B-,9309357320
3278,Aditya Sharma,25,Female,A+,9793320994
3279,Priya Mehta,27,Female,A-,9126399671
3280,Divya Mehta,59,Male,A+,9127184180
3281,Vikram Reddy,29,Male,A-,9431988918
3282,Anjali Mehta,47,Male,A-,9556794068
3283,Rahul Gupta,32,Male,B-,9919333545
3284,Sahil Verma,49,Male,A+,9313094252
3285,Sneha Kapoor,42,Female,AB-,9861484069
3286,Vikram Patel,29,Male,B+,9718060269
3287,Kavya Kapoor,40,Male,AB-,9760748777
3288,Divya Kapoor,33,Male,B+,9261894802
3289,Aditya Kapoor,57,Male,B+,9101529194
3290,Pooja Mehta,48,Male,AB-,9342130763
3291,Vikram Kapoor,45,Female,A-,9644683359
3292,Divya Sharma,48,Female,A-,9152564958
3293,Aditya Sharma,50,Male,O+,9751905483
3294,Kavya Verma,50,Male,B-,9509238425
3295,Priya Verma,18,Female,A-,9267472502
3296,Sahil Verma,40,Male,B+,9858155125
3297,Aman Reddy,60,Female,AB+,9673520256
3298,Rohan Patel,48,Male,AB-,9575255545
3299,Rohan Singh,27,Male,B-,9841796333
3300,Vikram Singh,28,Male,A-,9910010768
3301,Pooja Gupta,27,Female,B+,9870253965
3302,Anjali Singh,40,Female,A+,9504829596
3303,Anjali Mehta,31,Female,A+,9518341978
3304,Neha Reddy,33,Male,A-,9670771783
3305,Priya Gupta,43,Female,AB+,9212250457
3306,Neha Sharma,49,Female,B-,9700104110
3307,Pooja Verma,59,Female,B+,9114551406
3308,Aman Kapoor,42,Male,O+,9809849060
3309,Priya Gupta,60,Female,B-,9713010554
3310,Kavya Mehta,42,Male,AB-,9884365796
3311,Rohan Reddy,20,Female,AB-,9369967751
3312,Aman Singh,58,Male,AB-,9192854993
3313,Riya Gupta,22,Male,AB-,9454279308
3314,Riya Gupta,19,Male,O+,9736111573
3315,Karan Mehta,46,Female,AB-,9964204919
3316,Anjali Sharma,48,Male,B+,9119499324
3317,Rohan Singh,45,Male,A+,9176365212
3318,Kavya Verma,26,Male,B+,9430155209
3319,Aman Kapoor,54,Male,O+,9766046560
3320,Sahil Reddy,52,Female,O+,9139015138
3321,Kavya Kapoor,22,Male,O+,9626723507
3322,Kavya Kapoor,23,Male,B+,9570136897
3323,Sahil Sharma,47,Female,O-,9796588230
3324,Riya Mehta,33,Male,AB+,9317986019
3325,Sneha Verma,58,Female,AB-,9431535716
3326,Karan Sharma,50,Female,B+,9350369606
3327,Sneha Singh,20,Male,A-,9729313117
3328,Aman Mehta,19,Female,O-,9967104740
3329,Sahil Gupta,36,Female,AB+,9615329445
3330,Rahul Sharma,18,Male,O+,9702650916
3331,Aditya Patel,37,Female,O+,9633018119
3332,Sahil Gupta,54,Female,O-,9432333282
3333,Aman Patel,30,Female,AB-,9558090912
3334,Priya Gupta,39,Male,A+,9536697290
3335,Neha Mehta,38,Male,O-,9313867729
3336,Priya Patel,35,Female,B+,9598648995
3337,Aditya Verma,25,Female,B+,9711291696
3338,Sahil Kapoor,38,Male,A+,9845951520
3339,Divya Reddy,18,Male,AB-,9475556852
3340,Sneha Singh,51,Male,O-,9544019588
3341,Karan Patel,37,Male,A-,9437169503
3342,Pooja Mehta,57,Female,AB-,9402465524
3343,Riya Patel,33,Female,AB-,9909299884
3344,Rohan Gupta,32,Female,AB+,9943493564
3345,Aman Gupta,57,Male,O+,9711372996
3346,Neha Kapoor,34,Female,O-,9406111860
3347,Neha Gupta,44,Female,A+,9664599799
3348,Anjali Singh,32,Male,AB-,9637412357
3349,Riya Singh,56,Female,B-,9718066721
3350,Rohan Verma,33,Male,A-,9108564266
3351,Aditya Singh,21,Male,A-,9614040147
3352,Priya Reddy,38,Female,AB-,9306927649
3353,Pooja Patel,41,Female,O-,9959372397
3354,Vikram Singh,20,Male,A+,9146075055
3355,Pooja Gupta,54,Female,AB+,9509634059
3356,Aman Singh,57,Male,A+,9983647122
3357,Rahul Singh,40,Male,B+,9936214183
3358,Sneha Kapoor,47,Female,O+,9482508755
3359,Sahil Kapoor,39,Female,O-,9102487676
3360,Riya Verma,54,Male,A-,9380344818
3361,Divya Gupta,30,Female,AB-,9525791005
3362,Sahil Kapoor,23,Male,B-,9682010754
3363,Divya Sharma,31,Female,B+,9304541049
3364,Riya Singh,60,Male,A+,9366997758
3365,Karan Gupta,47,Female,B+,9384673797
3366,Riya Kapoor,59,Male,A+,9423473126
3367,Neha Reddy,55,Female,O+,9939055093
3368,Rahul Sharma,53,Female,B+,9711045924
3369,Rohan Patel,55,Male,B+,9964059023
3370,Aman Reddy,46,Female,A-,9600166348
3371,Rohan Kapoor,20,Female,B-,9442026461
3372,Priya Singh,32,Female,A+,9275416693
3373,Anjali Gupta,45,Female,AB-,9294534133
3374,Aditya Mehta,28,Male,B-,9243319373
3375,Vikram Kapoor,18,Male,A+,9244356050
3376,Arjun Patel,54,Male,B-,9319484826
3377,Rahul Kapoor,19,Male,B-,9372342683
3378,Riya Reddy,46,Male,A-,9819758689
3379,Riya Reddy,41,Male,O-,9558346197
3380,Vikram Reddy,57,Female,AB-,9367494277
3381,Priya Singh,35,Female,B-,9160183273
3382,Aman Singh,32,Female,O-,9283209692
3383,Neha Sharma,31,Female,B+,9150108003
3384,Vikram Gupta,47,Male,A+,9197567679
3385,Aditya Singh,28,Male,AB+,9155962557
3386,Divya Sharma,46,Female,AB+,9809264290
3387,Aditya Verma,48,Female,AB-,9985665500
3388,Rohan Patel,24,Male,AB+,9153736958
3389,Sahil Mehta,58,Male,O-,9265448759
3390,Kavya Singh,39,Male,B+,9267022514
3391,Arjun Sharma,55,Female,O+,9523272165
3392,Pooja Gupta,50,Male,B-,9621267068
3393,Neha Kapoor,46,Male,B+,9207083934
3394,Vikram Verma,23,Male,A-,9670066556
3395,Aditya Sharma,33,Female,O+,9966877318
3396,Priya Verma,47,Male,O-,9412832579
3397,Priya Kapoor,56,Male,AB-,9211206375
3398,Rohan Mehta,29,Female,A-,9630419606
3399,Sneha Singh,29,Male,O-,9516408272
3400,Rohan Kapoor,32,Female,B+,9275610233
3401,Rahul Mehta,36,Male,B+,9221318733
3402,Sahil Singh,42,Female,AB+,9734691587
3403,Sahil Kapoor,30,Male,B-,9317278817
3404,Pooja Gupta,37,Female,A+,9427204844
3405,Kavya Mehta,18,Female,O-,9122344090
3406,Anjali Sharma,41,Female,AB-,9176634497
3407,Arjun Kapoor,46,Female,AB+,9769922606
3408,Anjali Patel,45,Male,B+,9741810558
3409,Arjun Patel,32,Female,B+,9585707684
3410,Kavya Reddy,38,Male,B+,9485143378
3411,Vikram Sharma,44,Male,O+,9475046939
3412,Aman Singh,56,Male,A+,9802355819
3413,Divya Singh,27,Female,A-,9176596310
3414,Arjun Patel,31,Male,B+,9735024208
3415,Arjun Mehta,60,Female,B-,9568035089
3416,Neha Reddy,60,Male,O+,9285070646
3417,Pooja Singh,20,Female,O+,9181602007
3418,Arjun Gupta,57,Male,AB-,9204256082
3419,Karan Kapoor,24,Male,A+,9146825230
3420,Rohan Kapoor,28,Male,A-,9289816316
3421,Vikram Verma,29,Male,AB-,9904429430
3422,Pooja Verma,41,Male,O+,9683514119
3423,Riya Reddy,43,Female,A+,9211648957
3424,Sneha Mehta,34,Male,O+,9432112514
3425,Pooja Singh,18,Male,O+,9290762432
3426,Kavya Reddy,58,Female,B-,9993254743
3427,Arjun Mehta,42,Female,AB+,9528740584
3428,Pooja Verma,56,Female,B+,9333765973
3429,Pooja Singh,25,Male,O+,9968295630
3430,Vikram Singh,22,Male,B+,9118369308
3431,Pooja Verma,20,Female,B+,9756844639
3432,Rohan Kapoor,25,Female,O-,9648767863
3433,Sneha Verma,48,Female,B+,9986247548
3434,Riya Gupta,54,Male,B+,9651567503
3435,Karan Verma,53,Male,A+,9335514710
3436,Riya Patel,44,Male,B+,9858309093
3437,Rahul Sharma,18,Female,B-,9903154313
3438,Anjali Mehta,30,Female,B-,9203467018
3439,Rahul Mehta,58,Male,AB-,9969315458
3440,Anjali Gupta,33,Male,A+,9481476905
3441,Anjali Patel,57,Male,A+,9164039356
3442,Aditya Patel,52,Female,B+,9983297559
3443,Aditya Patel,33,Male,B+,9696796440
3444,Karan Patel,31,Male,O-,9537559503
3445,Aman Mehta,58,Male,O+,9290087877
3446,Sahil Reddy,24,Male,O+,9692866520
3447,Pooja Verma,18,Male,B-,9266486397
3448,Anjali Kapoor,32,Male,A-,9822657135
3449,Neha Mehta,29,Female,A-,9667316833
3450,Kavya Mehta,19,Female,O-,9629363665
3451,Sahil Verma,59,Male,O+,9911230903
3452,Divya Singh,18,Male,AB+,9365603228
3453,Aman Singh,47,Female,O+,9225390370
3454,Aditya Verma,40,Female,B-,9680913418
3455,Pooja Mehta,60,Female,B+,9888582016
3456,Rahul Singh,43,Female,AB-,9847250398
3457,Sahil Patel,28,Female,A-,9248569163
3458,Arjun Reddy,31,Female,B+,9468753641
3459,Arjun Kapoor,56,Female,O+,9774604694
3460,Rahul Reddy,37,Male,A+,9577870740
3461,Rohan Reddy,27,Female,O+,9733792928
3462,Pooja Verma,46,Female,O-,9123186044
3463,Rahul Reddy,37,Female,AB+,9700382710
3464,Divya Gupta,43,Female,A-,9646597878
3465,Karan Gupta,25,Female,O-,9360416611
3466,Pooja Reddy,51,Female,B-,9528066498
3467,Sneha Patel,36,Male,AB+,9411402048
3468,Arjun Sharma,56,Male,O+,9110643751
3469,Arjun Singh,25,Male,B+,9527855608
3470,Vikram Reddy,20,Female,O+,9411254113
3471,Priya Sharma,52,Male,AB+,9674066705
3472,Rohan Mehta,51,Male,B-,9100584937
3473,Karan Sharma,39,Female,AB+,9815925186
3474,Neha Reddy,34,Male,AB-,9546670196
3475,Neha Sharma,27,Female,AB-,9113663756
3476,Priya Sharma,31,Male,AB-,9873312996
3477,Sahil Patel,24,Female,B-,9118562199
3478,Divya Patel,36,Male,AB+,9923832833
3479,Karan Reddy,52,Female,O+,9581922713
3480,Priya Reddy,19,Male,O-,9273941324
3481,Riya Sharma,19,Male,B-,9559268147
3482,Divya Verma,21,Male,AB+,9417426432
3483,Pooja Gupta,26,Male,O+,9619635172
3484,Rohan Mehta,45,Female,AB-,9276989901
3485,Pooja Sharma,42,Male,B+,9225444347
3486,Arjun Mehta,57,Female,O-,9247024266
3487,Arjun Patel,29,Male,B+,9234093369
3488,Rahul Mehta,33,Male,AB+,9571992022
3489,Rahul Gupta,49,Female,O-,9517468282
3490,Pooja Gupta,38,Female,B-,9745085049
3491,Riya Mehta,28,Male,B-,9673783531
3492,Neha Mehta,18,Female,A-,9247295778
3493,Pooja Mehta,40,Male,A-,9278481809
3494,Priya Sharma,33,Female,B+,9806964540
3495,Anjali Verma,22,Female,B-,9936231141
3496,Vikram Reddy,49,Male,O+,9929359146
3497,Rohan Kapoor,57,Female,AB-,9864896624
3498,Arjun Mehta,28,Male,AB+,9282870232
3499,Divya Singh,38,Male,O+,9224184852
3500,Arjun Reddy,41,Male,O-,9171468379
3501,Priya Mehta,21,Male,AB-,9431264192
3502,Aman Gupta,46,Female,AB+,9389099621
3503,Kavya Kapoor,41,Male,AB-,9929333768
3504,Vikram Gupta,46,Female,A-,9994713443
3505,Aditya Verma,40,Female,O-,9314145782
3506,Rohan Gupta,56,Male,A+,9457953357
3507,Neha Reddy,50,Male,B-,9309632760
3508,Sneha Kapoor,44,Male,A-,9839143299
3509,Karan Kapoor,59,Male,O+,9140195056
3510,Kavya Singh,53,Male,AB-,9952984682
3511,Anjali Reddy,52,Female,B-,9110353744
3512,Pooja Patel,29,Female,A-,9436576114
3513,Anjali Verma,46,Female,O+,9450807271
3514,Karan Mehta,32,Female,A+,9209013966
3515,Sneha Mehta,45,Female,B-,9414109605
3516,Rohan Patel,49,Male,O-,9575338076
3517,Sahil Singh,55,Female,A-,9433280484
3518,Neha Kapoor,43,Male,AB+,9503802726
3519,Riya Gupta,39,Male,A+,9840338262
3520,Priya Verma,21,Female,O-,9344678956
3521,Rahul Kapoor,39,Male,A-,9856206028
3522,Aman Patel,60,Female,AB+,9282752130
3523,Pooja Patel,35,Female,O-,9725818533
3524,Divya Reddy,28,Female,O-,9452824489
3525,Divya Singh,51,Male,A+,9292360970
3526,Vikram Verma,46,Female,A-,9980470108
3527,Vikram Gupta,51,Male,O-,9187992381
3528,Aditya Sharma,39,Female,AB+,9452972723
3529,Sneha Gupta,31,Female,O-,9916633730
3530,Anjali Patel,51,Male,A-,9295662827
3531,Karan Sharma,31,Female,O+,9675929413
3532,Sneha Verma,54,Male,O-,9995814380
3533,Aman Gupta,39,Male,A+,9892301737
3534,Anjali Verma,46,Female,A+,9497720983
3535,Arjun Singh,53,Female,O+,9728354912
3536,Karan Kapoor,41,Male,AB-,9899415311
3537,Rahul Reddy,18,Female,B-,9235867560
3538,Sahil Sharma,25,Male,B-,9945319144
3539,Aman Sharma,33,Male,O-,9430040079
3540,Vikram Mehta,40,Male,B-,9876859667
3541,Riya Sharma,54,Male,AB-,9987288467
3542,Sneha Verma,20,Female,AB-,9165494534
3543,Vikram Gupta,31,Female,B-,9529991641
3544,Aman Mehta,51,Female,B-,9507071250
3545,Sahil Singh,46,Male,B-,9841104253
3546,Divya Patel,54,Male,B-,9479277669
3547,Neha Sharma,18,Female,AB-,9906676189
3548,Riya Verma,41,Female,O-,9814746048
3549,Neha Verma,59,Female,O+,9980909985
3550,Sahil Kapoor,55,Female,B+,9483399227
3551,Divya Verma,24,Female,AB+,9364247146
3552,Sahil Sharma,60,Male,B-,9606308772
3553,Kavya Singh,47,Male,B+,9684869609
3554,Riya Patel,44,Male,AB-,9367763303
3555,Pooja Singh,51,Male,O+,9966765128
3556,Rohan Gupta,22,Female,A-,9137540074
3557,Sneha Reddy,38,Male,AB-,9674895555
3558,Pooja Patel,34,Male,AB-,9233616139
3559,Priya Kapoor,60,Male,B+,9626579042
3560,Karan Sharma,34,Male,O-,9550647757
3561,Karan Patel,26,Male,AB+,9780494630
3562,Rohan Gupta,47,Male,B-,9735631188
3563,Arjun Kapoor,19,Female,A+,9549241856
3564,Kavya Patel,34,Male,B+,9285900374
3565,Rohan Reddy,35,Female,AB-,9220136491
3566,Neha Mehta,52,Female,B+,9627164268
3567,Sneha Reddy,35,Male,A+,9789131248
3568,Riya Verma,24,Female,AB+,9932858219
3569,Priya Kapoor,37,Male,A-,9644663192
3570,Kavya Kapoor,53,Female,O-,9799971837
3571,Divya Kapoor,32,Male,O+,9404904755
3572,Kavya Reddy,18,Female,A-,9349696697
3573,Rahul Sharma,57,Male,AB-,9307233660
3574,Riya Sharma,29,Male,O+,9243065640
3575,Divya Gupta,28,Male,AB+,9172821248
3576,Anjali Kapoor,23,Male,AB-,9583409569
3577,Aditya Singh,18,Female,AB+,9171172715
3578,Rahul Sharma,49,Female,A-,9706692213
3579,Karan Singh,35,Female,B-,9691458123
3580,Aman Sharma,57,Female,AB+,9206075687
3581,Vikram Singh,35,Female,A+,9730696309
3582,Kavya Singh,42,Female,O+,9319780028
3583,Anjali Singh,41,Male,O-,9420562730
3584,Vikram Singh,36,Male,AB+,9993763079
3585,Karan Singh,44,Male,A-,9672915779
3586,Priya Sharma,30,Female,O+,9664616896
3587,Riya Verma,42,Male,A+,9609910484
3588,Rahul Singh,52,Female,O-,9845669210
3589,Anjali Sharma,27,Male,A+,9738400523
3590,Arjun Kapoor,43,Female,B+,9175246152
3591,Divya Kapoor,44,Male,A+,9463959990
3592,Aditya Reddy,56,Female,A+,9164352029
3593,Sneha Reddy,33,Male,AB-,9956782979
3594,Rahul Sharma,47,Male,O-,9196073310
3595,Karan Sharma,59,Female,B+,9272064671
3596,Aman Verma,31,Female,A+,9898052605
3597,Kavya Verma,59,Female,O-,9253045844
3598,Anjali Verma,19,Female,AB-,9862297878
3599,Rohan Patel,25,Female,A-,9711473873
3600,Anjali Verma,48,Male,O-,9375774830
3601,Pooja Kapoor,44,Male,B+,9985893442
3602,Neha Gupta,36,Male,B+,9487133229
3603,Vikram Verma,59,Female,A+,9254694774
3604,Arjun Singh,31,Female,A-,9252381222
3605,Rahul Gupta,37,Female,O-,9293589775
3606,Sahil Sharma,31,Male,O+,9788862069
3607,Divya Mehta,24,Male,B+,9605007363
3608,Riya Verma,59,Female,AB+,9873308960
3609,Rahul Singh,35,Female,AB-,9727436866
3610,Divya Verma,42,Male,B+,9213568279
3611,Sneha Verma,38,Male,B+,9964816572
3612,Riya Patel,36,Female,AB+,9614289576
3613,Riya Patel,26,Male,O-,9507344545
3614,Priya Sharma,50,Female,AB+,9589826537
3615,Rohan Sharma,50,Male,O-,9981396409
3616,Aman Verma,54,Male,O-,9413077261
3617,Vikram Verma,45,Female,A+,9154064947
3618,Sahil Kapoor,43,Male,B-,9943341577
3619,Arjun Kapoor,35,Female,O+,9390360213
3620,Aditya Sharma,50,Male,A-,9340519718
3621,Riya Mehta,35,Female,B+,9258950514
3622,Rahul Singh,22,Male,B-,9898305910
3623,Kavya Singh,18,Female,AB-,9101599970
3624,Karan Kapoor,18,Male,A+,9119513871
3625,Sahil Kapoor,36,Female,O-,9356917100
3626,Sneha Sharma,18,Male,A-,9370714544
3627,Sneha Patel,18,Male,A-,9512835580
3628,Vikram Kapoor,26,Female,B-,9590427635
3629,Aditya Sharma,42,Male,AB-,9422338978
3630,Aman Patel,48,Female,O+,9363006459
3631,Priya Sharma,19,Female,B-,9367405921
3632,Riya Verma,24,Male,O-,9188564299
3633,Sneha Verma,38,Male,AB-,9845502042
3634,Rohan Mehta,50,Male,AB+,9261148492
3635,Rahul Kapoor,58,Female,A+,9173458529
3636,Divya Kapoor,38,Male,AB+,9543318944
3637,Riya Sharma,46,Female,O+,9717137562
3638,Rohan Gupta,55,Female,O+,9563794658
3639,Aditya Singh,21,Male,A+,9691134013
3640,Vikram Gupta,59,Male,B+,9858426762
3641,Aman Singh,26,Male,O-,9740447815
3642,Pooja Sharma,27,Female,B+,9136164368
3643,Divya Verma,49,Female,AB-,9245967878
3644,Aditya Kapoor,40,Male,O+,9434549002
3645,Anjali Kapoor,40,Female,A+,9109042266
3646,Pooja Verma,28,Male,B+,9692340913
3647,Arjun Verma,53,Male,O+,9174564173
3648,Anjali Mehta,40,Male,AB+,9814638134
3649,Sahil Verma,20,Male,O-,9745979232
3650,Anjali Kapoor,21,Female,O+,9538514565
3651,Rahul Sharma,23,Male,B-,9660892225
3652,Vikram Reddy,23,Male,A-,9876751580
3653,Anjali Kapoor,26,Female,A-,9476719621
3654,Aman Singh,19,Female,AB-,9112378468
3655,Kavya Patel,45,Female,B-,9974988696
3656,Rohan Gupta,42,Male,AB+,9803399213
3657,Anjali Singh,46,Female,B-,9780766368
3658,Pooja Patel,19,Male,A-,9457444674
3659,Neha Sharma,41,Female,B-,9885859825
3660,Pooja Reddy,27,Female,B-,9475511492
3661,Riya Verma,49,Female,B+,9275215227
3662,Arjun Verma,26,Female,B+,9523313146
3663,Aditya Sharma,50,Female,O+,9855476553
3664,Sahil Mehta,43,Male,B+,9396419255
3665,Aman Reddy,44,Female,AB+,9948370834
3666,Pooja Reddy,47,Male,B+,9720817231
3667,Priya Kapoor,41,Male,A+,9543220163
3668,Sneha Gupta,50,Female,AB+,9256309347
3669,Vikram Kapoor,38,Female,B-,9430282480
3670,Priya Gupta,44,Female,B+,9218608583
3671,Vikram Verma,39,Female,AB+,9749185641
3672,Divya Singh,40,Female,B+,9118459667
3673,Sahil Gupta,36,Male,A-,9208528825
3674,Kavya Kapoor,52,Male,B+,9597785971
3675,Neha Sharma,60,Female,B-,9429341319
3676,Neha Mehta,55,Female,B+,9877405890
3677,Aman Gupta,55,Female,A+,9535028428
3678,Sahil Gupta,19,Female,A-,9976773205
3679,Sneha Sharma,29,Male,B+,9975290209
3680,Divya Gupta,30,Female,A-,9961299031
3681,Anjali Kapoor,19,Male,O+,9154715416
3682,Pooja Patel,18,Male,O-,9252769430
3683,Sneha Patel,21,Male,B-,9275187063
3684,Priya Kapoor,24,Female,A+,9186094666
3685,Aman Gupta,20,Male,B-,9419775373
3686,Kavya Verma,33,Male,O-,9902663395
3687,Sneha Reddy,59,Female,A+,9938242627
3688,Sneha Patel,27,Female,A+,9874982328
3689,Rohan Verma,55,Female,O-,9982052713
3690,Arjun Mehta,18,Male,A-,9321226278
3691,Aditya Mehta,32,Female,B+,9858242981
3692,Sneha Sharma,48,Male,O-,9661122703
3693,Rahul Reddy,26,Female,A+,9867788616
3694,Neha Reddy,25,Female,A-,9558221441
3695,Rahul Verma,57,Female,B+,9239348578
3696,Karan Patel,34,Female,O-,9932036025
3697,Sneha Kapoor,49,Female,B-,9143291532
3698,Aditya Patel,53,Male,A+,9295486701
3699,Pooja Sharma,53,Female,AB-,9599850534
3700,Priya Sharma,28,Female,AB+,9308471970
3701,Vikram Kapoor,43,Male,B+,9985021510
3702,Sneha Patel,55,Male,O+,9746891673
3703,Sahil Mehta,47,Female,O+,9815522004
3704,Kavya Sharma,42,Female,AB-,9171181802
3705,Riya Verma,33,Female,B+,9196038353
3706,Arjun Sharma,25,Female,AB+,9984174240
3707,Vikram Patel,22,Male,O-,9110357517
3708,Karan Kapoor,41,Male,AB+,9939418994
3709,Anjali Gupta,31,Male,B-,9720501769
3710,Vikram Gupta,52,Female,A-,9336642661
3711,Rahul Sharma,37,Male,O+,9744982771
3712,Aman Sharma,38,Male,A+,9258226709
3713,Sneha Mehta,22,Female,O-,9872766784
3714,Divya Patel,36,Female,B-,9348129275
3715,Arjun Kapoor,37,Male,A-,9103371834
3716,Arjun Sharma,25,Female,O-,9551627750
3717,Rohan Singh,49,Female,A-,9443658910
3718,Kavya Kapoor,53,Female,AB-,9899357837
3719,Sneha Singh,52,Male,O-,9629010366
3720,Arjun Verma,26,Male,AB-,9921495018
3721,Kavya Verma,39,Female,AB+,9266177088
3722,Sahil Sharma,60,Female,B+,9343828244
3723,Sahil Sharma,27,Female,AB+,9567219082
3724,Divya Gupta,45,Female,O-,9251769571
3725,Priya Mehta,22,Female,A-,9129330836
3726,Aditya Kapoor,21,Female,A-,9488322810
3727,Sahil Gupta,59,Female,B-,9616635640
3728,Priya Kapoor,24,Female,AB-,9429526663
3729,Neha Sharma,29,Female,AB+,9981904910
3730,Aman Gupta,50,Female,O-,9821252726
3731,Anjali Patel,21,Male,B+,9456837467
3732,Rohan Patel,51,Female,B+,9584116100
3733,Anjali Gupta,20,Female,O+,9560217320
3734,Rohan Singh,18,Female,O+,9833572515
3735,Karan Singh,48,Male,B-,9463201016
3736,Karan Patel,48,Female,B+,9484544028
3737,Vikram Kapoor,51,Female,O-,9752170882
3738,Priya Patel,60,Male,AB+,9655137912
3739,Sahil Kapoor,29,Male,AB-,9937703414
3740,Divya Kapoor,34,Male,AB-,9946330579
3741,Rahul Singh,48,Male,O+,9896935161
3742,Aman Mehta,56,Female,O+,9376351483
3743,Rahul Mehta,30,Female,O+,9583432760
3744,Priya Reddy,50,Female,O-,9863086777
3745,Arjun Mehta,34,Male,O+,9182650678
3746,Rahul Kapoor,51,Female,B+,9294269615
3747,Kavya Kapoor,43,Male,O-,9882374165
3748,Karan Singh,21,Male,B+,9790915223
3749,Vikram Reddy,24,Male,A-,9997558624
3750,Aditya Mehta,59,Female,O+,9751489939
3751,Sneha Reddy,24,Female,B+,9161424650
3752,Pooja Singh,57,Female,A-,9410257828
3753,Rohan Patel,54,Male,A+,9502435111
3754,Anjali Verma,45,Male,B-,9727617273
3755,Anjali Singh,19,Male,O+,9710571363
3756,Rahul Verma,35,Male,O+,9388447450
3757,Kavya Verma,21,Female,A+,9176721925
3758,Aditya Reddy,19,Male,A-,9529563416
3759,Karan Reddy,20,Female,A+,9135324099
3760,Pooja Kapoor,31,Male,O+,9996714792
3761,Aditya Singh,34,Female,O+,9720163305
3762,Neha Verma,46,Male,AB+,9940224182
3763,Aditya Patel,33,Male,B-,9704325139
3764,Priya Patel,38,Female,A+,9267797666
3765,Divya Mehta,24,Male,B-,9236602037
3766,Aditya Singh,49,Male,A-,9271868828
3767,Sneha Patel,32,Female,A+,9420474498
3768,Riya Sharma,26,Female,O+,9585935286
3769,Sahil Mehta,28,Female,B+,9693741395
3770,Pooja Mehta,31,Female,AB+,9769401451
3771,Divya Sharma,46,Male,O+,9423574913
3772,Rahul Patel,49,Female,O+,9123300625
3773,Anjali Sharma,52,Male,A-,9706712173
3774,Anjali Sharma,28,Male,A-,9498791621
3775,Pooja Kapoor,57,Male,AB+,9378150741
3776,Priya Kapoor,29,Male,AB-,9306618540
3777,Neha Kapoor,29,Male,B+,9362721556
3778,Divya Verma,20,Male,AB-,9800053921
3779,Arjun Mehta,21,Male,B-,9462543159
3780,Pooja Mehta,20,Male,O+,9723731541
3781,Pooja Kapoor,57,Male,B-,9306961702
3782,Anjali Gupta,33,Female,B+,9735757701
3783,Riya Singh,18,Male,AB-,9705945411
3784,Neha Verma,26,Female,AB+,9197136989
3785,Anjali Sharma,46,Female,O+,9436142310
3786,Vikram Sharma,25,Male,B-,9633019373
3787,Sahil Kapoor,22,Female,O-,9431775492
3788,Divya Gupta,28,Male,A+,9512242536
3789,Anjali Gupta,59,Male,B-,9581183137
3790,Arjun Verma,55,Male,B+,9524689817
3791,Aditya Verma,32,Male,O-,9499836803
3792,Neha Patel,26,Female,AB+,9608365807
3793,Arjun Singh,60,Female,AB+,9511345272
3794,Sneha Singh,19,Female,A-,9581647157
3795,Neha Sharma,18,Male,AB+,9438663589
3796,Vikram Gupta,21,Male,B+,9857149631
3797,Sneha Verma,40,Male,AB-,9480776483
3798,Rahul Mehta,24,Female,B-,9872874362
3799,Vikram Verma,55,Male,AB+,9355295845
3800,Priya Reddy,49,Female,B+,9380169662
3801,Aditya Singh,41,Female,B+,9264631914
3802,Aman Kapoor,34,Female,A-,9734260115
3803,Anjali Sharma,37,Female,O-,9144503746
3804,Riya Reddy,58,Female,B-,9324379394
3805,Neha Singh,55,Female,AB-,9202300758
3806,Divya Sharma,28,Female,O-,9869241149
3807,Pooja Patel,35,Male,AB-,9783479418
3808,Divya Kapoor,52,Male,AB-,9851050984
3809,Riya Reddy,26,Female,B+,9119316032
3810,Rohan Patel,48,Male,B+,9489137566
3811,Pooja Kapoor,58,Female,AB-,9186063733
3812,Sahil Singh,53,Male,B+,9297103457
3813,Divya Sharma,24,Male,AB-,9883118674
3814,Sahil Singh,37,Female,B+,9693210831
3815,Riya Kapoor,55,Female,B+,9793765080
3816,Rahul Verma,28,Male,B-,9393697349
3817,Aman Gupta,54,Male,A+,9946174067
3818,Rahul Patel,43,Male,O-,9142689241
3819,Vikram Patel,43,Male,AB+,9992326860
3820,Arjun Sharma,55,Female,O+,9308526364
3821,Anjali Verma,48,Female,A+,9120146673
3822,Neha Verma,21,Male,B-,9363722073
3823,Divya Kapoor,52,Male,B+,9272144551
3824,Pooja Reddy,23,Male,B-,9510514576
3825,Rahul Sharma,44,Male,B+,9595428333
3826,Kavya Sharma,38,Female,AB+,9529747212
3827,Sneha Patel,21,Female,O+,9239370727
3828,Sahil Gupta,31,Female,A+,9115811244
3829,Arjun Kapoor,47,Male,B-,9391388729
3830,Riya Verma,46,Female,B+,9339370760
3831,Sneha Kapoor,30,Female,A-,9113347477
3832,Rohan Gupta,23,Female,AB+,9247335514
3833,Karan Verma,42,Female,AB+,9977383817
3834,Pooja Verma,30,Female,B+,9598132464
3835,Kavya Patel,51,Female,O-,9551211290
3836,Priya Patel,31,Female,AB+,9293338752
3837,Priya Gupta,45,Male,O-,9451965909
3838,Arjun Verma,50,Female,A+,9192924475
3839,Kavya Kapoor,29,Female,B+,9144212790
3840,Anjali Gupta,53,Male,O-,9430339309
3841,Rohan Gupta,22,Female,B+,9335175546
3842,Rohan Mehta,45,Female,B-,9637926569
3843,Sahil Gupta,46,Male,B+,9485403961
3844,Pooja Mehta,32,Female,B+,9548847292
3845,Priya Gupta,47,Male,B-,9653747656
3846,Riya Gupta,22,Male,A+,9739542236
3847,Arjun Kapoor,50,Female,AB-,9617230874
3848,Rohan Singh,23,Female,AB+,9351745039
3849,Arjun Sharma,20,Male,O-,9672981414
3850,Aman Gupta,45,Male,AB+,9624768498
3851,Riya Verma,36,Male,O-,9642442371
3852,Rohan Gupta,31,Female,A+,9525394274
3853,Sahil Verma,52,Female,AB-,9546287679
3854,Rohan Patel,47,Male,O+,9910694793
3855,Neha Patel,53,Male,AB-,9807726398
3856,Pooja Verma,51,Female,A+,9164221002
3857,Vikram Reddy,48,Male,A-,9111910988
3858,Pooja Mehta,20,Female,O+,9121940697
3859,Pooja Kapoor,41,Female,O+,9135719308
3860,Arjun Sharma,32,Male,O-,9386698793
3861,Riya Kapoor,31,Male,O+,9618667746
3862,Aditya Kapoor,19,Female,O-,9852524485
3863,Sneha Singh,29,Male,O+,9540569808
3864,Kavya Gupta,23,Male,O-,9645552379
3865,Riya Mehta,31,Female,A+,9515764458
3866,Kavya Kapoor,54,Female,B-,9427147583
3867,Anjali Reddy,43,Male,AB-,9957726406
3868,Arjun Sharma,60,Female,B+,9249248949
3869,Sneha Reddy,21,Female,O+,9921406308
3870,Aman Patel,46,Male,O+,9519569086
3871,Karan Singh,21,Male,O+,9919271478
3872,Anjali Sharma,48,Male,B+,9923278321
3873,Aman Singh,49,Male,B+,9549553756
3874,Arjun Kapoor,32,Female,A-,9591281062
3875,Rahul Patel,37,Female,B+,9535107177
3876,Pooja Singh,19,Male,B-,9193520806
3877,Neha Mehta,37,Male,A-,9403092603
3878,Divya Patel,46,Male,O+,9742972069
3879,Anjali Verma,57,Female,O-,9303850875
3880,Rahul Mehta,34,Male,AB+,9349108379
3881,Rohan Kapoor,21,Male,A-,9600265347
3882,Sneha Patel,48,Male,O+,9780771305
3883,Sahil Gupta,60,Male,A-,9469087826
3884,Priya Verma,42,Female,B+,9802279710
3885,Aman Mehta,18,Male,O-,9931839255
3886,Priya Verma,48,Male,B+,9542667554
3887,Pooja Sharma,46,Male,B-,9133380298
3888,Priya Verma,47,Male,O+,9261300328
3889,Anjali Patel,53,Male,AB+,9994344884
3890,Pooja Mehta,19,Male,O-,9258167718
3891,Arjun Singh,59,Female,AB+,9195366868
3892,Aman Patel,52,Male,O+,9736016274
3893,Sneha Patel,25,Male,O-,9536094349
3894,Sahil Singh,18,Male,B+,9117977747
3895,Neha Verma,47,Male,B+,9552345128
3896,Karan Gupta,35,Female,B-,9450108093
3897,Sahil Singh,59,Female,AB-,9660408053
3898,Kavya Sharma,23,Male,A+,9890042804
3899,Pooja Singh,37,Male,AB-,9330800403
3900,Riya Sharma,55,Male,B+,9339260704
3901,Aditya Mehta,33,Male,B+,9691975017
3902,Rohan Reddy,43,Male,B-,9755030693
3903,Sahil Reddy,18,Male,AB+,9360149444
3904,Sahil Mehta,26,Female,A+,9477882582
3905,Divya Kapoor,45,Female,A-,9851525130
3906,Aditya Mehta,35,Male,B-,9529612494
3907,Rohan Singh,25,Female,O-,9635166850
3908,Neha Mehta,35,Female,O+,9263498832
3909,Karan Singh,32,Female,A+,9509266882
3910,Sahil Reddy,56,Female,AB+,9728468793
3911,Aman Singh,41,Female,O-,9815731734
3912,Anjali Singh,21,Female,B+,9749433630
3913,Sahil Singh,28,Female,B+,9111896665
3914,Sahil Patel,43,Male,O-,9711169501
3915,Riya Singh,30,Female,O+,9755275455
3916,Vikram Kapoor,31,Female,O-,9529300498
3917,Aditya Reddy,46,Male,AB-,9938580505
3918,Riya Sharma,37,Male,B-,9373596878
3919,Anjali Sharma,51,Female,B-,9202698732
3920,Arjun Kapoor,56,Male,A-,9266170017
3921,Vikram Patel,18,Male,A+,9171402243
3922,Pooja Gupta,21,Female,O+,9257618963
3923,Aman Gupta,59,Male,A+,9405204948
3924,Aman Kapoor,37,Male,A+,9319177811
3925,Kavya Mehta,27,Female,B+,9135618183
3926,Riya Mehta,60,Female,AB+,9271550550
3927,Vikram Gupta,18,Female,B+,9159712073
3928,Anjali Kapoor,39,Male,A+,9712277329
3929,Kavya Patel,45,Male,AB+,9699898819
3930,Sahil Singh,54,Male,AB-,9531964443
3931,Vikram Sharma,23,Female,AB-,9364145747
3932,Rahul Reddy,57,Female,O+,9207915391
3933,Riya Mehta,48,Male,AB+,9107223665
3934,Pooja Kapoor,37,Female,AB+,9229403043
3935,Anjali Mehta,32,Male,B-,9617717364
3936,Arjun Patel,24,Male,A+,9632791379
3937,Kavya Reddy,30,Male,A-,9632929258
3938,Divya Sharma,32,Female,A-,9913433877
3939,Anjali Sharma,27,Female,A-,9734351958
3940,Karan Reddy,30,Male,O-,9143287667
3941,Karan Gupta,29,Female,AB+,9395345217
3942,Aditya Gupta,53,Male,AB+,9629765212
3943,Riya Sharma,46,Female,B+,9931577467
3944,Neha Mehta,22,Male,O-,9544033967
3945,Arjun Verma,56,Male,O-,9776323071
3946,Priya Mehta,23,Female,B-,9805888557
3947,Anjali Mehta,23,Female,AB-,9511808619
3948,Karan Gupta,20,Male,AB-,9646409482
3949,Rahul Mehta,40,Male,A-,9444629187
3950,Aditya Gupta,35,Female,AB-,9367228959
3951,Sneha Patel,21,Female,O-,9102891417
3952,Priya Gupta,18,Male,A+,9869684435
3953,Pooja Mehta,37,Male,AB+,9119729988
3954,Neha Singh,29,Male,A+,9831188786
3955,Karan Patel,43,Male,A+,9356138322
3956,Divya Patel,35,Male,O-,9673569473
3957,Rahul Singh,43,Female,B+,9752921459
3958,Arjun Verma,42,Female,O+,9861598608
3959,Karan Kapoor,33,Female,O+,9241896216
3960,Karan Sharma,30,Female,AB+,9383088922
3961,Rahul Sharma,45,Female,A+,9642872186
3962,Kavya Sharma,56,Male,A+,9829606364
3963,Sneha Verma,52,Female,B-,9184676105
3964,Aman Kapoor,27,Female,O+,9207653333
3965,Sneha Mehta,52,Female,AB-,9702237322
3966,Priya Mehta,28,Female,B-,9300221414
3967,Sneha Verma,56,Female,A+,9417042260
3968,Aditya Singh,27,Male,AB-,9342547852
3969,Kavya Sharma,48,Female,AB+,9490153180
3970,Rohan Gupta,48,Male,B+,9787809411
3971,Karan Verma,46,Male,AB+,9519190425
3972,Aman Mehta,33,Female,O+,9951125259
3973,Kavya Patel,44,Male,O+,9293060906
3974,Neha Mehta,54,Female,A+,9490092645
3975,Neha Sharma,26,Female,A-,9894421988
3976,Pooja Sharma,26,Female,O-,9972903266
3977,Aditya Sharma,31,Female,O+,9151989168
3978,Arjun Sharma,43,Male,A+,9525445097
3979,Sahil Kapoor,45,Male,AB-,9147262675
3980,Vikram Verma,59,Female,AB+,9999172542
3981,Rahul Verma,18,Male,A+,9736047284
3982,Sneha Singh,21,Male,A+,9253719450
3983,Divya Singh,19,Female,AB-,9269736666
3984,Karan Reddy,41,Female,AB-,9348319133
3985,Sneha Singh,43,Male,A+,9769242857
3986,Riya Sharma,26,Female,AB-,9974807053
3987,Kavya Gupta,60,Female,AB+,9971148490
3988,Rohan Singh,20,Female,AB+,9902264040
3989,Pooja Gupta,39,Male,A-,9233525943
3990,Rahul Verma,53,Female,AB-,9775652564
3991,Divya Kapoor,36,Female,AB-,9527496252
3992,Sahil Singh,28,Female,B+,9232443879
3993,Kavya Reddy,21,Female,O+,9507899679
3994,Rahul Kapoor,44,Male,O+,9249829685
3995,Pooja Patel,19,Female,A+,9418184805
3996,Aditya Singh,44,Female,A+,9240748043
3997,Karan Mehta,22,Female,AB-,9129176942
3998,Aman Mehta,30,Male,A-,9573755379
3999,Neha Verma,45,Female,A-,9439338270
4000,Riya Sharma,40,Female,A+,9500956334
4001,Vikram Singh,34,Female,A-,9324614789
4002,Neha Mehta,37,Female,AB+,9160789252
4003,Sahil Gupta,41,Male,A-,9830154541
4004,Arjun Reddy,55,Male,AB-,9875973810
4005,Aditya Verma,54,Male,O+,9566784800
4006,Pooja Patel,55,Male,O+,9454439734
4007,Sahil Verma,53,Male,B-,9446033849
4008,Kavya Gupta,58,Female,O+,9687270868
4009,Rahul Mehta,47,Male,B+,9360798337
4010,Kavya Reddy,23,Female,B-,9106420084
4011,Sneha Singh,28,Male,AB-,9564379001
4012,Kavya Kapoor,31,Male,B+,9841100072
4013,Kavya Kapoor,26,Male,O+,9410414273
4014,Rohan Sharma,29,Male,AB-,9357776491
4015,Anjali Patel,47,Female,B+,9377333882
4016,Anjali Reddy,48,Male,B+,9340340331
4017,Arjun Singh,20,Male,B-,9836598184
4018,Anjali Sharma,54,Male,AB+,9839528774
4019,Rahul Verma,45,Male,B-,9917273630
4020,Anjali Gupta,36,Male,B-,9418818039
4021,Kavya Verma,56,Male,A+,9958666421
4022,Kavya Mehta,38,Male,AB-,9388545571
4023,Arjun Singh,42,Male,O-,9447470858
4024,Riya Verma,30,Male,A-,9131626483
4025,Rahul Patel,36,Male,B-,9823094929
4026,Vikram Singh,45,Male,B+,9629100384
4027,Aditya Reddy,47,Male,B-,9180994747
4028,Riya Sharma,43,Female,AB+,9883953139
4029,Kavya Sharma,46,Male,B-,9699697364
4030,Divya Sharma,33,Female,A+,9459765872
4031,Arjun Singh,57,Female,B+,9776644713
4032,Pooja Verma,20,Female,AB+,9881603066
4033,Priya Singh,49,Female,A+,9825202546
4034,Riya Reddy,41,Male,O+,9586880829
4035,Riya Singh,41,Male,O+,9991642144
4036,Anjali Sharma,20,Male,O+,9304988340
4037,Divya Patel,34,Female,A-,9403573126
4038,Aditya Gupta,38,Female,B-,9212192265
4039,Karan Reddy,54,Female,A-,9376689804
4040,Riya Sharma,55,Female,AB-,9115253620
4041,Pooja Kapoor,27,Female,O+,9418470593
4042,Karan Singh,26,Male,AB+,9509102099
4043,Sneha Singh,24,Male,A-,9809241789
4044,Sneha Mehta,57,Female,AB-,9344789978
4045,Rohan Sharma,18,Male,B+,9835573274
4046,Aditya Patel,28,Male,B-,9976839511
4047,Pooja Reddy,37,Male,B+,9466154497
4048,Sahil Reddy,50,Female,A-,9651250266
4049,Vikram Singh,31,Female,O-,9162071486
4050,Arjun Gupta,22,Female,A+,9512767481
4051,Aman Kapoor,34,Female,O+,9428508459
4052,Aditya Gupta,43,Male,AB-,9653314082
4053,Riya Reddy,57,Female,O+,9307015005
4054,Neha Sharma,57,Female,B+,9316177102
4055,Sahil Verma,21,Male,B+,9547944517
4056,Aman Patel,43,Male,A+,9206253684
4057,Riya Mehta,40,Female,O-,9834851529
4058,Riya Gupta,39,Female,O+,9446253503
4059,Arjun Mehta,49,Female,A-,9284842392
4060,Rohan Reddy,45,Female,A+,9107353617
4061,Priya Patel,51,Female,AB-,9659440441
4062,Riya Singh,36,Male,AB-,9176548248
4063,Riya Patel,40,Female,AB-,9214365722
4064,Vikram Singh,34,Female,AB+,9173777969
4065,Kavya Gupta,18,Male,B-,9316456600
4066,Riya Patel,19,Male,AB-,9981093466
4067,Kavya Sharma,22,Female,A+,9363228241
4068,Riya Kapoor,20,Female,AB+,9265230512
4069,Karan Patel,21,Male,A+,9956108975
4070,Arjun Sharma,52,Male,A+,9753600959
4071,Rohan Verma,31,Female,A+,9726938297
4072,Riya Verma,56,Female,O-,9981830988
4073,Kavya Singh,35,Female,B+,9696182986
4074,Rohan Verma,31,Female,O+,9754330632
4075,Rohan Sharma,37,Female,A+,9598257752
4076,Karan Mehta,42,Female,AB+,9647006415
4077,Rahul Mehta,49,Male,AB+,9826741310
4078,Rahul Mehta,55,Male,B+,9806372967
4079,Riya Sharma,28,Female,AB+,9257989166
4080,Priya Kapoor,23,Female,B+,9456614938
4081,Rohan Sharma,47,Male,AB+,9264889013
4082,Priya Kapoor,24,Female,O-,9605909555
4083,Pooja Patel,47,Female,AB-,9222061664
4084,Pooja Verma,50,Female,AB+,9837376984
4085,Anjali Kapoor,18,Male,AB-,9944721129
4086,Sahil Gupta,24,Female,B+,9362736640
4087,Neha Singh,45,Male,AB-,9875855314
4088,Sahil Gupta,28,Female,O+,9616003342
4089,Pooja Kapoor,24,Female,B-,9851397931
4090,Rahul Patel,43,Male,B-,9805666604
4091,Aman Mehta,23,Male,O-,9680768018
4092,Vikram Gupta,27,Female,AB-,9982296130
4093,Arjun Gupta,44,Male,O+,9264027540
4094,Neha Singh,47,Male,B-,9801973086
4095,Kavya Verma,46,Male,B+,9283892043
4096,Neha Reddy,54,Male,A+,9860670305
4097,Riya Mehta,35,Female,A+,9820586864
4098,Rohan Reddy,46,Female,AB+,9175807584
4099,Aditya Patel,49,Female,AB-,9317459614
4100,Aman Sharma,46,Male,O-,9652105521
4101,Aman Mehta,55,Male,AB-,9630549257
4102,Priya Gupta,41,Female,B+,9534851516
4103,Karan Gupta,53,Female,O+,9320506867
4104,Rahul Singh,19,Female,O+,9185119337
4105,Vikram Kapoor,55,Female,A-,9293710228
4106,Sneha Sharma,58,Female,A-,9687532232
4107,Sneha Singh,54,Female,A-,9648406718
4108,Vikram Sharma,59,Female,A+,9531418689
4109,Sahil Sharma,25,Male,O-,9729359157
4110,Vikram Kapoor,48,Male,B+,9516206207
4111,Neha Kapoor,35,Female,AB+,9752268031
4112,Aditya Sharma,33,Female,A+,9551748017
4113,Kavya Mehta,47,Female,B-,9305094266
4114,Arjun Mehta,46,Male,O-,9574872187
4115,Neha Verma,28,Male,A-,9446716180
4116,Arjun Mehta,58,Male,AB-,9572423094
4117,Priya Mehta,26,Male,O-,9763429973
4118,Neha Gupta,35,Female,A+,9434126591
4119,Divya Kapoor,24,Male,AB+,9168602871
4120,Pooja Reddy,21,Male,B+,9343547971
4121,Arjun Sharma,30,Female,O-,9222224928
4122,Arjun Patel,52,Male,A+,9725754532
4123,Aditya Reddy,57,Female,A+,9252604094
4124,Neha Gupta,58,Female,AB-,9557791634
4125,Pooja Gupta,44,Female,AB+,9126564074
4126,Neha Patel,45,Female,A+,9171289646
4127,Riya Kapoor,26,Female,O-,9334751948
4128,Kavya Kapoor,25,Female,O-,9493044791
4129,Aditya Singh,56,Male,O-,9350741721
4130,Sneha Patel,53,Male,A+,9246786040
4131,Aman Mehta,53,Female,AB+,9789914514
4132,Anjali Kapoor,32,Male,AB+,9197141673
4133,Sahil Mehta,22,Female,AB+,9677183654
4134,Neha Patel,42,Male,O-,9322590927
4135,Pooja Gupta,42,Female,AB+,9517445276
4136,Anjali Verma,40,Female,AB+,9798256177
4137,Aman Reddy,35,Male,O+,9168335098
4138,Aditya Sharma,39,Male,B+,9277795347
4139,Aman Verma,43,Male,AB+,9206173603
4140,Neha Gupta,35,Female,O+,9850599733
4141,Priya Gupta,53,Male,O-,9970655711
4142,Aditya Gupta,19,Male,B+,9675541228
4143,Sahil Gupta,60,Male,B-,9927479704
4144,Rahul Singh,45,Female,A+,9717549691
4145,Sahil Singh,25,Male,O+,9504920475
4146,Aditya Reddy,25,Female,O+,9544381947
4147,Riya Verma,18,Male,AB-,9901661540
4148,Sahil Kapoor,35,Male,A+,9244340189
4149,Vikram Singh,32,Female,A+,9177707263
4150,Karan Reddy,45,Male,O+,9624224538
4151,Divya Sharma,24,Female,O-,9759565446
4152,Aman Mehta,27,Female,AB+,9974296933
4153,Sahil Verma,35,Female,A+,9762263984
4154,Anjali Kapoor,33,Female,A-,9591689158
4155,Pooja Patel,41,Female,AB+,9250444644
4156,Sahil Sharma,25,Female,B-,9625721452
4157,Vikram Patel,31,Male,AB-,9889269065
4158,Sahil Mehta,40,Male,B+,9621803741
4159,Aditya Patel,34,Male,AB+,9752680360
4160,Priya Sharma,31,Female,A+,9292093081
4161,Arjun Mehta,22,Male,AB+,9936968387
4162,Pooja Gupta,53,Female,O-,9251055978
4163,Anjali Kapoor,54,Male,AB+,9603393775
4164,Neha Kapoor,22,Female,AB-,9396345583
4165,Sahil Verma,41,Female,AB+,9723049042
4166,Karan Singh,40,Male,A-,9379939915
4167,Aditya Reddy,55,Female,B-,9168212310
4168,Vikram Sharma,36,Male,AB-,9406461916
4169,Neha Reddy,49,Female,O+,9201746250
4170,Karan Sharma,51,Female,A+,9164182427
4171,Sneha Reddy,33,Male,AB+,9321330859
4172,Aman Mehta,23,Male,AB+,9345715035
4173,Riya Reddy,52,Female,B+,9777861093
4174,Sneha Sharma,49,Male,O-,9204494207
4175,Priya Patel,58,Female,O+,9423402772
4176,Vikram Mehta,47,Male,O+,9789680282
4177,Rahul Singh,45,Male,B-,9968265838
4178,Aman Mehta,34,Male,B-,9113139785
4179,Sahil Sharma,21,Male,B-,9158228844
4180,Anjali Patel,39,Female,A+,9825076507
4181,Arjun Singh,28,Female,A-,9202904878
4182,Pooja Singh,19,Female,O+,9615825164
4183,Priya Verma,38,Male,AB+,9443338079
4184,Vikram Sharma,24,Female,O+,9368273078
4185,Karan Singh,26,Male,B+,9398366390
4186,Priya Sharma,38,Male,B+,9297771678
4187,Anjali Sharma,41,Female,B+,9803317049
4188,Rahul Verma,60,Male,A-,9222268903
4189,Karan Gupta,52,Female,B-,9340117837
4190,Sneha Kapoor,32,Male,AB-,9294922222
4191,Sahil Verma,31,Male,B-,9886985545
4192,Rohan Mehta,44,Female,AB-,9235549617
4193,Karan Gupta,29,Female,AB+,9929481744
4194,Pooja Reddy,45,Male,B+,9383155250
4195,Riya Patel,30,Female,B+,9900391975
4196,Priya Mehta,33,Female,O-,9783605674
4197,Kavya Kapoor,35,Female,B+,9767685374
4198,Kavya Kapoor,40,Female,A-,9459282971
4199,Anjali Patel,43,Female,AB-,9704216585
4200,Aman Gupta,49,Female,B+,9496996648
4201,Neha Sharma,57,Female,O+,9422279646
4202,Sneha Gupta,48,Female,B-,9367591057
4203,Sahil Mehta,28,Female,O-,9934785617
4204,Rohan Patel,45,Female,B-,9462993315
4205,Karan Patel,26,Female,B-,9265459293
4206,Pooja Kapoor,42,Female,B+,9419771296
4207,Sneha Mehta,48,Male,B+,9788218722
4208,Aditya Patel,30,Male,AB-,9391470920
4209,Karan Gupta,44,Female,O+,9364517377
4210,Rahul Patel,24,Female,B+,9417865266
4211,Kavya Kapoor,57,Male,O+,9203274109
4212,Divya Kapoor,50,Male,A-,9522679992
4213,Karan Reddy,23,Male,B-,9124826441
4214,Kavya Kapoor,48,Male,O+,9163276384
4215,Kavya Singh,18,Male,AB+,9675853611
4216,Riya Reddy,53,Male,B+,9515105893
4217,Rohan Kapoor,25,Male,A-,9406526419
4218,Sahil Kapoor,55,Female,O-,9526125807
4219,Anjali Mehta,59,Female,B+,9903873197
4220,Anjali Patel,36,Female,O+,9320240357
4221,Karan Verma,47,Male,AB+,9112184992
4222,Karan Patel,54,Female,A-,9817012115
4223,Sneha Singh,59,Female,O+,9871596547
4224,Pooja Reddy,23,Female,O-,9821806761
4225,Rahul Patel,53,Male,B-,9452870829
4226,Neha Verma,20,Male,O+,9215358719
4227,Anjali Mehta,54,Male,A-,9530948539
4228,Neha Gupta,55,Male,A-,9309044028
4229,Neha Kapoor,35,Female,B-,9611356700
4230,Riya Reddy,60,Male,AB+,9672818823
4231,Sneha Gupta,20,Female,A-,9882081762
4232,Priya Verma,45,Female,B-,9140477098
4233,Aman Gupta,52,Male,A-,9529987108
4234,Rahul Gupta,55,Male,A+,9151067852
4235,Pooja Singh,20,Male,O+,9547743639
4236,Sneha Patel,52,Male,A-,9766626636
4237,Priya Kapoor,36,Male,A-,9926468012
4238,Karan Gupta,50,Female,AB+,9694334595
4239,Rohan Singh,21,Male,AB-,9312044441
4240,Aman Patel,21,Female,A-,9621477174
4241,Sneha Kapoor,52,Female,A+,9185724841
4242,Arjun Reddy,24,Male,O-,9224560633
4243,Karan Singh,24,Female,A+,9245340361
4244,Pooja Reddy,60,Male,B+,9659155913
4245,Aman Gupta,23,Male,B+,9672967641
4246,Aditya Gupta,38,Male,O-,9848613214
4247,Aman Kapoor,45,Female,AB-,9627056373
4248,Sahil Gupta,45,Male,A-,9356454768
4249,Aman Sharma,58,Female,AB+,9759992800
4250,Sneha Patel,25,Female,B+,9367902440
4251,Vikram Verma,40,Female,A+,9181749503
4252,Neha Verma,39,Male,AB-,9155189435
4253,Riya Patel,60,Male,O+,9171327924
4254,Riya Gupta,40,Female,B+,9447006489
4255,Anjali Reddy,37,Male,A+,9249175681
4256,Divya Gupta,49,Male,O-,9726796234
4257,Rohan Mehta,45,Female,AB+,9644047343
4258,Neha Sharma,19,Female,A-,9734417214
4259,Arjun Patel,46,Female,O+,9323560797
4260,Divya Mehta,50,Female,B+,9297816975
4261,Aditya Verma,47,Male,O+,9534014323
4262,Vikram Mehta,43,Female,A+,9378088986
4263,Sahil Sharma,48,Male,A+,9189123910
4264,Pooja Gupta,25,Male,A+,9978762956
4265,Sahil Patel,29,Female,A+,9945521529
4266,Aditya Verma,18,Male,O+,9539351615
4267,Priya Gupta,24,Female,B+,9675846278
4268,Vikram Sharma,48,Female,B+,9306345233
4269,Sneha Verma,40,Male,B+,9346282525
4270,Vikram Singh,29,Male,B+,9404844433
4271,Rahul Gupta,48,Female,B+,9664797692
4272,Karan Mehta,56,Female,A+,9101383869
4273,Rohan Verma,20,Female,O-,9749978386
4274,Sneha Kapoor,41,Male,A-,9364435446
4275,Divya Sharma,38,Male,AB-,9937270243
4276,Aditya Singh,28,Male,A+,9949915680
4277,Riya Gupta,25,Female,O-,9697563674
4278,Priya Reddy,51,Male,A+,9237037104
4279,Rahul Verma,19,Female,A-,9767931492
4280,Pooja Mehta,33,Female,A-,9758487666
4281,Arjun Singh,50,Male,AB+,9409142310
4282,Kavya Patel,47,Female,B+,9691205127
4283,Priya Singh,23,Male,A+,9513955271
4284,Neha Mehta,49,Male,B-,9598923960
4285,Sneha Singh,24,Male,O-,9369059310
4286,Neha Patel,56,Male,AB-,9974370733
4287,Arjun Mehta,40,Female,AB-,9736037933
4288,Pooja Sharma,52,Female,B+,9718381406
4289,Rahul Patel,56,Female,A+,9840313260
4290,Pooja Mehta,27,Female,A+,9505082191
4291,Aman Sharma,42,Female,O+,9593596700
4292,Neha Kapoor,46,Female,AB-,9576797391
4293,Priya Verma,43,Female,B+,9576912483
4294,Riya Verma,32,Female,A-,9420878001
4295,Priya Singh,40,Male,A+,9649786162
4296,Rohan Kapoor,48,Female,B+,9787353394
4297,Sahil Gupta,35,Female,O-,9930938733
4298,Kavya Singh,38,Male,AB+,9825110871
4299,Anjali Kapoor,27,Female,B+,9328268770
4300,Pooja Sharma,20,Female,A-,9587875211
4301,Vikram Gupta,25,Female,AB-,9364785282
4302,Sahil Verma,38,Female,AB-,9592349166
4303,Pooja Sharma,42,Male,O-,9704623578
4304,Sahil Sharma,28,Female,B+,9496127640
4305,Aditya Sharma,33,Male,B-,9805619076
4306,Vikram Mehta,56,Female,AB-,9294651280
4307,Neha Verma,38,Male,O+,9343052008
4308,Priya Gupta,19,Male,O+,9521239642
4309,Anjali Verma,46,Male,A-,9621165231
4310,Pooja Singh,56,Male,B+,9128392744
4311,Pooja Verma,44,Female,B+,9228015227
4312,Divya Kapoor,55,Male,O+,9510652273
4313,Karan Reddy,18,Female,B-,9235508256
4314,Divya Sharma,31,Male,B-,9729609385
4315,Anjali Sharma,37,Female,A+,9298584850
4316,Vikram Sharma,44,Male,A+,9214077454
4317,Neha Kapoor,31,Female,B-,9625498942
4318,Kavya Verma,56,Male,A+,9162421799
4319,Rahul Singh,55,Female,O+,9206783640
4320,Sahil Singh,29,Female,O+,9868307464
4321,Rohan Reddy,22,Female,AB-,9743925238
4322,Pooja Sharma,46,Male,B-,9100505160
4323,Pooja Mehta,31,Male,B-,9188952833
4324,Sahil Reddy,47,Male,AB+,9455942903
4325,Sahil Gupta,46,Female,B-,9576674680
4326,Rahul Verma,57,Female,AB-,9310251221
4327,Sneha Verma,60,Female,O-,9559462927
4328,Riya Patel,39,Male,AB-,9289832340
4329,Kavya Patel,22,Male,A+,9941548925
4330,Anjali Verma,59,Female,O-,9687809201
4331,Priya Patel,60,Male,A+,9267374517
4332,Vikram Kapoor,22,Male,O+,9613742973
4333,Aditya Sharma,42,Female,O+,9319577812
4334,Arjun Kapoor,26,Male,B-,9834391465
4335,Kavya Verma,52,Female,B+,9176893142
4336,Vikram Patel,58,Female,AB-,9544620463
4337,Neha Reddy,23,Male,AB+,9263447025
4338,Pooja Kapoor,19,Male,A+,9901502803
4339,Neha Reddy,39,Male,B+,9361230342
4340,Aman Kapoor,27,Female,O+,9469989543
4341,Sahil Patel,57,Male,B+,9614051496
4342,Rohan Verma,49,Male,O-,9543170341
4343,Arjun Verma,39,Male,B+,9144285541
4344,Sneha Verma,35,Male,O+,9963104232
4345,Divya Singh,45,Female,AB+,9297556804
4346,Riya Reddy,32,Female,A-,9964879866
4347,Vikram Reddy,29,Female,AB-,9470898583
4348,Neha Kapoor,49,Female,O+,9437171431
4349,Sahil Reddy,44,Female,O-,9649014160
4350,Pooja Patel,28,Male,AB+,9974182513
4351,Pooja Mehta,25,Male,AB+,9536793882
4352,Vikram Mehta,18,Female,B+,9709329827
4353,Riya Mehta,42,Female,A-,9253539203
4354,Priya Patel,26,Female,O+,9863389561
4355,Kavya Singh,56,Male,AB-,9853931434
4356,Rahul Reddy,55,Male,AB+,9835314311
4357,Rohan Singh,22,Male,A-,9423369996
4358,Riya Mehta,18,Male,B+,9945488046
4359,Karan Gupta,49,Female,A+,9408029141
4360,Divya Reddy,54,Female,B+,9501128806
4361,Sneha Gupta,59,Male,O-,9126013922
4362,Karan Kapoor,59,Male,A-,9414182167
4363,Aditya Singh,33,Male,O-,9792679092
4364,Vikram Sharma,54,Female,AB-,9168753065
4365,Sahil Reddy,43,Female,A+,9524583449
4366,Karan Patel,58,Male,B+,9941623880
4367,Riya Kapoor,18,Male,A-,9248518128
4368,Vikram Sharma,21,Female,AB+,9235828540
4369,Sahil Gupta,52,Male,B-,9908246350
4370,Karan Patel,46,Female,A+,9948238398
4371,Anjali Patel,49,Male,B-,9509300283
4372,Rahul Mehta,58,Female,AB+,9566933730
4373,Vikram Sharma,53,Female,O+,9400574412
4374,Priya Verma,30,Male,AB+,9767471886
4375,Divya Verma,54,Male,AB-,9153599571
4376,Rahul Verma,24,Female,AB+,9520374694
4377,Sneha Reddy,40,Male,A+,9332719721
4378,Priya Gupta,34,Male,A+,9402629335
4379,Priya Gupta,33,Male,AB-,9535581497
4380,Sahil Mehta,22,Male,AB-,9305011870
4381,Sneha Gupta,50,Male,O-,9433175966
4382,Aditya Mehta,40,Male,B-,9145164575
4383,Rahul Verma,43,Female,O+,9402615057
4384,Aditya Verma,49,Female,AB+,9138753165
4385,Aman Sharma,27,Female,A-,9534649019
4386,Karan Reddy,24,Female,A-,9214571573
4387,Divya Patel,45,Female,A-,9191469330
4388,Kavya Patel,46,Female,B-,9812959837
4389,Karan Singh,44,Male,O-,9144758304
4390,Arjun Sharma,39,Male,AB-,9303572125
4391,Rohan Mehta,59,Male,AB-,9553099742
4392,Arjun Reddy,27,Female,B-,9491643071
4393,Neha Kapoor,55,Male,AB+,9270963711
4394,Sahil Patel,60,Male,A-,9602644932
4395,Kavya Mehta,53,Male,A-,9831561186
4396,Arjun Gupta,45,Female,O-,9749347883
4397,Karan Sharma,30,Male,B+,9946852780
4398,Arjun Kapoor,28,Female,B+,9614311438
4399,Sahil Patel,55,Male,AB+,9440006560
4400,Aman Mehta,21,Male,AB-,9235057312
4401,Divya Gupta,45,Male,B-,9104743978
4402,Aditya Kapoor,18,Female,B+,9875306346
4403,Rahul Reddy,32,Male,O-,9951861812
4404,Kavya Reddy,47,Male,A-,9915995939
4405,Pooja Singh,38,Male,O-,9800587789
4406,Sahil Kapoor,18,Male,A+,9575222427
4407,Aman Singh,22,Male,B+,9869151313
4408,Rohan Singh,30,Female,AB+,9624909238
4409,Karan Sharma,40,Female,O-,9604283985
4410,Sneha Patel,25,Female,A-,9503939756
4411,Divya Patel,40,Female,O+,9926421753
4412,Aditya Patel,36,Male,O+,9662657008
4413,Neha Kapoor,36,Female,A+,9118753331
4414,Divya Singh,28,Female,B+,9824200423
4415,Sahil Mehta,30,Female,B-,9845775496
4416,Anjali Singh,23,Male,AB+,9361861195
4417,Rahul Reddy,19,Female,AB+,9613507099
4418,Neha Patel,21,Male,AB-,9629184822
4419,Sneha Verma,39,Male,A-,9147090260
4420,Aman Patel,27,Female,A+,9132996092
4421,Priya Singh,43,Female,B-,9818789234
4422,Rohan Reddy,39,Female,B-,9336928708
4423,Arjun Gupta,50,Male,AB-,9628277329
4424,Aman Singh,24,Female,O+,9606799338
4425,Aman Gupta,42,Male,O+,9780290934
4426,Sahil Gupta,33,Male,A+,9322982284
4427,Aman Reddy,26,Female,O+,9491773126
4428,Vikram Singh,37,Female,AB-,9383327863
4429,Anjali Reddy,60,Male,AB+,9102806465
4430,Priya Sharma,60,Male,A+,9686375085
4431,Sahil Sharma,23,Female,O+,9948160206
4432,Rahul Mehta,23,Male,AB-,9400436570
4433,Karan Singh,49,Male,O+,9799760128
4434,Karan Sharma,59,Male,B-,9443885411
4435,Riya Kapoor,42,Male,A+,9196002353
4436,Priya Sharma,20,Male,B-,9170830990
4437,Aditya Verma,18,Female,A+,9286283655
4438,Neha Mehta,35,Male,AB-,9683852627
4439,Anjali Sharma,57,Male,A+,9381870230
4440,Neha Reddy,44,Female,A-,9360319583
4441,Riya Patel,28,Male,A-,9250678756
4442,Vikram Patel,51,Male,AB-,9917152142
4443,Pooja Reddy,34,Female,A+,9473106596
4444,Neha Verma,23,Male,AB-,9831090035
4445,Karan Kapoor,18,Female,O-,9317758061
4446,Aditya Gupta,26,Male,A-,9902080894
4447,Pooja Singh,60,Female,B-,9609351789
4448,Riya Mehta,59,Male,A-,9535441011
4449,Kavya Patel,48,Male,O-,9614017645
4450,Sahil Singh,60,Male,O+,9353604416
4451,Riya Mehta,19,Male,O+,9933155836
4452,Anjali Reddy,43,Male,B+,9297649504
4453,Riya Patel,45,Female,A+,9711899667
4454,Karan Reddy,59,Female,A-,9524314330
4455,Arjun Singh,29,Male,O-,9412924792
4456,Neha Mehta,54,Male,B+,9447311290
4457,Arjun Reddy,48,Female,B+,9565825826
4458,Arjun Reddy,42,Female,A+,9689532168
4459,Karan Mehta,52,Male,AB-,9131488819
4460,Aman Gupta,25,Female,A-,9938279315
4461,Sahil Mehta,48,Male,A-,9983651753
4462,Vikram Mehta,43,Female,A-,9673789591
4463,Aditya Verma,59,Male,AB+,9664339511
4464,Riya Sharma,21,Female,A+,9104684518
4465,Anjali Gupta,35,Male,O-,9702560432
4466,Kavya Mehta,58,Female,A+,9772655611
4467,Neha Sharma,27,Male,A+,9232597661
4468,Sneha Singh,39,Male,A-,9791217014
4469,Sahil Sharma,49,Female,B+,9713773008
4470,Rahul Patel,60,Female,B+,9294517040
4471,Anjali Kapoor,30,Female,B-,9981370046
4472,Sneha Sharma,42,Male,A+,9114645927
4473,Kavya Kapoor,19,Male,AB+,9943420302
4474,Anjali Patel,59,Female,B+,9378702972
4475,Aditya Mehta,33,Female,AB+,9126717496
4476,Arjun Reddy,23,Female,AB+,9519863392
4477,Divya Patel,49,Female,A+,9873481842
4478,Sahil Reddy,31,Female,AB+,9371819915
4479,Divya Kapoor,34,Female,A-,9401385801
4480,Sahil Patel,53,Female,AB-,9652024999
4481,Karan Gupta,50,Male,AB+,9702975115
4482,Neha Mehta,59,Female,B+,9547203716
4483,Kavya Kapoor,45,Female,AB+,9655752874
4484,Arjun Kapoor,27,Male,O-,9607624622
4485,Divya Reddy,18,Female,B-,9270798072
4486,Riya Kapoor,60,Female,AB+,9361837363
4487,Riya Mehta,52,Male,AB-,9125532712
4488,Pooja Mehta,21,Female,A+,9739822046
4489,Anjali Gupta,43,Female,B+,9886855574
4490,Rahul Sharma,47,Male,AB+,9284914801
4491,Karan Sharma,47,Female,B-,9892747925
4492,Kavya Singh,55,Female,AB+,9781757573
4493,Divya Sharma,33,Male,A-,9552807806
4494,Vikram Mehta,53,Female,A-,9480477576
4495,Priya Singh,58,Male,AB+,9468826759
4496,Rahul Singh,53,Male,AB+,9325182695
4497,Arjun Kapoor,22,Male,O-,9740621265
4498,Rohan Kapoor,32,Female,AB-,9301960858
4499,Aman Verma,25,Male,B-,9805255491
4500,Divya Sharma,35,Male,O+,9484367064
4501,Anjali Reddy,34,Male,O+,9825467229
4502,Sahil Singh,60,Female,A-,9842922742
4503,Priya Mehta,49,Male,B-,9694860708
4504,Divya Mehta,36,Female,A-,9378683318
4505,Riya Sharma,56,Male,B-,9448084487
4506,Sneha Verma,48,Female,AB-,9989914366
4507,Divya Mehta,32,Female,A+,9921271622
4508,Riya Singh,48,Male,A-,9546390055
4509,Aditya Kapoor,33,Female,AB+,9513681853
4510,Sneha Singh,23,Female,O-,9502171933
4511,Riya Singh,45,Female,A-,9286616146
4512,Riya Sharma,50,Female,A-,9648858166
4513,Aditya Patel,28,Male,A+,9555155329
4514,Neha Verma,56,Female,B-,9121665545
4515,Neha Mehta,22,Female,O-,9163690400
4516,Pooja Mehta,20,Female,B+,9981422844
4517,Vikram Patel,46,Male,A-,9286018670
4518,Karan Gupta,32,Male,AB+,9639106246
4519,Divya Verma,60,Female,B+,9161401186
4520,Vikram Mehta,56,Male,O+,9419738769
4521,Divya Sharma,27,Male,B-,9214962286
4522,Neha Gupta,26,Female,AB-,9923676655
4523,Divya Reddy,42,Female,B+,9751093986
4524,Aman Verma,39,Female,A+,9903681751
4525,Pooja Gupta,30,Male,B-,9794600096
4526,Pooja Kapoor,45,Female,B-,9954210395
4527,Aman Sharma,59,Male,O-,9619308931
4528,Sneha Verma,38,Male,O+,9257923134
4529,Sneha Reddy,56,Male,O+,9939944482
4530,Arjun Verma,46,Male,B+,9646785453
4531,Sneha Patel,27,Male,A+,9885070927
4532,Kavya Kapoor,57,Male,B+,9205173253
4533,Neha Patel,54,Male,AB-,9575295669
4534,Karan Reddy,45,Female,A-,9929869347
4535,Rahul Mehta,26,Female,O-,9101051000
4536,Aditya Gupta,40,Male,AB-,9310986781
4537,Priya Gupta,35,Female,A+,9111115679
4538,Anjali Sharma,26,Female,B-,9701790761
4539,Kavya Sharma,31,Female,AB-,9159367421
4540,Anjali Mehta,50,Female,O-,9917367114
4541,Sahil Sharma,33,Male,AB+,9109136275
4542,Karan Gupta,44,Female,AB-,9419542823
4543,Aman Singh,33,Female,A-,9147946336
4544,Aman Kapoor,53,Male,O-,9285245329
4545,Aman Sharma,38,Male,B-,9362602020
4546,Rohan Patel,21,Male,AB+,9271458407
4547,Vikram Sharma,24,Male,B+,9488331666
4548,Neha Singh,20,Male,A-,9907734007
4549,Sahil Verma,58,Female,B-,9545963550
4550,Rahul Kapoor,52,Male,O-,9363639060
4551,Sahil Sharma,47,Female,O-,9560002463
4552,Kavya Singh,20,Male,A+,9479662428
4553,Vikram Verma,34,Male,A+,9608834631
4554,Rahul Reddy,25,Female,B-,9388830383
4555,Divya Sharma,59,Female,A-,9293599260
4556,Karan Reddy,18,Female,A-,9921141717
4557,Sneha Verma,57,Female,AB+,9488487392
4558,Rohan Mehta,44,Female,B+,9762321836
4559,Sahil Mehta,39,Female,A-,9744287848
4560,Anjali Reddy,45,Female,A-,9353754591
4561,Aditya Reddy,25,Female,B+,9557045781
4562,Neha Mehta,43,Male,B+,9896915313
4563,Sahil Patel,46,Male,A+,9499706064
4564,Divya Reddy,31,Female,A-,9310020878
4565,Kavya Gupta,20,Male,B+,9333448013
4566,Pooja Patel,22,Female,AB+,9945527551
4567,Sahil Patel,29,Female,O+,9319895371
4568,Karan Sharma,36,Male,A-,9964937710
4569,Aditya Patel,24,Female,B+,9772387292
4570,Sneha Mehta,29,Female,B-,9221004954
4571,Sahil Patel,31,Female,AB+,9614534732
4572,Rahul Gupta,42,Female,O+,9678368700
4573,Sahil Reddy,19,Male,O+,9691853451
4574,Neha Sharma,19,Female,B-,9622290944
4575,Neha Patel,32,Male,AB-,9719176585
4576,Anjali Singh,56,Male,B+,9618138681
4577,Priya Patel,39,Male,AB+,9169163934
4578,Priya Gupta,21,Female,B+,9721706639
4579,Sneha Verma,52,Female,B+,9237742258
4580,Anjali Gupta,48,Male,B-,9121928229
4581,Aman Verma,46,Female,A+,9988396112
4582,Kavya Mehta,46,Female,O-,9405865521
4583,Aditya Sharma,38,Male,B+,9214305785
4584,Kavya Verma,25,Female,O+,9948822372
4585,Arjun Patel,40,Male,A-,9110107303
4586,Riya Verma,49,Male,AB-,9536349655
4587,Neha Verma,44,Male,A-,9280563600
4588,Aditya Mehta,40,Female,B+,9899772748
4589,Riya Verma,44,Female,O+,9333988312
4590,Kavya Verma,23,Male,A+,9520867993
4591,Anjali Sharma,25,Male,A+,9636431847
4592,Aman Patel,49,Female,B-,9953994768
4593,Anjali Verma,42,Male,B-,9552680638
4594,Sneha Kapoor,22,Female,AB-,9387506050
4595,Priya Sharma,37,Male,B-,9611339074
4596,Anjali Mehta,36,Female,AB-,9640652791
4597,Neha Mehta,44,Male,A-,9264442052
4598,Kavya Gupta,31,Male,B+,9445913056
4599,Arjun Verma,46,Female,A-,9995100018
4600,Anjali Mehta,53,Male,AB+,9993429894
4601,Kavya Patel,29,Male,B+,9858779439
4602,Karan Patel,20,Male,O+,9350472797
4603,Rohan Mehta,34,Male,B-,9876667404
4604,Rohan Mehta,32,Male,AB-,9518342483
4605,Karan Sharma,56,Male,A+,9928727323
4606,Kavya Patel,51,Female,A+,9798589510
4607,Riya Gupta,41,Female,B+,9776068391
4608,Rohan Sharma,53,Male,A-,9594890024
4609,Kavya Kapoor,39,Male,O+,9529990738
4610,Aman Verma,31,Male,O-,9306275970
4611,Riya Reddy,19,Female,B+,9229948401
4612,Kavya Kapoor,36,Male,B+,9428167622
4613,Vikram Singh,59,Male,AB+,9200993598
4614,Neha Sharma,44,Male,B+,9887610727
4615,Neha Patel,38,Female,A+,9201086941
4616,Sneha Gupta,36,Female,B+,9418397613
4617,Rohan Singh,60,Male,B+,9844239726
4618,Rohan Kapoor,41,Male,AB+,9571607001
4619,Riya Mehta,23,Male,O+,9805845675
4620,Aman Mehta,44,Female,A+,9757869371
4621,Pooja Verma,37,Female,AB-,9306593840
4622,Aman Kapoor,47,Male,AB-,9433983173
4623,Vikram Gupta,38,Male,A+,9646073815
4624,Anjali Patel,22,Male,A+,9790420574
4625,Karan Mehta,42,Female,AB+,9294603463
4626,Anjali Sharma,58,Male,B-,9615701990
4627,Sahil Patel,45,Female,B+,9932544766
4628,Anjali Mehta,32,Male,O+,9200148466
4629,Rohan Verma,22,Male,A+,9997406198
4630,Neha Gupta,26,Female,B+,9415740351
4631,Rahul Patel,45,Male,B-,9390080916
4632,Riya Kapoor,30,Female,B-,9355690120
4633,Rohan Kapoor,48,Female,A-,9891967953
4634,Sahil Patel,57,Female,A+,9645171305
4635,Riya Mehta,36,Male,AB+,9367457666
4636,Anjali Patel,57,Male,AB-,9468857602
4637,Rahul Reddy,35,Male,AB-,9981748727
4638,Rahul Mehta,28,Female,AB+,9614971107
4639,Rahul Kapoor,54,Female,O+,9404276135
4640,Arjun Kapoor,38,Male,O-,9534712540
4641,Arjun Sharma,34,Female,A-,9961750572
4642,Karan Sharma,20,Female,AB+,9246430725
4643,Aditya Kapoor,35,Female,O+,9816145000
4644,Sahil Patel,45,Female,AB+,9590684068
4645,Rahul Patel,24,Female,A+,9565177461
4646,Priya Verma,34,Female,A-,9186751443
4647,Rahul Kapoor,51,Female,O-,9210197081
4648,Arjun Patel,48,Female,O+,9564001547
4649,Arjun Sharma,59,Female,A-,9682848040
4650,Riya Sharma,24,Female,O-,9811017206
4651,Pooja Gupta,54,Male,B-,9405035660
4652,Karan Mehta,57,Female,AB-,9120021570
4653,Rohan Mehta,19,Female,O+,9538654121
4654,Neha Reddy,39,Female,A+,9245722248
4655,Rohan Singh,53,Female,A-,9606407638
4656,Anjali Mehta,46,Male,AB+,9135747571
4657,Vikram Mehta,21,Male,AB-,9857766835
4658,Kavya Patel,29,Female,AB+,9652077496
4659,Aman Patel,33,Female,B-,9914691870
4660,Riya Sharma,60,Female,B-,9446900506
4661,Divya Kapoor,19,Male,A+,9926545511
4662,Aman Singh,46,Female,AB-,9190257839
4663,Karan Sharma,36,Female,B+,9860330588
4664,Kavya Reddy,40,Female,O-,9152369237
4665,Karan Patel,38,Female,B+,9155410982
4666,Karan Patel,31,Female,AB+,9830147472
4667,Pooja Kapoor,58,Female,O+,9646180292
4668,Sahil Kapoor,32,Male,A-,9823986776
4669,Vikram Kapoor,32,Female,O-,9829744511
4670,Riya Verma,48,Male,O-,9336052307
4671,Sneha Reddy,37,Female,AB-,9594977891
4672,Aditya Patel,29,Female,B+,9516745164
4673,Neha Patel,46,Female,A+,9647007301
4674,Kavya Reddy,34,Female,AB-,9758499804
4675,Rohan Gupta,59,Male,AB+,9639485907
4676,Arjun Singh,55,Female,B-,9579023200
4677,Aditya Gupta,19,Male,O-,9518000601
4678,Aditya Patel,53,Female,AB+,9126867368
4679,Rohan Singh,19,Female,O+,9601701452
4680,Divya Verma,37,Female,AB-,9314449061
4681,Pooja Verma,22,Female,O-,9923056105
4682,Karan Kapoor,21,Male,A+,9790791506
4683,Priya Gupta,20,Female,AB-,9527808801
4684,Divya Singh,33,Female,AB+,9468728607
4685,Neha Mehta,59,Female,AB-,9364142429
4686,Arjun Singh,30,Male,O+,9561534283
4687,Priya Sharma,20,Female,O-,9131034525
4688,Aman Verma,21,Male,AB+,9728046958
4689,Divya Patel,22,Male,O+,9995015427
4690,Arjun Verma,23,Male,AB-,9639429016
4691,Karan Reddy,35,Female,O+,9182142091
4692,Pooja Gupta,48,Female,O+,9199868088
4693,Riya Reddy,60,Male,AB+,9873681671
4694,Aditya Patel,43,Female,B+,9860391524
4695,Rahul Mehta,26,Female,O+,9468393777
4696,Divya Sharma,51,Male,AB+,9871299962
4697,Anjali Kapoor,32,Male,B+,9716597902
4698,Anjali Reddy,45,Female,A+,9438814661
4699,Rohan Reddy,33,Female,B+,9267037777
4700,Aman Gupta,21,Female,A-,9332230445
4701,Aman Patel,42,Male,AB+,9620285341
4702,Pooja Reddy,33,Male,A-,9372011491
4703,Aditya Mehta,28,Female,O-,9421298214
4704,Pooja Singh,18,Male,AB-,9750373616
4705,Rohan Gupta,24,Male,B+,9875249151
4706,Neha Reddy,59,Male,AB-,9188139946
4707,Riya Patel,37,Female,O-,9424749280
4708,Sneha Kapoor,23,Male,AB-,9181985409
4709,Karan Sharma,27,Female,AB-,9310018939
4710,Rohan Patel,38,Male,AB-,9325525920
4711,Divya Singh,25,Female,AB-,9469074264
4712,Priya Gupta,22,Male,O+,9454648416
4713,Divya Verma,42,Female,AB-,9913787202
4714,Anjali Kapoor,52,Male,A-,9730927112
4715,Neha Gupta,52,Male,A+,9886343655
4716,Priya Kapoor,52,Male,AB+,9513583322
4717,Karan Gupta,26,Male,AB+,9268562642
4718,Sneha Mehta,54,Female,B-,9919403468
4719,Priya Verma,29,Male,AB-,9266148276
4720,Kavya Kapoor,36,Male,A-,9417530082
4721,Sahil Verma,30,Male,A-,9456847519
4722,Divya Mehta,30,Male,A-,9444378828
4723,Neha Sharma,30,Male,AB+,9418721536
4724,Rahul Reddy,46,Male,A-,9150951873
4725,Riya Mehta,57,Female,AB-,9443346851
4726,Aditya Patel,45,Male,AB+,9449541965
4727,Pooja Verma,53,Male,A-,9251783147
4728,Riya Gupta,39,Male,A+,9547724620
4729,Pooja Verma,57,Male,A+,9550274716
4730,Sneha Patel,59,Female,A-,9118542837
4731,Priya Singh,28,Female,B+,9959059825
4732,Sneha Patel,52,Male,O+,9985006827
4733,Vikram Singh,23,Female,AB-,9785086580
4734,Sahil Singh,59,Female,O+,9256777689
4735,Rahul Kapoor,58,Female,O-,9715184498
4736,Aman Sharma,18,Female,B-,9249413652
4737,Divya Reddy,26,Male,O-,9152781191
4738,Karan Singh,27,Male,A+,9792980560
4739,Aditya Gupta,53,Female,O-,9889217493
4740,Vikram Gupta,30,Female,A-,9255422037
4741,Divya Verma,36,Female,B+,9870107397
4742,Priya Mehta,50,Male,B+,9778338775
4743,Sahil Sharma,42,Male,AB+,9693154395
4744,Rahul Singh,29,Female,A+,9549370650
4745,Divya Gupta,48,Female,O-,9963979514
4746,Sahil Mehta,20,Male,AB+,9189583974
4747,Arjun Patel,43,Female,B-,9137878567
4748,Sneha Patel,39,Female,O+,9964640420
4749,Vikram Kapoor,50,Female,O-,9881689672
4750,Sahil Mehta,45,Male,A-,9321194669
4751,Sahil Sharma,44,Male,B+,9735202247
4752,Rahul Verma,24,Male,O+,9109794149
4753,Rohan Reddy,55,Female,O-,9185514406
4754,Rahul Kapoor,50,Male,B-,9453552017
4755,Sneha Gupta,51,Female,B-,9701423724
4756,Anjali Gupta,37,Male,A-,9378760003
4757,Aditya Sharma,41,Male,AB+,9572983019
4758,Vikram Kapoor,55,Female,A-,9889647519
4759,Riya Reddy,31,Male,AB-,9882449471
4760,Neha Singh,60,Female,O-,9108403679
4761,Rohan Patel,58,Female,AB-,9508019579
4762,Vikram Singh,41,Male,B+,9664291201
4763,Anjali Sharma,25,Male,B+,9363570700
4764,Divya Kapoor,20,Female,AB-,9558588596
4765,Pooja Patel,49,Female,O-,9639428383
4766,Rahul Patel,35,Female,B-,9614998787
4767,Rohan Gupta,54,Female,O-,9459406036
4768,Vikram Verma,32,Female,B-,9187145898
4769,Kavya Mehta,40,Female,B+,9640034553
4770,Kavya Gupta,52,Female,AB+,9193400066
4771,Aman Gupta,51,Female,B+,9560143854
4772,Aditya Mehta,25,Male,O-,9555696872
4773,Rohan Mehta,32,Female,O+,9481814763
4774,Arjun Verma,40,Female,AB+,9219821381
4775,Sahil Reddy,51,Female,B-,9875913440
4776,Rahul Sharma,54,Male,AB-,9890701302
4777,Anjali Sharma,25,Female,B-,9998854636
4778,Priya Verma,38,Female,B+,9285276246
4779,Rohan Singh,26,Female,B-,9427823738
4780,Anjali Reddy,42,Female,A+,9709590736
4781,Rohan Patel,59,Male,A-,9963787048
4782,Priya Gupta,18,Male,B-,9422135540
4783,Rahul Verma,39,Male,O-,9902891542
4784,Neha Mehta,51,Female,O+,9901946435
4785,Kavya Verma,40,Female,AB+,9392665118
4786,Riya Sharma,40,Male,B+,9521927856
4787,Priya Patel,49,Female,O+,9779670047
4788,Vikram Reddy,26,Male,AB-,9904647951
4789,Karan Patel,37,Male,A-,9743494332
4790,Vikram Mehta,44,Female,B+,9962235694
4791,Divya Sharma,28,Male,AB-,9444652149
4792,Karan Kapoor,19,Female,O-,9465269903
4793,Arjun Singh,23,Male,O+,9295842993
4794,Riya Gupta,31,Female,O+,9612918429
4795,Rohan Gupta,43,Male,O-,9702561002
4796,Rahul Reddy,39,Male,A-,9751922209
4797,Aman Reddy,48,Female,AB-,9173574595
4798,Vikram Gupta,37,Male,AB+,9748556509
4799,Anjali Mehta,31,Male,O+,9395915338
4800,Anjali Kapoor,51,Female,O-,9392179434
4801,Aditya Reddy,45,Female,O+,9937660316
4802,Arjun Sharma,48,Male,AB-,9450194069
4803,Pooja Gupta,59,Male,AB+,9339074098
4804,Riya Reddy,60,Female,A-,9461083934
4805,Riya Singh,27,Male,AB+,9924291996
4806,Priya Reddy,43,Male,AB+,9220853189
4807,Divya Kapoor,41,Female,O-,9234206305
4808,Priya Sharma,25,Male,AB-,9790898108
4809,Rohan Reddy,47,Male,AB+,9759880446
4810,Rohan Kapoor,60,Male,AB+,9845428502
4811,Kavya Singh,29,Female,AB-,9602831595
4812,Arjun Patel,34,Male,B-,9467873396
4813,Rohan Reddy,37,Male,O+,9673342956
4814,Arjun Mehta,47,Male,AB-,9262831498
4815,Neha Singh,52,Female,AB-,9475292209
4816,Rahul Mehta,49,Female,O-,9488829155
4817,Sneha Patel,43,Male,B+,9945480236
4818,Rohan Verma,30,Female,B+,9355911507
4819,Karan Gupta,46,Male,AB+,9119588153
4820,Aditya Verma,34,Female,O-,9780321233
4821,Sneha Gupta,49,Female,B-,9412293724
4822,Sneha Mehta,38,Female,A+,9656414665
4823,Karan Reddy,36,Female,O+,9139813931
4824,Sneha Reddy,19,Male,O+,9208204128
4825,Rahul Verma,47,Female,A+,9807653295
4826,Priya Verma,46,Male,O+,9593934037
4827,Rohan Sharma,49,Female,B+,9668011655
4828,Arjun Mehta,24,Female,B+,9217941910
4829,Divya Kapoor,60,Female,O-,9531434021
4830,Neha Mehta,30,Female,O-,9357862057
4831,Divya Mehta,51,Female,A+,9625113189
4832,Priya Reddy,26,Male,B-,9390007607
4833,Aman Kapoor,32,Female,A-,9908829922
4834,Karan Sharma,22,Female,B-,9150603678
4835,Aditya Gupta,28,Female,AB+,9759799861
4836,Neha Patel,43,Male,AB-,9615164216
4837,Riya Reddy,22,Female,A+,9310471875
4838,Rahul Sharma,47,Male,AB-,9931268800
4839,Riya Mehta,53,Male,O+,9985152033
4840,Rahul Singh,39,Male,O+,9354782376
4841,Kavya Gupta,22,Male,O+,9560811579
4842,Sneha Verma,26,Male,B-,9955518714
4843,Anjali Verma,34,Male,AB-,9270796560
4844,Sahil Verma,24,Female,B+,9457713542
4845,Pooja Patel,38,Female,AB+,9775573615
4846,Rohan Patel,41,Male,B+,9502421988
4847,Arjun Gupta,36,Male,A-,9659174581
4848,Sneha Mehta,23,Male,O+,9583340005
4849,Karan Sharma,39,Male,A+,9321274065
4850,Sneha Kapoor,46,Female,AB+,9937865413
4851,Sneha Gupta,49,Male,AB+,9510171354
4852,Vikram Singh,19,Male,AB+,9810683780
4853,Neha Kapoor,33,Female,AB+,9164064827
4854,Sneha Verma,29,Female,B+,9681648804
4855,Karan Patel,18,Male,A+,9645630721
4856,Kavya Patel,36,Female,O-,9149617477
4857,Rahul Patel,60,Female,O+,9216401532
4858,Neha Reddy,42,Male,AB-,9102774172
4859,Kavya Patel,59,Female,A-,9783445927
4860,Riya Singh,24,Female,B+,9144878805
4861,Pooja Patel,53,Male,AB+,9210571823
4862,Sahil Kapoor,20,Male,B+,9515669761
4863,Pooja Mehta,43,Female,O+,9601725388
4864,Pooja Verma,55,Male,O+,9139733784
4865,Arjun Kapoor,56,Male,O+,9942487295
4866,Rohan Sharma,54,Female,A+,9346389450
4867,Pooja Singh,39,Male,O-,9833018896
4868,Priya Verma,53,Male,AB-,9699849352
4869,Sneha Kapoor,43,Male,O+,9598803400
4870,Rahul Reddy,35,Male,A-,9456604520
4871,Neha Verma,56,Male,O+,9882355658
4872,Vikram Mehta,28,Female,A+,9250963468
4873,Anjali Verma,45,Male,O-,9493889731
4874,Rohan Sharma,27,Male,B-,9929683109
4875,Divya Kapoor,50,Female,B-,9832767551
4876,Aman Sharma,44,Female,O-,9356960471
4877,Arjun Verma,48,Female,AB-,9372431012
4878,Sahil Kapoor,40,Male,A+,9274938712
4879,Aman Gupta,21,Male,B+,9683127510
4880,Neha Kapoor,23,Female,AB-,9651073529
4881,Kavya Sharma,32,Female,O-,9207337954
4882,Kavya Reddy,23,Female,A+,9306422125
4883,Priya Mehta,44,Female,A+,9715393034
4884,Pooja Verma,26,Female,O+,9105167612
4885,Arjun Verma,43,Female,B-,9916866455
4886,Arjun Kapoor,33,Female,O+,9699808902
4887,Rohan Verma,53,Female,O+,9591242358
4888,Aditya Patel,21,Male,O+,9400449408
4889,Neha Gupta,38,Female,B-,9185930369
4890,Kavya Kapoor,20,Male,B-,9290102849
4891,Rohan Patel,46,Female,O-,9383497061
4892,Arjun Verma,18,Female,AB+,9672657956
4893,Priya Gupta,46,Male,A-,9681325221
4894,Aman Mehta,42,Male,AB-,9410859082
4895,Anjali Reddy,21,Female,AB-,9977921858
4896,Pooja Reddy,44,Male,A-,9215430014
4897,Priya Reddy,54,Female,O+,9429288079
4898,Aditya Mehta,36,Female,O+,9466597469
4899,Aditya Singh,50,Female,B+,9278691465
4900,Sahil Kapoor,36,Female,AB+,9830466821
4901,Rahul Kapoor,55,Male,AB+,9835815026
4902,Sahil Mehta,44,Male,O+,9506901009
4903,Anjali Patel,22,Male,B+,9539984049
4904,Kavya Sharma,57,Female,O-,9589857352
4905,Aditya Mehta,47,Male,B-,9711499269
4906,Riya Singh,42,Male,O-,9602979173
4907,Anjali Reddy,22,Male,A+,9570089369
4908,Neha Mehta,25,Male,O+,9285103715
4909,Anjali Sharma,44,Male,AB+,9316591163
4910,Anjali Kapoor,30,Male,A+,9945886861
4911,Vikram Kapoor,57,Male,AB+,9400565023
4912,Sahil Sharma,43,Male,O+,9707736561
4913,Rohan Kapoor,18,Female,AB-,9802619944
4914,Vikram Kapoor,39,Female,O+,9446946056
4915,Vikram Gupta,23,Male,AB-,9360318076
4916,Kavya Sharma,20,Female,AB+,9372524696
4917,Arjun Gupta,52,Female,AB-,9363505836
4918,Sneha Verma,55,Male,AB+,9279012724
4919,Divya Mehta,37,Male,A+,9447874612
4920,Neha Reddy,44,Female,B+,9492091349
4921,Arjun Sharma,48,Female,O-,9684498292
4922,Sahil Sharma,29,Male,B-,9875356177
4923,Vikram Singh,25,Male,A-,9615971405
4924,Priya Verma,57,Female,O+,9545286846
4925,Karan Singh,52,Female,O-,9271239874
4926,Kavya Kapoor,22,Female,B+,9964969658
4927,Pooja Mehta,44,Male,A-,9608834927
4928,Sahil Gupta,37,Male,O+,9108957120
4929,Neha Kapoor,29,Male,O-,9104820118
4930,Rahul Mehta,23,Male,B+,9665938224
4931,Kavya Gupta,39,Male,B+,9122765715
4932,Vikram Singh,59,Male,A-,9876485521
4933,Kavya Mehta,37,Female,AB+,9171750905
4934,Sahil Gupta,51,Female,B+,9807111088
4935,Aman Sharma,35,Female,O+,9241313055
4936,Aditya Mehta,59,Male,A-,9481727800
4937,Anjali Patel,54,Female,AB+,9396111085
4938,Anjali Sharma,32,Female,A+,9616772030
4939,Arjun Gupta,52,Male,B-,9114384731
4940,Divya Reddy,27,Male,B-,9527238047
4941,Rahul Patel,21,Male,AB+,9460318746
4942,Aditya Singh,32,Male,O+,9621222806
4943,Aman Gupta,60,Female,A-,9766751583
4944,Aditya Sharma,24,Female,A+,9875635532
4945,Sneha Patel,49,Female,B+,9129752081
4946,Vikram Mehta,22,Male,A+,9227944997
4947,Vikram Mehta,26,Male,B-,9857022319
4948,Vikram Reddy,18,Female,B-,9909548558
4949,Kavya Mehta,50,Male,A-,9469013930
4950,Divya Mehta,25,Male,O+,9326573048
4951,Aditya Verma,36,Male,A+,9945634034
4952,Aditya Mehta,47,Female,A-,9950099000
4953,Pooja Singh,37,Female,B-,9725802391
4954,Riya Singh,42,Male,AB-,9745630361
4955,Aman Kapoor,22,Male,AB+,9801298681
4956,Kavya Reddy,33,Female,O-,9615413748
4957,Anjali Gupta,37,Male,AB+,9312120884
4958,Arjun Gupta,57,Female,O-,9276942899
4959,Sahil Mehta,48,Male,AB-,9536047200
4960,Pooja Kapoor,51,Male,B+,9758615338
4961,Priya Kapoor,35,Male,AB+,9234605410
4962,Pooja Reddy,55,Female,A+,9772682307
4963,Rahul Sharma,54,Female,A+,9745756371
4964,Aman Patel,40,Female,B-,9613122164
4965,Riya Singh,36,Male,O+,9510108167
4966,Vikram Singh,41,Female,B+,9135490349
4967,Neha Patel,56,Male,A+,9739341065
4968,Aman Gupta,58,Male,A-,9828823641
4969,Arjun Singh,47,Male,A-,9863156035
4970,Sneha Reddy,29,Male,O+,9433653585
4971,Aman Gupta,49,Female,O+,9713727073
4972,Rahul Sharma,58,Male,AB+,9235155873
4973,Neha Kapoor,39,Female,O-,9960203946
4974,Pooja Singh,28,Male,AB-,9761915446
4975,Riya Patel,48,Female,A-,9478936041
4976,Neha Sharma,28,Male,O+,9925866399
4977,Anjali Gupta,47,Male,O+,9448372578
4978,Rahul Sharma,30,Male,A+,9717025054
4979,Priya Sharma,45,Female,O-,9536561135
4980,Aman Gupta,37,Male,O-,9640347837
4981,Kavya Kapoor,38,Female,AB+,9807229411
4982,Priya Gupta,29,Male,A-,9530089808
4983,Kavya Singh,21,Female,O-,9490503529
4984,Rohan Kapoor,57,Male,AB+,9348246601
4985,Sahil Sharma,35,Female,B-,9893862134
4986,Anjali Mehta,29,Female,B-,9459031225
4987,Aditya Kapoor,33,Male,B-,9364433958
4988,Rahul Reddy,32,Female,AB-,9366880796
4989,Karan Sharma,29,Male,O+,9433102802
4990,Sneha Singh,27,Female,O-,9372191501
4991,Rahul Mehta,30,Female,B+,9159017926
4992,Neha Kapoor,40,Male,AB-,9177978257
4993,Sahil Sharma,26,Male,B+,9450741595
4994,Sneha Sharma,49,Male,AB-,9482783304
4995,Arjun Reddy,21,Female,A+,9393542591
4996,Vikram Singh,59,Female,AB-,9522270729
4997,Pooja Verma,23,Male,AB-,9972965227
4998,Divya Verma,26,Female,B-,9648351099
4999,Priya Reddy,51,Male,A-,9367862292
5000,Divya Sharma,40,Male,AB+,9756314349
5001,Rohan Verma,57,Female,A-,9457750983
5002,Kavya Mehta,40,Female,A-,9521263136
5003,Riya Kapoor,29,Male,AB+,9539782722
5004,Neha Sharma,45,Male,O+,9244018707
5005,Aman Mehta,45,Male,AB-,9241114697
5006,Rahul Sharma,47,Female,A-,9435717032
5007,Priya Gupta,27,Male,AB-,9751883055
5008,Sahil Mehta,60,Female,O-,9594543087
5009,Aman Gupta,30,Male,O+,9125746915
5010,Priya Sharma,24,Male,A-,9405511316
5011,Riya Verma,21,Male,B+,9621400636
5012,Sneha Kapoor,20,Female,O+,9804850981
5013,Sneha Patel,33,Male,O+,9645735907
5014,Kavya Mehta,23,Female,O+,9739826131
5015,Priya Mehta,58,Male,O+,9458706412
5016,Sahil Singh,42,Female,B+,9662646520
5017,Priya Sharma,48,Male,O-,9268140443
5018,Rahul Verma,60,Female,O-,9265718942
5019,Karan Reddy,31,Female,O+,9403565996
5020,Rahul Reddy,51,Male,A+,9672806127
5021,Neha Sharma,43,Female,AB-,9210853329
5022,Rohan Mehta,36,Male,O+,9595478800
5023,Aman Gupta,42,Female,AB+,9705911066
5024,Priya Patel,42,Female,O-,9500048549
5025,Aman Mehta,49,Male,A-,9556325857
5026,Pooja Mehta,45,Male,AB-,9818156426
5027,Divya Patel,31,Female,B-,9905836870
5028,Aman Sharma,58,Female,B-,9731973591
5029,Vikram Sharma,20,Male,AB-,9668284276
5030,Divya Patel,39,Male,B-,9927350687
5031,Kavya Reddy,48,Male,A+,9826930601
5032,Karan Verma,42,Female,O-,9216249057
5033,Anjali Patel,24,Female,AB+,9687880005
5034,Kavya Singh,18,Male,B+,9381987344
5035,Priya Singh,41,Female,AB-,9444939454
5036,Rahul Sharma,39,Female,A+,9644688636
5037,Priya Kapoor,54,Female,O+,9777635674
5038,Aditya Kapoor,51,Female,B+,9432705736
5039,Sahil Verma,43,Male,A+,9317108323
5040,Pooja Kapoor,51,Male,A+,9129524723
5041,Rahul Verma,36,Male,AB-,9268994595
5042,Pooja Kapoor,19,Female,AB+,9214199522
5043,Aditya Patel,38,Female,O+,9910240036
5044,Sahil Singh,50,Female,B-,9485716301
5045,Sneha Patel,28,Male,AB-,9266647839
5046,Aditya Mehta,58,Female,A+,9104485637
5047,Anjali Singh,33,Male,B+,9341006449
5048,Pooja Sharma,41,Female,O-,9584910302
5049,Sneha Singh,41,Male,AB-,9656903813
5050,Priya Gupta,24,Male,A+,9461651541
5051,Aman Patel,43,Female,A+,9861967873
5052,Sneha Singh,31,Male,O-,9666081410
5053,Pooja Gupta,49,Male,O+,9958625571
5054,Karan Patel,23,Female,B+,9608562079
5055,Sahil Mehta,53,Female,AB+,9425269662
5056,Vikram Sharma,27,Male,AB+,9845262410
5057,Vikram Gupta,52,Female,B-,9877589768
5058,Aman Kapoor,47,Male,O-,9182473484
5059,Pooja Mehta,20,Male,A-,9999364180
5060,Sneha Sharma,27,Female,O+,9777851546
5061,Sneha Gupta,25,Male,O+,9106873145
5062,Sahil Verma,19,Female,O-,9940215209
5063,Aman Verma,24,Male,AB-,9506266415
5064,Vikram Gupta,49,Female,B-,9410811784
5065,Aman Sharma,32,Female,A-,9401618042
5066,Aman Kapoor,22,Male,A-,9703832627
5067,Sneha Gupta,18,Female,A-,9848835684
5068,Neha Singh,38,Male,O-,9730550994
5069,Rahul Gupta,37,Female,A+,9639370644
5070,Divya Patel,18,Female,A+,9966157627
5071,Sahil Reddy,24,Female,O-,9665397101
5072,Karan Verma,19,Male,A-,9382046333
5073,Divya Patel,35,Female,O-,9234371566
5074,Vikram Reddy,38,Female,AB+,9948856783
5075,Priya Reddy,35,Male,B-,9330633903
5076,Aditya Gupta,34,Female,A+,9748828476
5077,Neha Kapoor,56,Male,B-,9522178551
5078,Pooja Verma,29,Female,AB+,9176029916
5079,Rahul Patel,19,Male,B+,9558087572
5080,Aditya Mehta,32,Male,A+,9473321713
5081,Kavya Patel,33,Male,A+,9187203073
5082,Rahul Patel,59,Female,AB+,9537016895
5083,Sneha Singh,38,Male,O+,9140213613
5084,Sahil Gupta,19,Male,AB+,9573318637
5085,Pooja Patel,47,Female,O+,9932039746
5086,Rohan Gupta,51,Male,O-,9113010576
5087,Neha Patel,24,Male,A+,9589620796
5088,Aditya Sharma,22,Female,O-,9921647627
5089,Neha Reddy,38,Female,B-,9968597782
5090,Karan Sharma,46,Male,A-,9179332742
5091,Aditya Verma,54,Female,A+,9139206253
5092,Rohan Sharma,28,Male,AB+,9407749457
5093,Pooja Verma,40,Female,O+,9580755996
5094,Rohan Kapoor,32,Male,AB+,9812526377
5095,Riya Mehta,41,Male,B-,9709398852
5096,Sneha Reddy,19,Male,B-,9486754393
5097,Neha Sharma,21,Female,B+,9513097268
5098,Sahil Mehta,31,Female,A-,9894245956
5099,Kavya Reddy,33,Male,O-,9332417761
5100,Pooja Patel,27,Female,O-,9870578265
5101,Vikram Kapoor,53,Female,O+,9453872542
5102,Neha Singh,48,Female,O-,9812729887
5103,Aman Gupta,23,Male,AB+,9719019617
5104,Karan Verma,48,Female,O-,9135839518
5105,Riya Sharma,41,Female,A-,9612916746
5106,Neha Mehta,47,Male,A-,9869978768
5107,Sneha Patel,26,Female,A+,9522196864
5108,Karan Mehta,34,Female,AB+,9530188347
5109,Karan Reddy,18,Male,AB+,9811484577
5110,Arjun Mehta,49,Male,B-,9743493239
5111,Neha Gupta,60,Male,O-,9846905772
5112,Sneha Patel,43,Male,AB-,9445910463
5113,Vikram Sharma,39,Male,B+,9518147424
5114,Priya Sharma,21,Male,A-,9816424534
5115,Priya Verma,38,Female,A-,9545901527
5116,Aman Reddy,30,Female,AB+,9928194306
5117,Aman Singh,23,Male,A+,9150335709
5118,Vikram Kapoor,51,Female,O+,9993576614
5119,Priya Patel,48,Male,B-,9823544998
5120,Karan Verma,21,Female,AB+,9668251350
5121,Sneha Reddy,47,Male,O+,9489554188
5122,Arjun Patel,22,Male,B+,9177117953
5123,Vikram Singh,19,Female,B-,9906007418
5124,Aman Patel,36,Male,O-,9512753325
5125,Aman Kapoor,19,Male,B-,9543949290
5126,Rohan Verma,58,Female,B-,9554794693
5127,Karan Mehta,58,Male,O+,9596542717
5128,Riya Gupta,18,Male,B+,9341944295
5129,Aman Kapoor,60,Male,AB-,9250229352
5130,Vikram Patel,47,Male,B+,9508595597
5131,Neha Reddy,55,Female,AB-,9277613903
5132,Anjali Mehta,29,Female,AB+,9377173783
5133,Pooja Gupta,33,Female,O+,9644704530
5134,Sneha Verma,22,Female,B-,9337067647
5135,Priya Patel,34,Male,A+,9444106950
5136,Kavya Reddy,23,Female,AB-,9854282710
5137,Divya Sharma,58,Female,B+,9937517273
5138,Kavya Reddy,57,Male,B+,9482607244
5139,Sneha Singh,19,Female,O+,9352737952
5140,Aditya Singh,25,Female,B+,9877902465
5141,Sahil Patel,19,Male,B+,9304292057
5142,Arjun Gupta,22,Male,B+,9768392220
5143,Arjun Mehta,60,Female,O-,9926310779
5144,Neha Reddy,54,Male,AB-,9624914563
5145,Arjun Mehta,22,Male,AB+,9872891882
5146,Aditya Gupta,23,Male,A-,9614842322
5147,Karan Patel,47,Male,B-,9862876386
5148,Riya Singh,40,Female,O-,9562877943
5149,Sneha Verma,28,Female,AB+,9884135737
5150,Anjali Kapoor,31,Male,A+,9683085262
5151,Priya Mehta,43,Male,A+,9897914091
5152,Vikram Singh,58,Female,B+,9648978812
5153,Aditya Kapoor,28,Male,A+,9606487457
5154,Karan Verma,28,Female,B-,9869088091
5155,Riya Mehta,36,Female,B+,9297452537
5156,Rahul Reddy,26,Male,A-,9762694909
5157,Aditya Sharma,53,Female,B+,9684942314
5158,Kavya Gupta,22,Female,B+,9626194403
5159,Riya Kapoor,58,Female,AB-,9171105764
5160,Anjali Mehta,40,Female,A-,9834902433
5161,Rahul Sharma,41,Male,A+,9651116857
5162,Sneha Gupta,52,Female,B+,9238320836
5163,Riya Singh,31,Male,A+,9325275283
5164,Riya Sharma,46,Male,B+,9358371397
5165,Arjun Sharma,27,Male,A+,9857406115
5166,Karan Gupta,27,Female,B-,9590589031
5167,Arjun Kapoor,54,Male,O+,9924118397
5168,Vikram Sharma,56,Male,O+,9861781403
5169,Sahil Kapoor,25,Female,O+,9757362259
5170,Sahil Reddy,37,Male,B-,9321557294
5171,Rahul Gupta,41,Female,AB+,9169017556
5172,Rahul Patel,24,Female,O+,9383363902
5173,Aditya Sharma,19,Female,AB+,9946944948
5174,Arjun Sharma,24,Female,A-,9625920288
5175,Riya Gupta,27,Female,B+,9653754787
5176,Rahul Singh,36,Male,A-,9485113390
5177,Rahul Mehta,19,Female,O+,9205994946
5178,Karan Verma,39,Male,AB-,9499945062
5179,Anjali Kapoor,28,Male,A+,9448297368
5180,Karan Reddy,59,Female,AB+,9352341832
5181,Divya Gupta,21,Female,O-,9534427239
5182,Anjali Mehta,30,Female,A+,9928486625
5183,Sneha Verma,25,Female,B+,9977323687
5184,Arjun Mehta,50,Female,B+,9597149811
5185,Aditya Singh,43,Male,B-,9188536484
5186,Aditya Gupta,52,Male,B-,9121337455
5187,Rohan Mehta,52,Male,O-,9226414740
5188,Riya Verma,37,Male,B+,9754072194
5189,Neha Mehta,39,Female,AB-,9740226364
5190,Anjali Sharma,38,Female,O+,9575618953
5191,Arjun Reddy,49,Male,A-,9830809546
5192,Karan Reddy,55,Male,A+,9860897688
5193,Pooja Mehta,47,Female,B+,9574757003
5194,Rohan Mehta,24,Male,O+,9100603815
5195,Divya Reddy,20,Male,AB-,9807915353
5196,Anjali Singh,25,Male,B-,9506857607
5197,Sahil Sharma,18,Male,AB+,9592317488
5198,Riya Verma,26,Male,A+,9837509353
5199,Kavya Gupta,42,Male,A-,9902837921
5200,Neha Reddy,54,Male,O-,9212885214
5201,Arjun Patel,21,Male,B-,9659280554
5202,Kavya Mehta,27,Female,O+,9650324388
5203,Sneha Gupta,33,Female,O+,9848050795
5204,Neha Sharma,54,Male,A+,9604942089
5205,Neha Reddy,55,Female,AB+,9939487638
5206,Rohan Mehta,47,Female,AB+,9397537922
5207,Sneha Sharma,46,Female,B+,9898667791
5208,Riya Singh,42,Female,AB+,9802433477
5209,Neha Gupta,46,Female,A-,9840204610
5210,Sahil Sharma,34,Male,AB-,9722490092
5211,Karan Mehta,58,Male,O-,9972280972
5212,Riya Mehta,50,Female,O-,9644798502
5213,Neha Reddy,39,Female,A-,9506321822
5214,Kavya Gupta,31,Female,A+,9624851130
5215,Karan Sharma,46,Male,O-,9600032687
5216,Sahil Verma,58,Male,AB-,9806080746
5217,Rahul Sharma,49,Male,O+,9726923721
5218,Anjali Singh,30,Male,AB-,9403354826
5219,Rahul Kapoor,30,Female,AB-,9239474584
5220,Arjun Sharma,29,Male,A-,9921390264
5221,Vikram Patel,38,Male,B+,9592418815
5222,Neha Mehta,60,Female,A-,9405740983
5223,Aditya Singh,34,Male,B-,9249952445
5224,Vikram Kapoor,35,Female,O-,9180355167
5225,Pooja Patel,57,Female,A+,9728310830
5226,Neha Mehta,38,Female,AB-,9846100995
5227,Aditya Sharma,27,Male,A+,9541386565
5228,Sneha Reddy,34,Male,B-,9548927868
5229,Pooja Gupta,41,Female,O-,9958129549
5230,Sahil Verma,28,Male,B-,9811538592
5231,Aman Singh,48,Male,O+,9448888499
5232,Rahul Reddy,43,Male,B+,9281311983
5233,Vikram Kapoor,59,Male,AB-,9514682628
5234,Pooja Gupta,44,Female,B-,9820691942
5235,Rahul Gupta,41,Female,AB-,9971103666
5236,Arjun Mehta,21,Male,O+,9327897387
5237,Arjun Patel,18,Female,O-,9623222117
5238,Pooja Kapoor,32,Male,O-,9540172435
5239,Karan Sharma,34,Female,A+,9131387364
5240,Anjali Kapoor,43,Female,B+,9555361948
5241,Rahul Singh,29,Male,A+,9705841406
5242,Aditya Mehta,39,Male,O+,9211866106
5243,Aditya Sharma,45,Female,A+,9874492255
5244,Aman Mehta,24,Male,A+,9159932982
5245,Karan Kapoor,34,Female,A+,9590802884
5246,Riya Reddy,28,Male,O+,9295766241
5247,Aman Kapoor,33,Male,A-,9895248213
5248,Anjali Patel,59,Male,A-,9102624719
5249,Arjun Kapoor,19,Female,A-,9271385746
5250,Anjali Patel,20,Male,B+,9256033604
5251,Neha Reddy,46,Female,B+,9587510995
5252,Priya Mehta,36,Female,O-,9889563316
5253,Aditya Singh,53,Male,A+,9529742999
5254,Karan Singh,28,Male,A-,9279756224
5255,Riya Sharma,36,Female,O+,9855579708
5256,Riya Mehta,50,Female,B+,9895268646
5257,Rohan Reddy,44,Male,O+,9978829298
5258,Rahul Patel,34,Female,B+,9846008427
5259,Rohan Mehta,29,Female,O-,9333559158
5260,Aditya Reddy,34,Female,O-,9687825302
5261,Rohan Sharma,46,Male,AB+,9547293135
5262,Arjun Reddy,47,Female,A+,9565978543
5263,Aman Singh,57,Female,B+,9686000918
5264,Pooja Singh,43,Male,B+,9650453226
5265,Vikram Patel,22,Female,AB+,9228340448
5266,Aditya Sharma,18,Female,B-,9629023580
5267,Aman Patel,20,Female,O+,9882366720
5268,Sahil Sharma,30,Male,O+,9505873223
5269,Pooja Reddy,54,Female,A-,9254989517
5270,Aditya Kapoor,25,Male,AB+,9243383352
5271,Divya Kapoor,41,Female,A-,9528325882
5272,Rahul Verma,54,Male,AB+,9697177049
5273,Rahul Reddy,18,Male,O-,9101261301
5274,Sahil Reddy,24,Female,B+,9142315720
5275,Kavya Reddy,59,Male,A+,9606049810
5276,Pooja Sharma,36,Male,B-,9555963196
5277,Divya Reddy,56,Female,O-,9850962066
5278,Vikram Gupta,44,Male,A+,9451675231
5279,Aman Verma,20,Male,A+,9826156118
5280,Kavya Sharma,24,Female,AB-,9130147501
5281,Anjali Sharma,41,Male,B+,9473678881
5282,Pooja Reddy,28,Male,B+,9135188788
5283,Aman Sharma,29,Female,AB-,9770412502
5284,Kavya Gupta,59,Female,AB-,9787198747
5285,Neha Patel,38,Female,AB+,9373165202
5286,Anjali Mehta,27,Female,AB+,9818278581
5287,Anjali Sharma,36,Male,O+,9405171866
5288,Sneha Mehta,31,Female,AB+,9142251065
5289,Divya Verma,30,Male,O-,9938567330
5290,Neha Reddy,45,Female,O-,9507292286
5291,Sneha Patel,18,Female,AB-,9633010273
5292,Aman Reddy,37,Male,AB-,9659381902
5293,Pooja Patel,51,Male,AB+,9392992099
5294,Priya Sharma,31,Female,O+,9283519050
5295,Pooja Sharma,40,Female,AB+,9385114214
5296,Arjun Sharma,54,Female,B-,9296126839
5297,Rohan Mehta,33,Female,B+,9573919495
5298,Sneha Verma,25,Male,A+,9852837482
5299,Divya Verma,52,Female,O+,9827382790
5300,Riya Mehta,56,Male,B+,9182006134
5301,Neha Mehta,54,Female,A-,9636956914
5302,Karan Sharma,60,Female,B-,9798828107
5303,Rohan Sharma,20,Male,B+,9805062913
5304,Riya Gupta,27,Female,O-,9811566329
5305,Vikram Sharma,39,Female,AB+,9686959816
5306,Anjali Reddy,53,Male,B+,9168974724
5307,Pooja Reddy,34,Female,O-,9427541829
5308,Sahil Sharma,36,Male,B-,9589268942
5309,Sneha Reddy,53,Female,O-,9952982314
5310,Anjali Verma,34,Female,A-,9591785784
5311,Anjali Reddy,39,Male,AB+,9469514401
5312,Vikram Singh,45,Female,O+,9765369356
5313,Aditya Reddy,48,Female,AB+,9399338479
5314,Arjun Gupta,46,Female,A-,9352973742
5315,Rohan Sharma,25,Male,B-,9546621678
5316,Rahul Mehta,56,Female,B+,9846658038
5317,Aditya Mehta,60,Male,B-,9369689457
5318,Sahil Kapoor,51,Male,A-,9264487807
5319,Rohan Gupta,36,Female,B-,9553046380
5320,Divya Patel,25,Male,AB-,9539793388
5321,Sahil Singh,26,Male,A+,9971223329
5322,Aditya Sharma,60,Female,AB-,9758514183
5323,Rohan Sharma,38,Male,A-,9506698367
5324,Priya Singh,26,Female,AB+,9359064321
5325,Neha Sharma,31,Female,B+,9968041098
5326,Kavya Verma,52,Female,B+,9405231319
5327,Pooja Reddy,40,Female,B-,9167245255
5328,Sneha Singh,58,Male,B-,9683692875
5329,Rahul Reddy,52,Male,O-,9679376355
5330,Priya Patel,44,Male,AB-,9848349161
5331,Pooja Mehta,57,Female,O+,9504488188
5332,Neha Mehta,45,Female,AB+,9185797204
5333,Rahul Singh,58,Male,AB-,9249797536
5334,Aman Singh,60,Female,O+,9727064895
5335,Priya Mehta,57,Female,O+,9732790363
5336,Pooja Singh,52,Male,AB+,9582118154
5337,Priya Mehta,27,Male,B-,9185085945
5338,Neha Singh,57,Female,A-,9951122269
5339,Anjali Kapoor,28,Male,B-,9564490803
5340,Sahil Patel,36,Male,O-,9904202650
5341,Kavya Patel,26,Female,AB-,9299879835
5342,Kavya Singh,51,Female,O+,9131203203
5343,Neha Singh,18,Female,O-,9702410110
5344,Neha Gupta,46,Male,A+,9536690691
5345,Anjali Kapoor,32,Female,AB-,9973237528
5346,Divya Reddy,33,Female,O+,9286277308
5347,Karan Singh,46,Female,A+,9160059396
5348,Rohan Mehta,31,Female,AB-,9857759874
5349,Kavya Kapoor,21,Male,O-,9336895749
5350,Vikram Singh,53,Female,O-,9124315093
5351,Pooja Singh,34,Male,B+,9455480893
5352,Arjun Mehta,36,Female,B-,9721532517
5353,Aditya Reddy,59,Male,AB+,9211949588
5354,Sneha Patel,48,Male,AB-,9946876253
5355,Riya Gupta,43,Female,B-,9666552821
5356,Sahil Mehta,42,Male,AB+,9399077338
5357,Rohan Patel,49,Male,B-,9301232445
5358,Anjali Verma,28,Female,AB-,9478224779
5359,Aditya Reddy,19,Male,O+,9273603528
5360,Neha Gupta,38,Female,B+,9552846118
5361,Rohan Sharma,49,Female,A+,9783093120
5362,Arjun Kapoor,21,Male,B+,9871387731
5363,Priya Kapoor,33,Male,A-,9359119541
5364,Kavya Verma,42,Male,B-,9366020733
5365,Divya Patel,53,Male,AB-,9688533376
5366,Aman Sharma,52,Male,A-,9492963000
5367,Karan Kapoor,47,Female,B-,9450122924
5368,Sahil Reddy,19,Male,O-,9627209566
5369,Anjali Reddy,22,Female,O+,9492790138
5370,Riya Mehta,47,Female,AB-,9631112880
5371,Arjun Mehta,57,Female,AB-,9127292416
5372,Arjun Mehta,59,Male,O+,9243885422
5373,Aman Reddy,25,Female,AB-,9407331728
5374,Aman Kapoor,57,Female,B+,9840536977
5375,Arjun Singh,60,Female,B+,9968662621
5376,Priya Reddy,60,Male,A-,9523438238
5377,Arjun Verma,22,Male,A-,9421445461
5378,Divya Reddy,36,Female,AB-,9259920714
5379,Priya Kapoor,20,Male,O-,9777182184
5380,Sahil Gupta,47,Male,A+,9650712378
5381,Vikram Gupta,21,Male,AB-,9833582557
5382,Neha Singh,23,Male,AB+,9406801200
5383,Rahul Singh,55,Male,O+,9350774106
5384,Pooja Sharma,54,Female,A-,9289008021
5385,Aman Sharma,41,Male,AB-,9613458191
5386,Arjun Sharma,19,Female,O-,9752601097
5387,Rohan Verma,26,Male,B+,9448877497
5388,Pooja Patel,18,Male,A-,9939374575
5389,Sneha Kapoor,37,Male,AB+,9960115159
5390,Divya Reddy,22,Male,B-,9745132650
5391,Riya Singh,47,Female,O+,9193613358
5392,Anjali Reddy,33,Female,B+,9224526710
5393,Sneha Singh,19,Male,A-,9847115468
5394,Karan Verma,32,Male,A-,9411384221
5395,Pooja Sharma,28,Male,A-,9721047638
5396,Sahil Patel,37,Female,B+,9302138244
5397,Sneha Verma,54,Male,B+,9175273206
5398,Karan Kapoor,38,Female,B-,9201039298
5399,Aditya Singh,32,Female,O+,9625119993
5400,Priya Gupta,22,Female,A-,9112181793
5401,Karan Verma,57,Male,O-,9411988793
5402,Priya Mehta,19,Male,B-,9875431611
5403,Karan Singh,19,Male,AB+,9957933675
5404,Rohan Mehta,45,Male,O-,9182262764
5405,Rohan Reddy,43,Female,A+,9987314839
5406,Kavya Reddy,40,Male,AB-,9859657557
5407,Aditya Singh,32,Male,O+,9911644273
5408,Karan Verma,43,Male,B-,9810964209
5409,Kavya Verma,23,Male,AB-,9927364474
5410,Aditya Sharma,30,Female,B-,9164882944
5411,Riya Patel,47,Male,A+,9470838197
5412,Rohan Patel,56,Female,O+,9837036636
5413,Neha Singh,33,Male,O-,9163635537
5414,Rahul Reddy,24,Female,A+,9938969140
5415,Rahul Reddy,22,Female,A+,9700686670
5416,Riya Kapoor,33,Male,B-,9420237587
5417,Karan Sharma,43,Female,O-,9414770196
5418,Pooja Kapoor,57,Male,B-,9602640345
5419,Arjun Sharma,54,Female,B+,9252622349
5420,Arjun Singh,41,Female,AB+,9482328031
5421,Arjun Verma,31,Male,O+,9939368680
5422,Rahul Kapoor,37,Male,B-,9559954011
5423,Kavya Kapoor,53,Female,B-,9525608985
5424,Karan Singh,33,Male,A+,9377130207
5425,Neha Patel,34,Female,AB-,9657145122
5426,Pooja Patel,44,Female,O+,9892479741
5427,Kavya Gupta,24,Female,B-,9627307929
5428,Aman Singh,20,Female,B-,9213439922
5429,Aditya Mehta,40,Male,O-,9616239917
5430,Sahil Sharma,25,Female,AB-,9651243580
5431,Pooja Sharma,50,Male,A-,9904551228
5432,Rohan Gupta,23,Female,O-,9291408020
5433,Sneha Gupta,31,Female,A-,9178052074
5434,Riya Patel,25,Male,AB+,9515227197
5435,Rahul Kapoor,42,Male,A-,9654477082
5436,Anjali Patel,19,Female,AB-,9464841558
5437,Rohan Patel,40,Female,B+,9896199420
5438,Sahil Kapoor,42,Female,B-,9636690382
5439,Aditya Verma,35,Male,B-,9411457930
5440,Rohan Mehta,35,Female,AB-,9824310998
5441,Riya Patel,19,Male,B-,9107457447
5442,Aman Verma,56,Female,B+,9263410357
5443,Kavya Singh,32,Female,O-,9386748835
5444,Vikram Verma,59,Female,B-,9519380862
5445,Neha Mehta,60,Male,AB-,9999507991
5446,Aditya Sharma,55,Male,AB+,9131542946
5447,Aman Patel,41,Male,A-,9174768068
5448,Karan Patel,34,Male,B-,9395380501
5449,Rohan Gupta,30,Female,O-,9136427927
5450,Rahul Patel,29,Female,AB-,9865071313
5451,Arjun Verma,37,Male,AB-,9373893329
5452,Pooja Patel,45,Female,AB+,9248378419
5453,Aman Reddy,40,Female,B+,9609652265
5454,Arjun Singh,50,Male,A+,9220523211
5455,Riya Verma,59,Female,B-,9390878933
5456,Pooja Reddy,55,Female,AB-,9728220146
5457,Anjali Kapoor,38,Male,O+,9864073397
5458,Karan Kapoor,28,Female,AB+,9886282787
5459,Kavya Verma,20,Male,A-,9577767892
5460,Rahul Reddy,53,Male,B+,9833460244
5461,Pooja Mehta,46,Female,A-,9892063849
5462,Neha Sharma,35,Female,AB+,9196488790
5463,Pooja Singh,58,Male,AB-,9866257609
5464,Divya Singh,52,Male,B-,9619039546
5465,Anjali Reddy,40,Female,O-,9716089756
5466,Sneha Kapoor,21,Male,O+,9449730037
5467,Sahil Gupta,58,Female,O-,9202924922
5468,Aman Mehta,51,Male,A-,9997424652
5469,Aditya Sharma,51,Female,A-,9874740032
5470,Rahul Reddy,54,Male,A-,9547236945
5471,Sneha Verma,37,Female,AB+,9373351693
5472,Sahil Verma,24,Male,A+,9914163139
5473,Aditya Mehta,37,Male,AB+,9625567351
5474,Karan Mehta,29,Male,O-,9874825001
5475,Kavya Gupta,53,Female,O-,9105080802
5476,Priya Reddy,53,Male,B+,9465756137
5477,Neha Singh,39,Male,B+,9192928243
5478,Rahul Singh,28,Female,O-,9713913227
5479,Priya Patel,60,Female,O+,9881697876
5480,Rahul Singh,52,Female,AB-,9871939263
5481,Karan Kapoor,54,Female,O-,9167836126
5482,Riya Gupta,43,Male,A-,9925209202
5483,Rahul Sharma,30,Female,A+,9993317348
5484,Rahul Reddy,20,Male,O-,9658546670
5485,Priya Patel,45,Male,B+,9139282259
5486,Kavya Sharma,54,Male,AB+,9641817695
5487,Rohan Singh,45,Female,AB+,9680706367
5488,Aditya Patel,29,Female,AB-,9163635500
5489,Kavya Gupta,35,Female,O+,9440013315
5490,Aditya Singh,45,Female,O+,9487030906
5491,Rohan Verma,56,Male,A-,9579692622
5492,Rohan Reddy,48,Female,A+,9965935538
5493,Priya Kapoor,37,Female,B+,9910456080
5494,Vikram Sharma,29,Female,B+,9526492306
5495,Neha Sharma,31,Male,O+,9812215293
5496,Rohan Mehta,28,Female,O-,9339101436
5497,Neha Sharma,57,Male,O-,9909049162
5498,Rohan Sharma,42,Male,AB-,9192923088
5499,Riya Mehta,27,Male,AB+,9599273097
5500,Sahil Reddy,41,Male,B+,9467861809
5501,Karan Reddy,58,Male,A+,9873224976
5502,Divya Kapoor,43,Female,B-,9308437490
5503,Vikram Reddy,45,Male,B-,9376887926
5504,Vikram Singh,52,Female,O+,9271090952
5505,Neha Reddy,26,Male,O-,9823883889
5506,Anjali Singh,39,Male,A-,9137951457
5507,Neha Kapoor,48,Male,A+,9683276190
5508,Pooja Singh,59,Male,AB+,9136538728
5509,Karan Reddy,18,Female,B-,9305178525
5510,Neha Kapoor,25,Male,AB+,9494207503
5511,Sahil Verma,26,Female,O-,9687793318
5512,Rahul Gupta,47,Male,O-,9208477609
5513,Divya Verma,48,Female,O+,9680200438
5514,Rahul Patel,36,Female,AB-,9429813964
5515,Pooja Singh,24,Female,O-,9814776831
5516,Neha Reddy,57,Male,O+,9410704010
5517,Rahul Mehta,31,Male,O-,9312836039
5518,Riya Mehta,57,Male,AB+,9879351567
5519,Vikram Kapoor,58,Male,B-,9747713554
5520,Aditya Reddy,51,Male,B-,9186224320
5521,Divya Sharma,33,Male,A-,9737655438
5522,Divya Patel,40,Female,A-,9831148751
5523,Rahul Singh,39,Male,O+,9568056824
5524,Riya Patel,58,Male,O+,9793886707
5525,Aditya Kapoor,37,Female,O+,9605765959
5526,Aman Gupta,54,Female,B-,9252821271
5527,Divya Verma,18,Male,AB-,9298855373
5528,Pooja Singh,48,Female,B+,9263964620
5529,Sneha Mehta,40,Female,B-,9826928165
5530,Aditya Gupta,31,Female,B-,9740563044
5531,Rohan Mehta,56,Female,A+,9315889329
5532,Divya Mehta,36,Female,AB-,9567592829
5533,Divya Kapoor,22,Female,A+,9651417634
5534,Kavya Kapoor,20,Male,B+,9892776694
5535,Aman Sharma,60,Male,O-,9319068996
5536,Sahil Patel,32,Male,AB-,9890091860
5537,Sahil Reddy,31,Male,B+,9883524281
5538,Karan Gupta,50,Female,AB+,9705891322
5539,Karan Verma,45,Female,A+,9955716698
5540,Sneha Verma,20,Male,AB+,9689178808
5541,Riya Patel,19,Female,B-,9900887616
5542,Vikram Patel,37,Female,O-,9930592387
5543,Karan Reddy,50,Female,AB-,9776565719
5544,Rohan Verma,48,Female,A+,9944918864
5545,Rahul Kapoor,49,Male,O+,9414215200
5546,Divya Verma,18,Female,AB-,9906624002
5547,Kavya Kapoor,35,Female,O+,9717024006
5548,Pooja Gupta,49,Male,B-,9679350162
5549,Aditya Sharma,38,Male,A+,9807790100
5550,Arjun Patel,45,Female,A-,9693914313
5551,Karan Reddy,52,Female,O-,9575176523
5552,Aman Kapoor,46,Female,B-,9975409053
5553,Rohan Mehta,20,Female,AB-,9764613594
5554,Karan Sharma,43,Male,AB-,9162017009
5555,Vikram Kapoor,20,Female,AB+,9522282537
5556,Anjali Gupta,32,Female,B-,9484750773
5557,Rohan Patel,56,Female,B+,9220364288
5558,Anjali Verma,40,Female,A+,9983200484
5559,Neha Reddy,22,Male,A+,9325031539
5560,Arjun Gupta,44,Female,O+,9558666619
5561,Rahul Gupta,55,Male,B-,9612109795
5562,Sahil Gupta,46,Female,O-,9562044649
5563,Sneha Verma,45,Male,B+,9290502540
5564,Sneha Mehta,20,Male,O+,9850279813
5565,Arjun Mehta,53,Female,A-,9785555831
5566,Priya Sharma,37,Male,AB-,9659563145
5567,Neha Kapoor,31,Female,B+,9683909444
5568,Riya Patel,18,Male,B-,9653648045
5569,Arjun Mehta,18,Male,B+,9729342579
5570,Arjun Reddy,30,Male,A-,9133464894
5571,Aman Singh,36,Female,O-,9201658540
5572,Aman Mehta,53,Male,O+,9902808418
5573,Aman Gupta,56,Male,B-,9530755030
5574,Divya Sharma,40,Female,A-,9718031620
5575,Sneha Kapoor,54,Female,O-,9187492688
5576,Riya Reddy,22,Female,A+,9675813320
5577,Rahul Gupta,57,Male,B-,9859280772
5578,Anjali Mehta,19,Female,A-,9744419648
5579,Riya Verma,27,Male,B-,9972716329
5580,Vikram Verma,30,Female,AB-,9275227554
5581,Vikram Sharma,54,Female,A+,9814817118
5582,Priya Kapoor,48,Male,O-,9632604618
5583,Divya Mehta,42,Male,O-,9373682422
5584,Rahul Patel,43,Male,A-,9841425113
5585,Anjali Patel,26,Male,B-,9163936558
5586,Sahil Mehta,22,Female,AB-,9626548634
5587,Aman Singh,25,Male,O+,9151610783
5588,Aman Verma,25,Male,B-,9829658251
5589,Neha Kapoor,21,Male,AB-,9483516132
5590,Kavya Singh,21,Female,B+,9337470604
5591,Sneha Gupta,60,Female,O+,9695896117
5592,Sneha Sharma,55,Female,A-,9712806514
5593,Sahil Sharma,36,Female,A+,9469130881
5594,Anjali Verma,22,Male,A+,9333165562
5595,Riya Sharma,51,Male,O+,9943986175
5596,Rohan Verma,53,Male,AB+,9373920960
5597,Riya Sharma,52,Male,O-,9209743779
5598,Rohan Sharma,53,Male,AB+,9556181458
5599,Arjun Gupta,35,Female,A+,9980711979
5600,Sahil Sharma,55,Female,A+,9544497875
5601,Vikram Reddy,34,Female,O+,9564069488
5602,Neha Mehta,54,Male,O-,9376908983
5603,Vikram Gupta,23,Female,B+,9814205375
5604,Rahul Gupta,57,Female,O-,9798514635
5605,Aditya Patel,29,Female,B-,9824220527
5606,Pooja Reddy,43,Female,A-,9744857360
5607,Divya Kapoor,20,Male,O+,9406758462
5608,Kavya Singh,51,Female,A-,9604028605
5609,Pooja Patel,51,Female,A+,9244687445
5610,Sahil Singh,56,Female,O+,9191055832
5611,Sneha Patel,42,Male,O+,9567492430
5612,Rahul Kapoor,37,Male,AB+,9967490713
5613,Sahil Patel,48,Male,A-,9525023557
5614,Divya Patel,28,Female,O-,9982100437
5615,Pooja Sharma,28,Male,AB-,9982465279
5616,Kavya Singh,31,Male,B+,9446055600
5617,Vikram Gupta,29,Male,AB-,9262533972
5618,Arjun Patel,20,Male,AB-,9900071711
5619,Pooja Patel,22,Female,B+,9215964646
5620,Divya Sharma,39,Male,A+,9772095194
5621,Divya Kapoor,39,Male,A-,9302312082
5622,Sneha Gupta,41,Female,A+,9453676740
5623,Neha Gupta,60,Male,B-,9260441737
5624,Vikram Verma,18,Male,B+,9721323101
5625,Rohan Gupta,32,Male,AB+,9849846818
5626,Aman Gupta,19,Female,B-,9384798407
5627,Karan Reddy,48,Male,AB+,9148460572
5628,Vikram Verma,25,Female,B+,9344905498
5629,Aman Kapoor,49,Male,A-,9801307593
5630,Rahul Sharma,54,Female,B+,9433646237
5631,Anjali Patel,40,Female,O+,9970555903
5632,Karan Mehta,41,Female,O-,9403053719
5633,Divya Singh,44,Male,AB+,9639306845
5634,Vikram Kapoor,49,Male,AB-,9433736563
5635,Pooja Singh,26,Female,B-,9451044421
5636,Sneha Verma,47,Male,A+,9455536007
5637,Priya Kapoor,34,Female,AB-,9347391500
5638,Anjali Reddy,28,Male,AB+,9573928974
5639,Sahil Reddy,45,Female,O+,9860844120
5640,Priya Singh,52,Female,AB+,9444620557
5641,Aditya Verma,60,Male,A+,9771914096
5642,Kavya Mehta,31,Male,B-,9869639577
5643,Sahil Mehta,56,Male,A-,9498806730
5644,Vikram Patel,26,Male,A+,9616217145
5645,Pooja Verma,34,Female,B-,9104072326
5646,Sneha Sharma,42,Male,AB+,9407257543
5647,Divya Singh,55,Female,AB+,9478523220
5648,Aditya Gupta,35,Male,B-,9174225122
5649,Kavya Verma,25,Female,B-,9343827019
5650,Neha Gupta,55,Female,B+,9768104981
5651,Riya Reddy,19,Male,A+,9905312037
5652,Priya Kapoor,58,Female,B-,9416209254
5653,Pooja Reddy,41,Female,O+,9773127566
5654,Aman Verma,48,Female,A+,9862952290
5655,Vikram Verma,41,Male,O-,9751766061
5656,Rohan Kapoor,47,Female,B-,9652943832
5657,Vikram Reddy,36,Male,B-,9330195549
5658,Sneha Singh,28,Male,B-,9746480573
5659,Arjun Gupta,53,Male,O-,9114796240
5660,Pooja Reddy,31,Male,AB+,9885802741
5661,Karan Patel,53,Female,AB+,9593740521
5662,Kavya Reddy,34,Male,O-,9119326060
5663,Neha Patel,42,Female,AB-,9531876902
5664,Rahul Sharma,46,Female,B+,9274004414
5665,Vikram Verma,29,Male,A-,9723874571
5666,Karan Patel,52,Male,O-,9696567733
5667,Rohan Reddy,26,Female,AB+,9860547346
5668,Karan Kapoor,30,Male,AB+,9875158419
5669,Divya Patel,54,Male,A+,9531962380
5670,Sahil Patel,20,Female,AB-,9348692663
5671,Sneha Singh,30,Female,AB+,9320744105
5672,Arjun Gupta,55,Male,A-,9659263525
5673,Pooja Patel,40,Male,B+,9380663530
5674,Anjali Verma,19,Female,B-,9602170308
5675,Aman Reddy,19,Female,B-,9947487880
5676,Sahil Gupta,58,Male,A-,9840127479
5677,Riya Mehta,55,Female,AB-,9892542863
5678,Divya Gupta,28,Male,B-,9636485059
5679,Karan Verma,31,Female,B-,9840181220
5680,Sahil Mehta,54,Female,B+,9624910662
5681,Sahil Reddy,45,Female,O-,9624110579
5682,Divya Kapoor,41,Female,A-,9324002562
5683,Pooja Verma,49,Female,A-,9727950220
5684,Divya Kapoor,53,Male,AB+,9292367500
5685,Riya Reddy,26,Male,B-,9752626308
5686,Rahul Reddy,43,Male,AB-,9129601357
5687,Priya Verma,22,Male,B-,9754756559
5688,Sneha Mehta,37,Male,AB+,9403932132
5689,Anjali Kapoor,44,Female,O-,9764082033
5690,Anjali Verma,34,Male,A-,9102722782
5691,Sahil Verma,42,Female,O-,9855952613
5692,Rahul Gupta,58,Male,AB-,9616692710
5693,Neha Sharma,42,Female,O+,9595843161
5694,Neha Patel,46,Male,A+,9727101008
5695,Sahil Verma,20,Male,B-,9591848093
5696,Anjali Patel,37,Male,B+,9161348078
5697,Divya Patel,54,Female,B+,9386643311
5698,Divya Reddy,24,Female,AB-,9832317814
5699,Aditya Kapoor,28,Female,O-,9107637543
5700,Sneha Verma,39,Female,A-,9995003346
5701,Aditya Reddy,31,Male,O+,9104941743
5702,Riya Mehta,44,Female,A-,9137509445
5703,Arjun Reddy,30,Female,O+,9614160608
5704,Pooja Kapoor,30,Female,AB+,9391565893
5705,Kavya Sharma,28,Female,B-,9261470063
5706,Kavya Patel,49,Female,AB-,9738369591
5707,Sahil Gupta,39,Female,O+,9513402278
5708,Rohan Gupta,46,Male,AB-,9479657088
5709,Neha Gupta,46,Female,AB-,9795542553
5710,Priya Singh,34,Male,AB-,9359134204
5711,Aditya Reddy,28,Male,AB+,9829313436
5712,Sahil Mehta,32,Female,AB-,9128975523
5713,Neha Reddy,40,Female,A+,9929843781
5714,Kavya Sharma,41,Male,B-,9313375756
5715,Divya Patel,55,Male,B+,9874828821
5716,Sneha Kapoor,44,Female,AB+,9894926418
5717,Priya Gupta,19,Female,B-,9592415918
5718,Karan Sharma,35,Male,AB-,9101404406
5719,Sahil Kapoor,29,Female,A+,9437397674
5720,Sneha Sharma,27,Female,AB-,9654614800
5721,Neha Reddy,58,Female,B-,9316993537
5722,Pooja Patel,47,Female,O+,9386128436
5723,Sahil Patel,20,Male,B-,9246555638
5724,Kavya Kapoor,54,Female,AB+,9219678572
5725,Arjun Singh,21,Female,A-,9157308080
5726,Aman Sharma,29,Female,O+,9148233160
5727,Kavya Verma,56,Female,A-,9520627798
5728,Pooja Gupta,55,Female,O-,9707503230
5729,Kavya Kapoor,51,Male,B-,9996066327
5730,Rahul Patel,23,Female,AB+,9330814617
5731,Arjun Reddy,59,Female,AB+,9857862554
5732,Kavya Kapoor,39,Male,AB-,9817991230
5733,Anjali Patel,20,Male,O-,9131131342
5734,Sahil Reddy,39,Female,O-,9164921188
5735,Kavya Verma,58,Male,B+,9743938244
5736,Anjali Kapoor,43,Male,B-,9712017106
5737,Sneha Singh,30,Female,O-,9372251119
5738,Divya Gupta,24,Male,B-,9634969738
5739,Riya Reddy,18,Female,A+,9625359128
5740,Aman Sharma,58,Female,AB-,9227888610
5741,Rahul Patel,35,Male,O-,9138453511
5742,Aditya Kapoor,52,Female,O-,9670058195
5743,Rohan Kapoor,18,Male,AB+,9655709301
5744,Divya Reddy,31,Female,AB-,9808598901
5745,Pooja Sharma,36,Female,B+,9614546594
5746,Anjali Sharma,57,Male,B-,9226362320
5747,Aditya Kapoor,60,Female,AB+,9363823191
5748,Aman Patel,49,Female,AB+,9380345875
5749,Rohan Sharma,53,Female,B-,9125721464
5750,Karan Singh,58,Male,O-,9772520266
5751,Divya Patel,18,Female,B+,9554542329
5752,Priya Verma,41,Male,B-,9994861834
5753,Priya Singh,56,Female,O+,9310274770
5754,Neha Sharma,56,Male,B-,9484631979
5755,Sahil Mehta,34,Male,B-,9131516053
5756,Aditya Verma,40,Female,A+,9963621889
5757,Anjali Reddy,31,Male,A+,9226137829
5758,Vikram Mehta,31,Male,AB-,9104702087
5759,Rahul Gupta,26,Male,A-,9813288029
5760,Vikram Sharma,42,Male,A+,9423149526
5761,Sneha Sharma,54,Male,A+,9472148341
5762,Pooja Gupta,46,Male,AB-,9576166933
5763,Kavya Reddy,31,Male,AB+,9992309199
5764,Arjun Mehta,33,Male,AB-,9190887647
5765,Anjali Reddy,27,Male,B+,9568785789
5766,Rohan Singh,55,Female,A-,9641641847
5767,Arjun Singh,41,Female,O-,9836115658
5768,Riya Verma,39,Female,A+,9361647651
5769,Priya Verma,54,Female,AB-,9425699604
5770,Rohan Reddy,42,Male,AB-,9115991195
5771,Pooja Gupta,55,Male,AB-,9891448888
5772,Rahul Singh,59,Female,AB+,9537251165
5773,Pooja Sharma,33,Female,A+,9576333044
5774,Riya Mehta,40,Female,B-,9495423998
5775,Arjun Verma,21,Male,B+,9579572507
5776,Aditya Mehta,37,Female,O-,9773864705
5777,Kavya Reddy,35,Female,B+,9497217154
5778,Pooja Verma,26,Male,O-,9259326927
5779,Pooja Kapoor,48,Female,A+,9118282463
5780,Kavya Sharma,36,Female,AB-,9744079110
5781,Pooja Gupta,54,Female,O-,9384704380
5782,Sneha Patel,45,Male,B-,9827722519
5783,Arjun Patel,60,Female,A-,9265397058
5784,Arjun Mehta,55,Male,AB-,9132075033
5785,Anjali Reddy,45,Female,AB+,9770084982
5786,Rahul Patel,37,Male,B+,9933017703
5787,Vikram Reddy,27,Female,O+,9487026872
5788,Karan Verma,36,Female,A-,9844565620
5789,Karan Gupta,24,Female,A+,9160003016
5790,Arjun Gupta,41,Female,B-,9948584327
5791,Pooja Mehta,40,Female,AB-,9567229623
5792,Anjali Verma,45,Male,B-,9500518353
5793,Kavya Patel,44,Male,AB-,9914570174
5794,Rahul Gupta,55,Male,A+,9639815189
5795,Riya Sharma,36,Male,A-,9608577127
5796,Aman Mehta,39,Female,AB-,9922441905
5797,Anjali Verma,58,Female,B-,9339516936
5798,Sahil Patel,20,Male,A-,9817506128
5799,Riya Sharma,51,Female,A+,9194484018
5800,Priya Mehta,41,Male,A-,9199680428
5801,Sneha Mehta,31,Male,A+,9273692135
5802,Sahil Gupta,21,Male,B-,9836557272
5803,Neha Kapoor,54,Female,B-,9636628492
5804,Priya Singh,18,Male,O-,9657014275
5805,Anjali Verma,53,Male,AB+,9404219591
5806,Aditya Verma,44,Female,O+,9533985707
5807,Neha Gupta,26,Male,B-,9421024800
5808,Aman Singh,36,Male,O+,9567039904
5809,Pooja Reddy,35,Male,O+,9429589436
5810,Rohan Sharma,34,Female,B-,9923018694
5811,Anjali Reddy,56,Female,O+,9357287736
5812,Aditya Mehta,51,Male,O-,9576340661
5813,Pooja Gupta,57,Male,AB+,9516794755
5814,Aditya Verma,37,Female,O+,9975580042
5815,Karan Mehta,33,Male,AB-,9454636729
5816,Riya Patel,37,Male,B-,9760404936
5817,Rohan Sharma,27,Female,A+,9696484327
5818,Sahil Gupta,55,Female,O+,9549145639
5819,Aman Verma,60,Male,B+,9719053502
5820,Vikram Kapoor,60,Male,AB+,9512004044
5821,Kavya Singh,29,Male,B-,9602200219
5822,Karan Kapoor,49,Female,A+,9515329905
5823,Aman Kapoor,50,Female,O-,9422983306
5824,Arjun Reddy,50,Male,A+,9385073461
5825,Arjun Mehta,55,Female,AB-,9825612731
5826,Aditya Patel,59,Female,O-,9639464740
5827,Sahil Sharma,21,Female,AB-,9172052215
5828,Vikram Patel,58,Female,O+,9380395086
5829,Rohan Gupta,31,Female,B-,9277821118
5830,Aditya Sharma,41,Female,A-,9374190762
5831,Riya Mehta,30,Female,AB+,9290666050
5832,Priya Sharma,36,Male,A-,9835510545
5833,Riya Reddy,34,Female,A-,9495844223
5834,Vikram Sharma,33,Female,A-,9778145460
5835,Aman Mehta,60,Male,AB-,9538997106
5836,Divya Verma,33,Male,AB-,9687691267
5837,Arjun Sharma,52,Male,AB+,9301366278
5838,Anjali Singh,54,Female,O+,9541046538
5839,Karan Singh,49,Male,AB+,9238358840
5840,Karan Kapoor,53,Male,A+,9531871563
5841,Priya Verma,49,Male,A+,9490445159
5842,Vikram Singh,56,Male,AB+,9475349791
5843,Aditya Gupta,55,Female,AB-,9763716959
5844,Rahul Mehta,26,Female,A+,9855152413
5845,Anjali Mehta,57,Female,A-,9221401805
5846,Pooja Kapoor,38,Male,A+,9435126898
5847,Rahul Reddy,48,Female,A-,9337109354
5848,Priya Patel,22,Male,B+,9250252624
5849,Sneha Patel,53,Female,AB+,9464161920
5850,Karan Reddy,25,Female,O-,9356846305
5851,Vikram Sharma,36,Male,A-,9754541339
5852,Vikram Reddy,36,Male,A-,9292860384
5853,Riya Patel,44,Female,O+,9146424028
5854,Anjali Kapoor,30,Female,A-,9544338175
5855,Divya Mehta,50,Male,O+,9919087759
5856,Vikram Gupta,47,Female,AB-,9463324283
5857,Vikram Patel,47,Male,A+,9824187497
5858,Neha Patel,58,Female,A+,9254590257
5859,Aditya Mehta,25,Male,A+,9482516958
5860,Riya Reddy,20,Female,A+,9442745689
5861,Aditya Verma,22,Male,A-,9849283114
5862,Aman Patel,47,Male,B+,9358694431
5863,Divya Kapoor,54,Male,B-,9117929351
5864,Divya Gupta,51,Female,AB-,9187940157
5865,Riya Mehta,48,Male,O-,9724575950
5866,Pooja Kapoor,27,Male,B-,9134431911
5867,Vikram Gupta,29,Female,AB+,9542666009
5868,Arjun Mehta,25,Male,B+,9873893120
5869,Priya Gupta,22,Male,AB-,9862458552
5870,Pooja Sharma,38,Male,A+,9751537654
5871,Neha Kapoor,36,Female,AB-,9876750194
5872,Neha Kapoor,44,Male,B-,9106993484
5873,Arjun Reddy,41,Female,B-,9599786287
5874,Priya Sharma,54,Female,A-,9535531619
5875,Rohan Kapoor,46,Female,A+,9786966602
5876,Vikram Verma,47,Male,AB+,9573344197
5877,Priya Verma,29,Female,B+,9692490040
5878,Neha Kapoor,58,Female,A-,9582196838
5879,Divya Patel,51,Male,O-,9506509182
5880,Aditya Mehta,20,Female,A-,9629978225
5881,Neha Kapoor,19,Male,A+,9836190949
5882,Divya Mehta,55,Male,O+,9751305602
5883,Karan Kapoor,59,Male,O-,9732281475
5884,Karan Patel,36,Female,A+,9657413930
5885,Rohan Gupta,20,Female,AB-,9856136892
5886,Pooja Mehta,27,Female,B-,9495790176
5887,Aditya Sharma,60,Female,O+,9495857680
5888,Rahul Gupta,43,Male,A+,9603556843
5889,Arjun Patel,27,Male,O-,9218819678
5890,Anjali Patel,19,Male,O+,9945717592
5891,Aman Verma,53,Female,A+,9894036203
5892,Sneha Sharma,56,Male,O+,9103465785
5893,Aman Gupta,54,Male,A-,9801884099
5894,Aditya Sharma,21,Male,B+,9636435123
5895,Sahil Singh,51,Male,AB-,9961426909
5896,Aditya Reddy,49,Female,A+,9190867372
5897,Rohan Reddy,26,Female,B+,9207971947
5898,Sneha Mehta,45,Female,AB+,9566019118
5899,Rahul Reddy,46,Male,AB-,9738474936
5900,Divya Patel,54,Male,B+,9260305783
5901,Priya Mehta,25,Male,AB-,9530858461
5902,Neha Reddy,36,Male,AB-,9148193598
5903,Priya Reddy,40,Male,O+,9601411219
5904,Rohan Patel,58,Female,B-,9489882236
5905,Sneha Singh,25,Female,O-,9381470951
5906,Aditya Gupta,49,Female,B-,9501381769
5907,Arjun Gupta,31,Male,AB-,9515139285
5908,Kavya Verma,29,Female,B+,9930025272
5909,Priya Verma,57,Male,A+,9848428419
5910,Sahil Gupta,45,Male,B+,9509657880
5911,Kavya Verma,54,Male,O+,9728426866
5912,Karan Kapoor,41,Male,A+,9328586232
5913,Aman Kapoor,53,Female,B-,9142526140
5914,Arjun Patel,51,Male,O-,9501483933
5915,Neha Kapoor,39,Female,B+,9554757243
5916,Anjali Sharma,26,Female,O-,9372280651
5917,Kavya Verma,25,Male,B+,9532965949
5918,Karan Gupta,41,Male,O-,9347774802
5919,Anjali Singh,26,Male,A-,9572979185
5920,Aditya Patel,39,Male,B-,9709518162
5921,Rohan Reddy,41,Male,AB-,9449671295
5922,Kavya Reddy,48,Male,O-,9422826481
5923,Karan Verma,26,Female,B-,9424065428
5924,Arjun Kapoor,40,Male,A-,9173776438
5925,Arjun Reddy,40,Male,B+,9593306264
5926,Anjali Sharma,57,Female,A+,9887131008
5927,Karan Patel,55,Female,O-,9791116144
5928,Divya Patel,29,Female,B-,9314176345
5929,Sneha Patel,52,Female,O-,9105115137
5930,Arjun Mehta,19,Female,AB+,9344629791
5931,Rohan Gupta,24,Male,A-,9116794918
5932,Pooja Singh,49,Female,AB+,9768118443
5933,Karan Mehta,35,Male,A-,9101499865
5934,Sneha Verma,50,Female,A-,9329918068
5935,Vikram Kapoor,41,Female,AB-,9325633104
5936,Pooja Verma,24,Male,AB-,9869485878
5937,Kavya Sharma,30,Female,O-,9496673828
5938,Sahil Sharma,59,Male,O+,9407404065
5939,Anjali Patel,29,Female,AB-,9447177631
5940,Pooja Patel,28,Male,B+,9232543361
5941,Neha Mehta,34,Female,B+,9254711184
5942,Neha Gupta,18,Female,A-,9906110841
5943,Aditya Kapoor,60,Female,B-,9396561944
5944,Sahil Patel,21,Female,AB+,9607111542
5945,Priya Sharma,44,Male,B-,9712763459
5946,Aman Sharma,46,Female,A-,9520029448
5947,Karan Mehta,26,Male,AB+,9779041689
5948,Aman Singh,18,Male,B+,9412528858
5949,Sneha Reddy,39,Female,A-,9511210646
5950,Priya Mehta,45,Female,A-,9667774897
5951,Arjun Gupta,25,Male,B-,9823821585
5952,Karan Patel,43,Female,A+,9250837560
5953,Arjun Verma,39,Female,AB-,9692625230
5954,Sneha Reddy,59,Male,AB-,9880639452
5955,Kavya Singh,54,Male,AB-,9290781488
5956,Pooja Singh,28,Male,A-,9790550239
5957,Sneha Gupta,28,Female,A-,9411592551
5958,Sneha Gupta,18,Male,B-,9975708858
5959,Divya Patel,54,Male,A-,9405490033
5960,Anjali Patel,38,Male,A+,9229607386
5961,Anjali Sharma,24,Female,AB+,9146126313
5962,Vikram Sharma,57,Female,AB+,9567979423
5963,Sahil Patel,41,Female,A-,9841989647
5964,Vikram Reddy,29,Male,B-,9810896886
5965,Sahil Reddy,60,Female,A-,9547044182
5966,Pooja Gupta,58,Male,AB-,9305502109
5967,Vikram Verma,53,Male,A-,9205628222
5968,Karan Sharma,51,Female,B+,9333783990
5969,Sneha Mehta,43,Male,B-,9411191560
5970,Anjali Gupta,18,Male,B+,9880103135
5971,Rohan Patel,29,Female,O-,9995104281
5972,Aman Kapoor,28,Male,B+,9436225854
5973,Neha Gupta,28,Male,O+,9573532393
5974,Priya Reddy,48,Female,A+,9433865820
5975,Vikram Kapoor,59,Female,O+,9860561707
5976,Sahil Reddy,37,Male,O-,9622691997
5977,Vikram Verma,20,Female,AB-,9291639440
5978,Pooja Sharma,19,Male,B-,9850500429
5979,Priya Mehta,22,Male,O-,9255306960
5980,Pooja Reddy,26,Female,AB+,9296330333
5981,Riya Mehta,36,Male,O+,9899874728
5982,Karan Singh,49,Female,B-,9723768951
5983,Arjun Singh,32,Male,B+,9953662941
5984,Karan Patel,59,Male,B+,9934368587
5985,Aditya Patel,51,Male,O-,9891985245
5986,Priya Gupta,29,Male,AB-,9590279385
5987,Neha Verma,51,Female,B-,9175995706
5988,Aman Patel,55,Male,A-,9798791901
5989,Karan Mehta,33,Female,O-,9873002691
5990,Priya Mehta,18,Female,A+,9632166023
5991,Kavya Mehta,18,Female,AB+,9807190562
5992,Sahil Kapoor,40,Female,O+,9641776595
5993,Riya Patel,26,Male,B-,9687158590
5994,Rahul Mehta,55,Female,A-,9755935380
5995,Rohan Gupta,40,Female,B+,9274894656
5996,Divya Mehta,39,Male,B-,9977388476
5997,Karan Sharma,38,Male,AB-,9415836079
5998,Sneha Patel,31,Female,A-,9902792566
5999,Sneha Sharma,56,Female,O-,9431380837
6000,Arjun Verma,32,Female,B-,9531539835
6001,Divya Sharma,39,Male,AB+,9169670290
6002,Kavya Kapoor,49,Male,B+,9354753723
6003,Rohan Singh,44,Female,O-,9142454002
6004,Karan Singh,31,Male,B+,9654001915
6005,Aman Reddy,22,Male,AB-,9429861475
6006,Aditya Mehta,26,Male,A-,9273120910
6007,Aditya Mehta,55,Female,B-,9913273570
6008,Kavya Kapoor,22,Male,AB+,9751037084
6009,Karan Kapoor,24,Male,O+,9273918172
6010,Neha Sharma,45,Female,AB+,9822984860
6011,Rahul Sharma,33,Male,A+,9361406986
6012,Riya Gupta,53,Female,A-,9827471080
6013,Priya Sharma,26,Male,B+,9427009731
6014,Aman Gupta,19,Male,O-,9148899466
6015,Vikram Gupta,45,Male,O+,9781189708
6016,Kavya Reddy,59,Male,B+,9915494339
6017,Aman Gupta,54,Female,A+,9325082540
6018,Vikram Sharma,35,Male,AB+,9813277645
6019,Kavya Gupta,31,Male,AB+,9427958727
6020,Vikram Verma,20,Female,AB-,9171235647
6021,Priya Sharma,36,Female,A+,9170475886
6022,Rahul Gupta,25,Male,A-,9351698946
6023,Arjun Mehta,39,Female,AB+,9242977307
6024,Priya Reddy,27,Male,B-,9740804839
6025,Divya Patel,47,Male,A-,9625190026
6026,Sahil Verma,51,Female,O-,9627321617
6027,Riya Reddy,46,Female,A-,9333793939
6028,Kavya Reddy,60,Male,B+,9948077743
6029,Karan Verma,52,Male,O-,9790655491
6030,Anjali Sharma,35,Female,B-,9141698612
6031,Rohan Mehta,25,Female,AB-,9466771507
6032,Riya Verma,59,Female,B-,9401237575
6033,Sneha Sharma,49,Female,AB+,9881592059
6034,Priya Kapoor,58,Male,AB-,9620184956
6035,Arjun Mehta,57,Male,A-,9923808427
6036,Arjun Kapoor,60,Female,B+,9135399324
6037,Divya Gupta,37,Male,B-,9726559716
6038,Anjali Reddy,23,Female,AB+,9133389875
6039,Riya Kapoor,51,Female,O+,9589719277
6040,Rahul Singh,21,Female,A-,9924341941
6041,Divya Kapoor,47,Female,B+,9159238136
6042,Divya Mehta,59,Female,AB-,9911492871
6043,Neha Mehta,35,Female,A+,9583372357
6044,Riya Reddy,47,Male,B+,9957981052
6045,Sneha Sharma,20,Female,B+,9829217078
6046,Rahul Gupta,19,Female,O-,9915844516
6047,Aman Verma,29,Female,O+,9213440839
6048,Aditya Mehta,60,Female,A+,9400098667
6049,Sneha Sharma,37,Female,O+,9619127738
6050,Aman Patel,34,Female,B+,9565363659
6051,Vikram Gupta,37,Female,A+,9847006619
6052,Rohan Patel,48,Male,A-,9964581639
6053,Rahul Verma,50,Female,O-,9936002765
6054,Rahul Kapoor,33,Male,AB-,9597404403
6055,Priya Gupta,60,Female,B-,9943778802
6056,Rahul Reddy,33,Male,AB+,9503950192
6057,Riya Reddy,60,Female,A+,9910420270
6058,Karan Sharma,34,Male,A-,9961998885
6059,Aditya Reddy,57,Male,AB+,9533730818
6060,Anjali Gupta,47,Male,AB+,9666287551
6061,Sneha Verma,30,Male,A-,9649388145
6062,Riya Gupta,33,Male,B-,9189912819
6063,Rohan Mehta,42,Female,A-,9647720594
6064,Sneha Singh,47,Female,A-,9977117768
6065,Kavya Sharma,19,Male,AB+,9359880895
6066,Aditya Gupta,30,Male,AB-,9509453193
6067,Kavya Gupta,19,Female,B-,9507960177
6068,Vikram Mehta,23,Male,B-,9232577235
6069,Aman Mehta,34,Male,A-,9221915485
6070,Rahul Singh,19,Female,A+,9624845239
6071,Sneha Kapoor,43,Male,A+,9941877331
6072,Priya Mehta,26,Male,A-,9824664932
6073,Pooja Gupta,28,Female,O-,9802211936
6074,Neha Mehta,30,Female,B+,9439262602
6075,Riya Verma,25,Female,A-,9835963489
6076,Arjun Gupta,35,Male,O+,9950517555
6077,Aman Gupta,39,Female,B-,9570930629
6078,Arjun Singh,43,Male,AB-,9164452779
6079,Sneha Gupta,57,Female,A+,9296465140
6080,Karan Singh,30,Female,AB-,9736902714
6081,Neha Mehta,50,Male,B-,9819045286
6082,Arjun Singh,50,Male,AB-,9130084500
6083,Kavya Mehta,20,Female,A-,9729115325
6084,Aditya Kapoor,41,Female,AB+,9241207612
6085,Divya Singh,35,Female,O-,9624691424
6086,Kavya Gupta,36,Female,O+,9384051216
6087,Neha Sharma,37,Female,AB+,9966222423
6088,Priya Sharma,45,Male,O+,9710207521
6089,Vikram Patel,37,Female,B+,9896411037
6090,Aditya Mehta,41,Male,O-,9596752722
6091,Neha Mehta,59,Female,O+,9122223990
6092,Sneha Singh,25,Male,AB+,9126153466
6093,Aditya Singh,41,Female,AB-,9885054493
6094,Karan Patel,20,Male,O+,9164904013
6095,Neha Singh,58,Female,O-,9133374098
6096,Aditya Singh,43,Male,AB-,9817719981
6097,Sneha Reddy,36,Male,A-,9836197834
6098,Sahil Sharma,31,Male,AB-,9163047349
6099,Neha Gupta,33,Female,AB+,9265951968
6100,Aditya Mehta,27,Male,O+,9197501525
6101,Kavya Gupta,54,Female,AB+,9460909624
6102,Pooja Mehta,57,Female,O-,9887102117
6103,Sneha Singh,46,Male,A-,9629367072
6104,Pooja Singh,46,Male,B-,9242509972
6105,Vikram Gupta,19,Male,B-,9743924373
6106,Karan Patel,60,Male,O-,9516035118
6107,Sneha Reddy,44,Female,A+,9922964651
6108,Rohan Sharma,35,Female,AB-,9812728368
6109,Divya Verma,23,Male,O+,9348470589
6110,Aman Verma,19,Female,A+,9245875642
6111,Vikram Singh,20,Female,AB+,9829254247
6112,Arjun Mehta,28,Male,O-,9937350828
6113,Riya Reddy,48,Female,B+,9321489338
6114,Karan Mehta,34,Male,B-,9980381933
6115,Aditya Kapoor,26,Female,B-,9752739701
6116,Riya Singh,23,Female,A-,9144092482
6117,Rahul Singh,42,Male,O-,9573544421
6118,Anjali Verma,34,Male,AB+,9848299458
6119,Sahil Patel,39,Male,O-,9173318519
6120,Divya Mehta,48,Male,A-,9128288345
6121,Divya Singh,18,Male,A-,9697122627
6122,Aditya Kapoor,19,Female,A+,9611433481
6123,Karan Kapoor,47,Female,B-,9213226432
6124,Vikram Reddy,30,Female,A-,9896798914
6125,Pooja Mehta,21,Male,O-,9819236986
6126,Divya Sharma,51,Male,O+,9684234377
6127,Rahul Sharma,56,Male,O-,9261859421
6128,Anjali Sharma,53,Female,A-,9268171692
6129,Sneha Gupta,40,Male,B-,9740174504
6130,Arjun Patel,20,Male,B-,9325169043
6131,Aman Mehta,57,Female,AB-,9223467212
6132,Aditya Mehta,46,Male,B-,9279690621
6133,Karan Sharma,53,Male,O+,9103248317
6134,Pooja Verma,47,Female,A+,9281784499
6135,Rohan Verma,32,Male,A+,9576421225
6136,Riya Reddy,59,Female,O-,9448474222
6137,Arjun Mehta,18,Female,A-,9426053278
6138,Arjun Sharma,36,Female,B+,9366403552
6139,Sahil Patel,57,Female,O+,9237370299
6140,Aditya Singh,50,Female,AB-,9212081462
6141,Sneha Gupta,26,Male,AB+,9951724124
6142,Neha Gupta,60,Female,A+,9832269381
6143,Rohan Patel,27,Male,O-,9514535277
6144,Rohan Kapoor,36,Male,AB+,9214481475
6145,Riya Patel,46,Female,A+,9574185635
6146,Riya Mehta,52,Female,O-,9390697426
6147,Aman Verma,21,Female,O+,9591484105
6148,Vikram Patel,36,Male,O-,9770889189
6149,Neha Reddy,52,Female,B-,9588030762
6150,Kavya Sharma,22,Male,AB+,9717391893
6151,Karan Verma,45,Female,AB-,9825622493
6152,Vikram Gupta,33,Female,A+,9390347531
6153,Aditya Sharma,36,Male,O-,9774595667
6154,Karan Patel,40,Male,O-,9500795505
6155,Sahil Singh,45,Male,A+,9995156385
6156,Neha Singh,48,Male,AB-,9933561292
6157,Kavya Verma,27,Female,O+,9619441141
6158,Anjali Verma,27,Male,A+,9128844925
6159,Arjun Reddy,60,Female,A-,9494503684
6160,Neha Singh,37,Male,AB-,9932786773
6161,Sahil Patel,19,Male,A+,9458247947
6162,Kavya Kapoor,44,Male,B-,9133099332
6163,Karan Gupta,22,Male,O+,9463330400
6164,Karan Singh,55,Female,O+,9886275698
6165,Rohan Reddy,46,Male,O-,9960355113
6166,Priya Patel,20,Male,O-,9392439764
6167,Sahil Verma,35,Male,B-,9577965139
6168,Priya Sharma,35,Male,O-,9431648951
6169,Pooja Kapoor,42,Female,A-,9809010556
6170,Sahil Kapoor,50,Female,O+,9300208340
6171,Aman Mehta,48,Female,AB+,9993835436
6172,Rahul Mehta,34,Female,O+,9560723868
6173,Sneha Singh,36,Female,AB+,9172014357
6174,Rohan Singh,49,Female,B-,9774060037
6175,Aman Gupta,24,Female,B+,9549108492
6176,Karan Gupta,54,Male,A-,9779670950
6177,Anjali Singh,31,Male,B+,9231719103
6178,Arjun Sharma,18,Female,A-,9327227170
6179,Vikram Sharma,36,Female,AB+,9938126575
6180,Divya Patel,47,Female,A-,9490174758
6181,Rohan Verma,47,Female,O+,9107587410
6182,Pooja Mehta,44,Male,A-,9206011137
6183,Sahil Gupta,41,Female,O+,9627797972
6184,Aditya Patel,41,Female,O+,9513247671
6185,Sahil Gupta,48,Female,A+,9703591914
6186,Divya Singh,18,Female,B+,9729336745
6187,Riya Gupta,39,Female,B+,9175816523
6188,Kavya Mehta,21,Female,O-,9668245372
6189,Vikram Reddy,27,Female,AB-,9421141417
6190,Rohan Singh,28,Male,O+,9182683475
6191,Divya Sharma,44,Male,O-,9941423105
6192,Neha Patel,35,Male,A+,9507918324
6193,Kavya Singh,37,Female,O+,9317077577
6194,Priya Kapoor,28,Male,AB+,9365398606
6195,Priya Kapoor,23,Male,B-,9359646275
6196,Rahul Verma,24,Male,AB+,9817886508
6197,Rahul Patel,40,Female,AB-,9468441783
6198,Kavya Mehta,41,Male,AB+,9481692836
6199,Vikram Patel,24,Female,A-,9396868263
6200,Karan Patel,56,Female,AB+,9471989376
6201,Aditya Kapoor,38,Male,O-,9714040889
6202,Karan Reddy,23,Male,AB-,9474840584
6203,Sahil Patel,57,Female,B-,9805502154
6204,Karan Mehta,52,Female,AB+,9173327710
6205,Aditya Singh,38,Female,A+,9843566856
6206,Sneha Verma,45,Male,AB+,9555876655
6207,Pooja Reddy,44,Male,B-,9522339554
6208,Pooja Singh,45,Female,A-,9621029334
6209,Aditya Kapoor,45,Female,A+,9197126238
6210,Rahul Singh,59,Female,A-,9751457979
6211,Priya Mehta,26,Male,B-,9679849029
6212,Aditya Singh,24,Male,A-,9933057819
6213,Divya Verma,54,Male,AB+,9477788429
6214,Sahil Singh,37,Female,O+,9839408642
6215,Anjali Singh,20,Male,O+,9461401854
6216,Riya Patel,31,Male,B-,9828118684
6217,Divya Sharma,51,Male,AB+,9302519064
6218,Vikram Patel,26,Female,B-,9823268861
6219,Aman Gupta,18,Male,A+,9790636105
6220,Kavya Mehta,38,Female,A-,9822158542
6221,Rohan Singh,21,Male,AB+,9668245204
6222,Pooja Kapoor,40,Male,O-,9400669016
6223,Divya Sharma,56,Male,B-,9297671965
6224,Priya Reddy,19,Male,AB+,9389727501
6225,Rahul Gupta,30,Male,A+,9765436150
6226,Rahul Reddy,48,Male,B+,9352983914
6227,Arjun Kapoor,26,Female,O-,9776027617
6228,Neha Reddy,45,Female,AB-,9376225552
6229,Aditya Patel,22,Female,B+,9576540704
6230,Divya Reddy,32,Female,AB-,9432843472
6231,Sneha Gupta,47,Male,B+,9518366204
6232,Riya Patel,24,Female,B-,9722875193
6233,Karan Singh,56,Female,B+,9596789559
6234,Priya Singh,22,Female,A+,9788986124
6235,Sneha Kapoor,34,Male,B-,9711382179
6236,Priya Patel,28,Female,AB-,9641430582
6237,Anjali Gupta,46,Female,B-,9331088976
6238,Aman Singh,56,Male,B-,9583100308
6239,Sneha Verma,27,Female,AB-,9743659218
6240,Neha Mehta,38,Female,A-,9409048027
6241,Anjali Verma,23,Female,B+,9290347938
6242,Priya Patel,59,Female,A-,9149239820
6243,Rahul Gupta,34,Male,O+,9369708459
6244,Karan Patel,35,Female,AB+,9325770645
6245,Anjali Patel,55,Male,AB+,9258220351
6246,Anjali Sharma,58,Male,O-,9775653481
6247,Vikram Singh,46,Female,B-,9442674089
6248,Anjali Reddy,50,Male,O-,9685583460
6249,Arjun Reddy,24,Male,B-,9302244658
6250,Divya Kapoor,20,Male,A+,9731361888
6251,Priya Sharma,60,Female,B-,9780898641
6252,Vikram Mehta,50,Female,O-,9578829162
6253,Arjun Gupta,43,Female,O+,9229488462
6254,Kavya Singh,53,Female,O-,9802466082
6255,Rahul Kapoor,36,Female,O+,9784749182
6256,Karan Kapoor,29,Female,O+,9479790058
6257,Riya Gupta,22,Female,AB+,9903764993
6258,Riya Kapoor,39,Male,O-,9435660989
6259,Kavya Kapoor,38,Male,AB-,9216206011
6260,Kavya Patel,54,Female,AB-,9855523019
6261,Divya Patel,38,Female,A+,9144855589
6262,Neha Kapoor,46,Female,B+,9295784271
6263,Sahil Gupta,51,Female,B+,9194785319
6264,Rahul Singh,29,Male,AB-,9199408297
6265,Rohan Mehta,40,Female,AB-,9873461601
6266,Karan Reddy,59,Male,B-,9620413567
6267,Sahil Patel,20,Female,A-,9405737448
6268,Vikram Patel,37,Male,A+,9298519273
6269,Kavya Sharma,52,Male,B-,9948336801
6270,Kavya Singh,29,Male,A-,9117331244
6271,Karan Mehta,58,Male,AB+,9820666790
6272,Karan Singh,28,Female,A+,9193361012
6273,Pooja Patel,26,Female,A+,9594850330
6274,Riya Mehta,30,Male,O-,9678206746
6275,Karan Gupta,49,Female,O-,9837701496
6276,Rahul Sharma,46,Male,AB+,9425825106
6277,Sahil Patel,43,Female,AB+,9838555058
6278,Neha Patel,18,Female,B-,9656241751
6279,Riya Singh,40,Male,AB-,9460122555
6280,Anjali Mehta,58,Female,B+,9712960650
6281,Kavya Singh,42,Female,B+,9326253648
6282,Vikram Mehta,46,Male,O-,9363117858
6283,Pooja Patel,52,Male,O-,9158897124
6284,Rohan Reddy,29,Male,B-,9371995243
6285,Rohan Patel,44,Female,A-,9149362970
6286,Divya Verma,37,Female,A-,9687171717
6287,Priya Patel,50,Female,B+,9639183211
6288,Sahil Reddy,57,Male,AB+,9369058392
6289,Rohan Sharma,33,Female,A-,9658497647
6290,Riya Mehta,44,Male,B-,9816423089
6291,Pooja Gupta,21,Male,B-,9208981378
6292,Neha Sharma,25,Female,B-,9387607301
6293,Kavya Patel,55,Male,B+,9792994451
6294,Karan Reddy,49,Male,A+,9197773793
6295,Anjali Singh,19,Male,O+,9330920299
6296,Sneha Mehta,29,Male,A+,9773432582
6297,Vikram Kapoor,55,Male,AB-,9263104072
6298,Karan Verma,30,Male,O+,9784145050
6299,Karan Verma,36,Male,B+,9185415612
6300,Anjali Reddy,20,Male,B-,9231203954
6301,Riya Reddy,29,Male,A-,9296422238
6302,Divya Sharma,33,Male,O-,9621793264
6303,Arjun Patel,54,Male,A+,9850713307
6304,Rahul Verma,59,Male,O-,9503961131
6305,Arjun Kapoor,29,Female,AB+,9668652793
6306,Neha Gupta,31,Female,A-,9500202951
6307,Aman Mehta,36,Female,AB+,9567467654
6308,Sneha Verma,47,Male,O-,9111590845
6309,Vikram Reddy,27,Male,A+,9373284021
6310,Priya Sharma,57,Male,A+,9685528587
6311,Karan Gupta,58,Male,B+,9999125142
6312,Karan Singh,25,Female,A+,9126851234
6313,Divya Kapoor,29,Female,A-,9686675851
6314,Neha Singh,40,Male,O-,9512725332
6315,Anjali Mehta,27,Male,B+,9194766122
6316,Neha Verma,24,Female,O-,9705589863
6317,Divya Gupta,28,Male,B+,9514764867
6318,Kavya Sharma,24,Male,O+,9578818119
6319,Sneha Verma,45,Female,O+,9891191901
6320,Vikram Sharma,29,Female,A-,9457655625
6321,Karan Patel,34,Male,O+,9575048594
6322,Neha Sharma,28,Male,A+,9760127584
6323,Pooja Verma,48,Female,B-,9787964079
6324,Rahul Gupta,18,Female,B-,9183326316
6325,Rohan Verma,21,Female,A+,9580347766
6326,Arjun Mehta,18,Female,AB-,9275896782
6327,Pooja Patel,49,Female,A+,9349843482
6328,Kavya Gupta,45,Female,O-,9153162078
6329,Rahul Kapoor,19,Female,O+,9392703826
6330,Pooja Sharma,39,Male,AB-,9451836293
6331,Rahul Verma,49,Male,O-,9279312661
6332,Aditya Reddy,33,Male,B+,9706350433
6333,Rahul Verma,53,Male,B+,9111684643
6334,Divya Verma,23,Male,A-,9987358543
6335,Karan Gupta,19,Female,B-,9511620741
6336,Rahul Verma,57,Male,AB-,9131643393
6337,Anjali Gupta,20,Female,AB-,9168951363
6338,Aman Reddy,58,Female,O-,9961110892
6339,Aman Verma,47,Male,O+,9391538647
6340,Divya Reddy,54,Female,O+,9309640161
6341,Aman Singh,34,Male,O-,9892717912
6342,Rahul Gupta,58,Female,A-,9364626469
6343,Sneha Sharma,25,Male,AB+,9981484148
6344,Arjun Patel,49,Female,O-,9571349167
6345,Riya Verma,55,Female,B+,9387735248
6346,Sahil Sharma,24,Female,A+,9710147658
6347,Vikram Verma,46,Female,AB+,9455522547
6348,Aman Reddy,47,Male,B+,9263821226
6349,Karan Sharma,34,Female,B-,9427849546
6350,Aditya Singh,46,Female,B+,9446384079
6351,Karan Singh,21,Female,B+,9671354510
6352,Rohan Reddy,33,Female,O-,9287530774
6353,Aditya Singh,57,Male,B-,9774976211
6354,Arjun Reddy,58,Male,B+,9851649063
6355,Rohan Sharma,57,Male,O+,9815088655
6356,Riya Kapoor,56,Female,O+,9407285377
6357,Pooja Gupta,26,Female,B-,9728714663
6358,Neha Mehta,43,Female,B+,9862477722
6359,Neha Verma,53,Female,O-,9535145874
6360,Anjali Singh,48,Male,AB-,9342394731
6361,Neha Gupta,18,Female,B+,9160688859
6362,Sneha Patel,45,Male,B-,9390092510
6363,Priya Verma,34,Male,A-,9502007935
6364,Sahil Kapoor,34,Female,B+,9546249621
6365,Karan Patel,28,Female,B+,9333162276
6366,Karan Mehta,47,Male,AB+,9396286183
6367,Rohan Mehta,41,Male,AB+,9318383808
6368,Rohan Gupta,27,Male,A-,9213014441
6369,Aditya Mehta,34,Female,AB+,9709487086
6370,Arjun Reddy,59,Female,B+,9921744542
6371,Aman Gupta,29,Female,O+,9355160825
6372,Sneha Mehta,22,Male,A-,9232087847
6373,Riya Gupta,49,Male,AB+,9809343412
6374,Sahil Gupta,29,Female,B+,9371856457
6375,Aditya Kapoor,38,Male,O-,9502285090
6376,Sneha Mehta,33,Male,A+,9598986853
6377,Arjun Verma,34,Female,A-,9955705112
6378,Neha Gupta,48,Male,B-,9152309121
6379,Arjun Reddy,53,Male,AB+,9448194989
6380,Karan Verma,19,Male,B+,9369502817
6381,Sahil Gupta,33,Female,O+,9280379091
6382,Pooja Kapoor,21,Male,AB+,9778502132
6383,Riya Sharma,45,Female,O+,9222655545
6384,Rahul Patel,56,Female,B-,9905254320
6385,Aditya Gupta,56,Male,B+,9957897852
6386,Aman Reddy,56,Male,O+,9463102302
6387,Rahul Patel,22,Female,O-,9189683855
6388,Divya Sharma,24,Male,B+,9441902058
6389,Rahul Singh,30,Male,O+,9147351937
6390,Rahul Gupta,21,Male,O-,9277229124
6391,Riya Kapoor,58,Male,A-,9285383750
6392,Priya Patel,23,Female,AB+,9251408253
6393,Divya Sharma,47,Female,O+,9763450564
6394,Aditya Gupta,28,Male,A+,9795066701
6395,Aman Gupta,23,Female,AB+,9246474433
6396,Rohan Patel,18,Female,B-,9624348514
6397,Anjali Kapoor,52,Female,A-,9871379229
6398,Divya Mehta,28,Female,AB+,9590654161
6399,Arjun Reddy,45,Male,O-,9854118556
6400,Anjali Kapoor,19,Female,AB-,9635703214
6401,Kavya Reddy,60,Male,O+,9576288357
6402,Riya Sharma,48,Female,A-,9143337497
6403,Divya Kapoor,56,Female,A-,9439795287
6404,Rahul Gupta,32,Male,B-,9466146104
6405,Riya Sharma,26,Female,O+,9764616362
6406,Sahil Patel,18,Female,B-,9483568878
6407,Pooja Reddy,43,Male,O-,9450741385
6408,Aman Singh,23,Male,A-,9637309766
6409,Pooja Singh,42,Male,B+,9507688599
6410,Pooja Gupta,24,Male,B+,9397880730
6411,Divya Gupta,21,Female,B-,9445369407
6412,Sahil Mehta,33,Female,B+,9960177991
6413,Rohan Kapoor,48,Female,AB-,9140874501
6414,Aditya Patel,41,Female,O-,9339990980
6415,Kavya Gupta,53,Female,B+,9454611843
6416,Aman Singh,28,Female,AB+,9550229286
6417,Aditya Sharma,23,Female,AB-,9929850261
6418,Anjali Singh,48,Male,AB+,9704095610
6419,Riya Mehta,28,Male,O+,9632952851
6420,Rohan Sharma,27,Male,B-,9813795051
6421,Arjun Gupta,20,Female,A+,9163189671
6422,Rohan Verma,39,Male,B+,9403727770
6423,Vikram Patel,54,Female,O-,9443772986
6424,Neha Mehta,22,Male,O-,9502777807
6425,Neha Mehta,28,Female,O+,9175508859
6426,Pooja Singh,45,Male,A+,9391112420
6427,Priya Mehta,27,Male,O+,9948904032
6428,Neha Kapoor,34,Female,A-,9174032166
6429,Kavya Reddy,30,Female,B+,9659719516
6430,Anjali Patel,40,Male,B-,9842539262
6431,Priya Gupta,24,Male,O-,9191299068
6432,Sahil Sharma,33,Male,B-,9165665020
6433,Divya Gupta,36,Male,AB+,9368221798
6434,Riya Patel,21,Male,A+,9776952522
6435,Karan Verma,32,Female,A+,9885078407
6436,Anjali Verma,20,Male,O+,9621326231
6437,Riya Reddy,47,Female,O-,9357878529
6438,Riya Mehta,47,Female,AB+,9483412265
6439,Divya Gupta,39,Male,B-,9368643866
6440,Sneha Mehta,34,Male,AB-,9928411075
6441,Sneha Verma,21,Male,O+,9770296119
6442,Karan Mehta,41,Male,B-,9983244196
6443,Priya Singh,30,Male,B-,9800939882
6444,Aman Kapoor,41,Male,AB+,9803113223
6445,Arjun Mehta,19,Female,A+,9253820143
6446,Sahil Gupta,19,Female,B+,9959294854
6447,Riya Sharma,42,Female,AB+,9870196468
6448,Sneha Mehta,58,Male,AB+,9428253240
6449,Kavya Patel,28,Male,O+,9406713487
6450,Neha Gupta,60,Male,O-,9848680727
6451,Aditya Kapoor,21,Male,AB+,9157638567
6452,Riya Mehta,48,Male,AB-,9280097415
6453,Priya Singh,32,Female,B-,9587425789
6454,Aditya Verma,28,Female,B+,9676613258
6455,Rohan Verma,55,Female,AB-,9188637550
6456,Sahil Mehta,57,Male,AB+,9436690332
6457,Sahil Gupta,37,Female,AB+,9924048815
6458,Arjun Singh,33,Male,A+,9376840209
6459,Aman Mehta,28,Female,B+,9891792135
6460,Sahil Reddy,52,Female,AB-,9374497667
6461,Kavya Sharma,22,Female,O-,9743296231
6462,Divya Sharma,25,Female,O+,9584715944
6463,Priya Kapoor,45,Female,B+,9914723515
6464,Arjun Sharma,26,Male,A+,9956262759
6465,Pooja Verma,47,Female,A+,9989762150
6466,Kavya Kapoor,35,Female,A+,9822543220
6467,Neha Verma,44,Male,B-,9812559365
6468,Pooja Sharma,49,Male,A-,9513756943
6469,Rohan Mehta,48,Female,B+,9623766675
6470,Divya Gupta,59,Male,B-,9234756861
6471,Sahil Reddy,50,Female,A-,9481239410
6472,Priya Patel,43,Male,AB-,9485015754
6473,Aditya Verma,38,Female,O+,9827291520
6474,Riya Verma,44,Female,AB+,9146330678
6475,Neha Patel,33,Female,AB+,9537369594
6476,Rahul Mehta,54,Female,AB-,9228224691
6477,Riya Verma,22,Male,B-,9730299755
6478,Arjun Patel,30,Male,B+,9380030902
6479,Divya Verma,50,Male,AB-,9524049116
6480,Sahil Verma,55,Male,A-,9256040822
6481,Riya Reddy,37,Female,O-,9694258124
6482,Pooja Reddy,54,Female,B-,9191562938
6483,Riya Kapoor,21,Female,B+,9631137796
6484,Priya Gupta,31,Female,B+,9293736238
6485,Divya Verma,45,Female,B+,9352394443
6486,Rahul Verma,26,Female,AB+,9535258977
6487,Rahul Verma,49,Female,B-,9215877320
6488,Aman Patel,33,Female,A+,9998566059
6489,Divya Mehta,32,Female,A+,9551037268
6490,Vikram Singh,30,Male,O+,9302468113
6491,Divya Patel,48,Male,AB-,9626490082
6492,Aditya Mehta,43,Female,B+,9922863268
6493,Pooja Verma,18,Female,A+,9999898650
6494,Priya Kapoor,28,Female,B-,9119827908
6495,Karan Singh,37,Male,O-,9427068175
6496,Sahil Kapoor,38,Male,B-,9945084779
6497,Arjun Patel,23,Male,B+,9113815497
6498,Neha Sharma,45,Female,O+,9248971353
6499,Aman Mehta,30,Male,A-,9200810687
6500,Anjali Verma,47,Female,A+,9969236169
6501,Karan Patel,45,Female,O+,9345387783
6502,Sahil Gupta,48,Male,A-,9797979448
6503,Neha Singh,44,Female,AB+,9461085749
6504,Rahul Kapoor,30,Female,A+,9870007557
6505,Anjali Gupta,19,Male,O-,9487864545
6506,Karan Mehta,58,Male,A-,9808831044
6507,Karan Singh,34,Female,B+,9840102086
6508,Aditya Mehta,44,Female,A-,9724968702
6509,Arjun Sharma,33,Male,AB-,9532512175
6510,Aditya Sharma,47,Male,B+,9852702510
6511,Sahil Mehta,27,Female,AB+,9954143566
6512,Aman Mehta,28,Male,B+,9104271050
6513,Aman Mehta,25,Female,O-,9574290288
6514,Kavya Patel,35,Male,B-,9529452415
6515,Aman Patel,40,Female,O+,9471921539
6516,Vikram Singh,26,Female,A-,9709345084
6517,Arjun Gupta,54,Male,B+,9704219392
6518,Pooja Gupta,55,Female,B-,9820376569
6519,Rohan Mehta,47,Female,O+,9524222405
6520,Aman Kapoor,52,Female,AB-,9771447207
6521,Arjun Sharma,20,Male,AB-,9738165468
6522,Divya Patel,46,Male,B+,9323646521
6523,Divya Kapoor,42,Male,A-,9721882750
6524,Pooja Verma,27,Female,A+,9545676274
6525,Sahil Verma,53,Female,B-,9539979241
6526,Priya Reddy,52,Male,O-,9245827187
6527,Rahul Singh,19,Male,B-,9691181387
6528,Sneha Verma,28,Male,O+,9525221115
6529,Kavya Patel,32,Female,B+,9118739015
6530,Karan Reddy,32,Female,AB+,9640400401
6531,Neha Patel,41,Female,O-,9101032187
6532,Aditya Verma,55,Male,AB-,9535543902
6533,Arjun Reddy,36,Male,O+,9625187043
6534,Kavya Sharma,38,Female,O+,9979073176
6535,Aditya Kapoor,56,Male,A-,9521411541
6536,Rohan Sharma,55,Female,AB+,9557099491
6537,Kavya Kapoor,60,Male,AB-,9655644384
6538,Riya Verma,21,Male,AB-,9328003904
6539,Sneha Singh,55,Male,O+,9550513233
6540,Vikram Mehta,35,Female,A+,9837038603
6541,Priya Mehta,51,Male,AB+,9115171208
6542,Aman Gupta,42,Male,AB-,9753260690
6543,Aditya Sharma,20,Male,A-,9722670371
6544,Priya Sharma,46,Male,AB-,9376631501
6545,Sahil Reddy,32,Female,O-,9403930401
6546,Neha Patel,54,Male,A+,9695360024
6547,Rohan Verma,31,Male,AB-,9717659642
6548,Sahil Reddy,22,Male,B+,9217263902
6549,Karan Sharma,40,Female,B+,9808986822
6550,Rohan Singh,40,Male,A-,9192971592
6551,Priya Kapoor,40,Female,A+,9720433255
6552,Pooja Singh,60,Female,A-,9986579582
6553,Anjali Mehta,54,Female,A+,9882433435
6554,Neha Singh,33,Female,O+,9602790542
6555,Sahil Patel,20,Female,B+,9881590468
6556,Arjun Verma,30,Female,A+,9795425746
6557,Karan Reddy,53,Male,O-,9407917064
6558,Pooja Kapoor,19,Male,B-,9537514404
6559,Neha Singh,54,Male,O-,9857679445
6560,Rahul Singh,42,Female,B-,9647392943
6561,Anjali Sharma,48,Male,AB-,9431697421
6562,Aman Mehta,25,Male,B-,9985733052
6563,Sneha Verma,48,Female,A+,9466275032
6564,Aditya Reddy,43,Female,O-,9176746697
6565,Vikram Singh,20,Male,A+,9267595517
6566,Aditya Mehta,46,Female,A+,9483886007
6567,Anjali Kapoor,18,Male,O+,9113915238
6568,Sahil Reddy,49,Female,A-,9738482832
6569,Anjali Gupta,56,Female,B+,9505879849
6570,Arjun Mehta,47,Male,B-,9534731549
6571,Pooja Patel,48,Female,AB-,9201731351
6572,Pooja Mehta,32,Female,AB-,9921968115
6573,Anjali Mehta,46,Female,AB+,9827914076
6574,Vikram Mehta,26,Female,A+,9859346095
6575,Sneha Mehta,24,Male,A-,9437878980
6576,Riya Reddy,33,Male,AB-,9180066453
6577,Arjun Reddy,45,Female,O+,9630906743
6578,Priya Mehta,21,Female,A+,9753393300
6579,Karan Kapoor,22,Male,AB+,9565915811
6580,Arjun Sharma,29,Female,AB-,9646690758
6581,Riya Sharma,33,Female,AB-,9504609925
6582,Karan Kapoor,31,Male,B-,9422824037
6583,Divya Singh,35,Female,O-,9157548841
6584,Arjun Verma,38,Female,O-,9669583553
6585,Vikram Patel,30,Male,B-,9963393986
6586,Anjali Gupta,27,Female,A-,9505376268
6587,Sneha Patel,28,Female,O-,9890098461
6588,Rohan Reddy,44,Male,B-,9779244048
6589,Kavya Sharma,31,Female,AB+,9604211777
6590,Aditya Singh,44,Male,B-,9231911938
6591,Vikram Singh,54,Female,A-,9928814021
6592,Anjali Kapoor,26,Male,O+,9299103734
6593,Divya Kapoor,55,Female,A-,9638803779
6594,Divya Gupta,39,Female,AB+,9169174944
6595,Anjali Mehta,52,Male,A-,9380546056
6596,Rahul Sharma,32,Female,O+,9341224687
6597,Rahul Kapoor,28,Male,O+,9609859264
6598,Karan Mehta,60,Female,A+,9431090104
6599,Aditya Patel,41,Female,A-,9558092969
6600,Riya Singh,23,Male,B+,9936939523
6601,Divya Sharma,51,Female,B+,9679707525
6602,Riya Mehta,42,Female,B-,9420035497
6603,Aditya Patel,21,Male,B-,9121780551
6604,Anjali Mehta,52,Female,B+,9659060067
6605,Pooja Patel,47,Male,O+,9324774091
6606,Aman Patel,30,Male,A+,9694970187
6607,Pooja Patel,20,Male,O-,9269326272
6608,Sahil Singh,50,Male,B-,9322785029
6609,Sahil Gupta,56,Male,AB+,9940621173
6610,Kavya Gupta,54,Male,A-,9565045321
6611,Neha Gupta,59,Male,A+,9345605587
6612,Sneha Sharma,24,Female,O+,9352188119
6613,Sahil Patel,29,Male,AB+,9489589107
6614,Arjun Gupta,22,Female,A+,9672757323
6615,Arjun Reddy,57,Female,B+,9274849533
6616,Divya Verma,24,Male,AB+,9665914235
6617,Riya Verma,20,Female,O+,9902575965
6618,Priya Sharma,29,Female,A+,9418036151
6619,Riya Sharma,58,Male,O-,9381155732
6620,Arjun Kapoor,50,Male,O+,9981163792
6621,Vikram Gupta,35,Male,A+,9547120248
6622,Sahil Reddy,52,Female,AB-,9605344035
6623,Neha Singh,22,Female,AB-,9160106270
6624,Anjali Gupta,27,Male,B-,9472100009
6625,Rohan Gupta,18,Female,A-,9959264997
6626,Aman Sharma,47,Male,AB-,9125746419
6627,Anjali Kapoor,60,Male,AB-,9785792437
6628,Rahul Patel,45,Female,A-,9371207317
6629,Arjun Kapoor,32,Male,A-,9636458573
6630,Aman Gupta,47,Female,AB-,9374306340
6631,Aman Singh,54,Male,AB+,9909325390
6632,Anjali Singh,18,Male,A-,9482829667
6633,Anjali Sharma,50,Female,B+,9218823120
6634,Aditya Patel,53,Male,A-,9975471854
6635,Anjali Patel,56,Female,B+,9458806296
6636,Priya Mehta,21,Female,B-,9864993160
6637,Vikram Gupta,56,Male,B-,9745087513
6638,Pooja Kapoor,21,Male,B+,9492318147
6639,Priya Singh,49,Female,O+,9974115846
6640,Vikram Kapoor,53,Male,AB+,9417492375
6641,Priya Kapoor,48,Female,AB-,9375834273
6642,Karan Gupta,27,Female,A+,9305167709
6643,Neha Sharma,51,Female,AB+,9981682744
6644,Sneha Gupta,53,Female,B-,9990656301
6645,Vikram Sharma,50,Female,A+,9457233825
6646,Priya Gupta,60,Female,A-,9459252442
6647,Rahul Mehta,25,Male,B-,9601034188
6648,Kavya Singh,24,Male,A+,9618942116
6649,Rohan Gupta,34,Female,B-,9709885449
6650,Sneha Verma,48,Male,O-,9369964884
6651,Rahul Sharma,30,Female,AB-,9523574618
6652,Rohan Patel,39,Female,B-,9614175051
6653,Pooja Gupta,56,Female,O+,9504840518
6654,Rahul Reddy,26,Male,O+,9506352821
6655,Priya Gupta,48,Female,A-,9258892069
6656,Rahul Verma,52,Male,B-,9568534141
6657,Karan Singh,40,Male,AB+,9105097201
6658,Pooja Kapoor,55,Male,AB-,9225592042
6659,Sahil Sharma,26,Female,AB-,9618779635
6660,Aditya Mehta,26,Female,O+,9701981227
6661,Pooja Sharma,31,Male,O+,9310773990
6662,Sahil Reddy,51,Male,O-,9438334880
6663,Vikram Gupta,59,Male,B-,9463250116
6664,Neha Reddy,42,Female,B+,9754782952
6665,Neha Kapoor,18,Male,AB-,9358051711
6666,Divya Singh,43,Male,AB-,9302084675
6667,Anjali Reddy,33,Female,A+,9199849541
6668,Aman Gupta,57,Female,AB+,9588871629
6669,Arjun Gupta,49,Male,O-,9597370755
6670,Priya Gupta,55,Male,O+,9592655264
6671,Aman Gupta,41,Female,AB-,9717363040
6672,Kavya Reddy,32,Female,A-,9937298750
6673,Priya Kapoor,34,Male,AB-,9604811110
6674,Karan Patel,52,Male,A+,9657152599
6675,Rahul Gupta,25,Female,AB-,9560973044
6676,Rohan Kapoor,20,Female,B+,9964487619
6677,Sneha Reddy,60,Female,A-,9827385043
6678,Riya Verma,42,Female,O-,9294388246
6679,Neha Patel,33,Female,A-,9227468968
6680,Priya Gupta,52,Female,O-,9696927119
6681,Riya Reddy,25,Male,O+,9451856387
6682,Kavya Singh,53,Male,B+,9926994669
6683,Sneha Singh,49,Female,B+,9377298808
6684,Aman Patel,19,Female,A-,9872066224
6685,Divya Mehta,41,Male,O-,9865859445
6686,Neha Sharma,35,Male,O-,9547027951
6687,Karan Verma,51,Female,AB-,9707185362
6688,Sahil Reddy,19,Female,A-,9567300149
6689,Rohan Gupta,53,Male,AB+,9905021145
6690,Pooja Sharma,18,Male,AB+,9138879378
6691,Aditya Mehta,44,Male,B+,9356024839
6692,Sneha Sharma,45,Female,A+,9577313663
6693,Kavya Singh,55,Female,B+,9289477810
6694,Arjun Gupta,27,Female,B-,9897404377
6695,Rohan Gupta,55,Female,B+,9502474902
6696,Sneha Reddy,30,Female,O+,9777605885
6697,Arjun Gupta,46,Female,O-,9997986716
6698,Neha Reddy,22,Male,AB-,9301341868
6699,Vikram Mehta,59,Male,O+,9844319912
6700,Kavya Reddy,25,Female,B-,9867419756
6701,Sahil Sharma,58,Male,O-,9410822239
6702,Neha Sharma,34,Male,B+,9476018232
6703,Sahil Sharma,20,Female,A-,9315798643
6704,Sneha Patel,43,Female,O-,9478088783
6705,Vikram Reddy,18,Female,A-,9267234789
6706,Aditya Reddy,24,Female,O+,9328697114
6707,Arjun Sharma,44,Female,B+,9847647140
6708,Aditya Singh,54,Male,AB+,9326193619
6709,Sneha Reddy,44,Female,O+,9245484928
6710,Anjali Reddy,20,Male,AB-,9435019035
6711,Neha Verma,43,Male,A-,9442059059
6712,Pooja Patel,35,Female,B+,9460201147
6713,Riya Sharma,36,Female,O-,9650156157
6714,Anjali Sharma,31,Female,A+,9519597846
6715,Sneha Mehta,40,Male,B+,9521842038
6716,Aman Kapoor,34,Male,O-,9343132816
6717,Aman Singh,27,Male,O+,9512185842
6718,Aditya Patel,43,Female,AB+,9804357633
6719,Rahul Mehta,32,Male,AB+,9268332897
6720,Sneha Patel,54,Female,B-,9459639135
6721,Neha Singh,50,Female,A-,9600752195
6722,Rahul Mehta,53,Male,B-,9657587546
6723,Priya Mehta,46,Male,B+,9224279763
6724,Neha Patel,46,Female,AB+,9483216428
6725,Arjun Mehta,26,Female,A-,9438553874
6726,Sneha Sharma,46,Male,AB-,9814676275
6727,Divya Reddy,18,Female,B+,9768827846
6728,Divya Sharma,53,Female,O-,9956677870
6729,Rohan Gupta,23,Male,B-,9469015887
6730,Riya Singh,38,Female,B+,9528603386
6731,Neha Mehta,45,Male,A+,9511109628
6732,Anjali Mehta,60,Female,A-,9493209070
6733,Aman Reddy,55,Female,AB-,9181127927
6734,Karan Reddy,51,Female,AB-,9333946432
6735,Aman Singh,47,Male,AB+,9921660774
6736,Rohan Mehta,51,Male,A-,9770457637
6737,Kavya Patel,28,Male,B-,9388669497
6738,Riya Verma,43,Female,O+,9182619203
6739,Arjun Singh,45,Female,B-,9262315819
6740,Vikram Singh,34,Female,A+,9896138782
6741,Sneha Sharma,24,Female,A-,9280199398
6742,Aditya Verma,57,Female,A+,9931499080
6743,Rohan Kapoor,46,Female,A-,9969191151
6744,Vikram Patel,50,Male,O-,9909683016
6745,Neha Sharma,18,Male,AB-,9652960995
6746,Rahul Mehta,59,Male,A-,9387516612
6747,Rahul Kapoor,31,Female,A+,9464982301
6748,Priya Verma,21,Female,O+,9862575484
6749,Neha Mehta,59,Female,A+,9781572304
6750,Anjali Verma,33,Male,A-,9541235018
6751,Riya Gupta,44,Male,B+,9783298471
6752,Aman Singh,36,Female,O-,9990625952
6753,Riya Gupta,27,Male,B+,9857688834
6754,Divya Kapoor,43,Male,A+,9590739913
6755,Rohan Gupta,55,Female,A-,9284858805
6756,Sahil Sharma,55,Male,A+,9362735441
6757,Neha Verma,34,Female,AB-,9548022027
6758,Divya Reddy,25,Female,O+,9480558627
6759,Kavya Verma,31,Male,AB+,9717078848
6760,Divya Sharma,37,Male,O+,9412138611
6761,Sneha Patel,35,Female,A+,9667325669
6762,Sahil Singh,54,Female,B-,9952880432
6763,Vikram Singh,32,Male,O-,9258644055
6764,Rohan Reddy,42,Female,A-,9300090977
6765,Riya Verma,31,Female,AB-,9626141484
6766,Rohan Mehta,52,Female,A-,9641150171
6767,Rahul Mehta,50,Male,B-,9435321054
6768,Priya Kapoor,41,Female,AB+,9251137919
6769,Kavya Mehta,54,Male,B+,9116296877
6770,Riya Patel,41,Female,B-,9290889736
6771,Divya Patel,27,Female,O+,9839098789
6772,Anjali Singh,33,Female,B-,9189021437
6773,Anjali Reddy,39,Male,AB+,9231818828
6774,Karan Mehta,39,Female,A+,9272871570
6775,Vikram Sharma,23,Female,O-,9186614144
6776,Rahul Patel,26,Female,AB-,9119037569
6777,Vikram Patel,60,Female,AB+,9588371408
6778,Neha Mehta,60,Male,AB+,9202523463
6779,Pooja Kapoor,57,Male,A+,9897773198
6780,Karan Singh,33,Male,O+,9999773275
6781,Riya Reddy,54,Male,O+,9553149942
6782,Kavya Gupta,48,Female,B+,9906547455
6783,Priya Verma,23,Male,AB+,9101650131
6784,Neha Gupta,33,Female,B+,9523355611
6785,Rahul Verma,59,Female,O-,9864042495
6786,Kavya Mehta,59,Male,B-,9902058339
6787,Pooja Singh,26,Female,B-,9735089136
6788,Neha Singh,26,Female,B+,9486636621
6789,Kavya Reddy,46,Male,O-,9589827881
6790,Rohan Mehta,46,Female,A+,9277012251
6791,Sneha Mehta,29,Male,A-,9402767366
6792,Pooja Patel,20,Male,O+,9303586154
6793,Neha Patel,52,Female,AB+,9289350067
6794,Rahul Gupta,47,Female,B-,9495680533
6795,Pooja Reddy,48,Male,O+,9718720404
6796,Neha Singh,51,Female,B-,9240447866
6797,Priya Singh,38,Female,O+,9187202656
6798,Riya Reddy,55,Female,O+,9901151451
6799,Aditya Reddy,51,Male,O+,9331122142
6800,Riya Verma,32,Female,AB+,9937806400
6801,Arjun Singh,22,Male,AB-,9903505178
6802,Aditya Singh,32,Female,A+,9193828493
6803,Rohan Reddy,31,Female,O-,9713049999
6804,Riya Singh,43,Male,O+,9991884350
6805,Divya Gupta,54,Female,O-,9712239339
6806,Aman Reddy,53,Male,B+,9121824097
6807,Priya Verma,19,Male,A-,9897097533
6808,Rohan Singh,50,Female,O+,9740111836
6809,Priya Patel,29,Female,A-,9445542477
6810,Kavya Mehta,55,Female,A-,9372041204
6811,Priya Patel,46,Male,A+,9812749913
6812,Rahul Sharma,34,Female,O-,9296916441
6813,Rohan Singh,60,Male,O-,9823044258
6814,Pooja Patel,45,Female,B+,9764814451
6815,Pooja Kapoor,20,Female,A-,9590311555
6816,Sneha Reddy,27,Female,A-,9293317975
6817,Karan Gupta,31,Male,AB-,9349122837
6818,Riya Reddy,41,Female,O-,9634408124
6819,Aditya Kapoor,34,Male,O+,9958098059
6820,Arjun Reddy,38,Male,B-,9814699526
6821,Aman Sharma,37,Female,A-,9375694747
6822,Rahul Reddy,48,Male,B+,9647613327
6823,Rahul Patel,23,Male,O-,9383683067
6824,Sahil Patel,44,Female,AB+,9609562773
6825,Vikram Verma,47,Male,B+,9411203623
6826,Neha Mehta,42,Female,B-,9940347267
6827,Priya Kapoor,27,Female,B-,9515384922
6828,Divya Singh,41,Female,O-,9881304875
6829,Sahil Reddy,31,Female,A+,9609542851
6830,Aman Sharma,60,Female,B+,9661128790
6831,Neha Gupta,47,Female,AB+,9879560445
6832,Riya Verma,29,Female,A-,9379503681
6833,Karan Patel,60,Male,A-,9927785789
6834,Sahil Singh,46,Female,O+,9849510165
6835,Pooja Gupta,32,Male,AB-,9168325456
6836,Arjun Patel,43,Male,A+,9166211522
6837,Sahil Kapoor,42,Male,A-,9950985701
6838,Priya Mehta,22,Female,AB+,9160651818
6839,Aditya Reddy,59,Male,AB+,9638405835
6840,Sneha Verma,31,Female,B-,9838548126
6841,Kavya Kapoor,56,Female,AB-,9271897015
6842,Kavya Singh,56,Female,O+,9573162324
6843,Aditya Reddy,21,Female,AB-,9420189075
6844,Priya Reddy,23,Male,O+,9753891670
6845,Sneha Mehta,36,Male,O-,9110163549
6846,Priya Singh,54,Male,B-,9933148846
6847,Sneha Kapoor,26,Female,B-,9605694908
6848,Rohan Patel,19,Male,A-,9368128094
6849,Riya Gupta,22,Female,O-,9617575335
6850,Aman Singh,56,Male,AB+,9285522878
6851,Divya Verma,55,Female,O+,9908407634
6852,Aman Reddy,45,Female,AB-,9699121096
6853,Anjali Singh,32,Female,AB-,9239206414
6854,Arjun Reddy,60,Male,O+,9309335979
6855,Rahul Singh,27,Male,B-,9956178327
6856,Neha Mehta,27,Female,O-,9211529715
6857,Divya Kapoor,40,Female,AB+,9620146634
6858,Anjali Patel,51,Female,O-,9385704053
6859,Riya Gupta,41,Female,A+,9588395166
6860,Vikram Kapoor,24,Male,A-,9691232343
6861,Divya Sharma,51,Male,O-,9439401206
6862,Sahil Gupta,40,Male,AB-,9682973731
6863,Sneha Sharma,38,Male,A-,9101619635
6864,Riya Reddy,56,Female,AB+,9372342500
6865,Kavya Patel,23,Male,O-,9670576287
6866,Riya Patel,30,Female,AB+,9517322658
6867,Arjun Kapoor,32,Male,AB+,9977503222
6868,Aditya Reddy,35,Female,B-,9313280266
6869,Kavya Singh,27,Female,B+,9639016917
6870,Sneha Verma,40,Male,B+,9334695235
6871,Kavya Gupta,31,Female,B-,9409559109
6872,Arjun Sharma,38,Male,A-,9744552675
6873,Pooja Sharma,38,Male,AB+,9608135535
6874,Vikram Patel,19,Female,O+,9275927764
6875,Aman Gupta,40,Female,O-,9353663832
6876,Riya Patel,19,Female,A-,9751222547
6877,Aman Reddy,37,Female,B-,9517542712
6878,Riya Mehta,31,Female,AB-,9662611415
6879,Aditya Gupta,50,Female,AB-,9586065002
6880,Sneha Kapoor,25,Female,AB+,9383409909
6881,Sahil Verma,45,Male,AB-,9294444330
6882,Arjun Reddy,34,Female,O-,9619017337
6883,Rohan Kapoor,46,Male,A-,9252045307
6884,Neha Gupta,50,Female,O-,9496415414
6885,Sahil Verma,57,Male,O-,9456600530
6886,Divya Reddy,55,Male,B+,9884337693
6887,Anjali Sharma,58,Male,A+,9447556644
6888,Rahul Mehta,36,Female,A-,9570460148
6889,Neha Patel,38,Female,AB+,9134807520
6890,Arjun Verma,54,Male,AB+,9425254407
6891,Anjali Gupta,44,Male,O-,9210755171
6892,Vikram Kapoor,57,Male,B-,9159404363
6893,Riya Mehta,33,Male,AB-,9949795946
6894,Karan Mehta,57,Female,AB-,9981712644
6895,Rahul Patel,28,Male,A-,9738244183
6896,Sahil Sharma,51,Female,O-,9920239039
6897,Arjun Reddy,50,Male,O-,9304381922
6898,Aditya Patel,33,Male,O-,9589257388
6899,Neha Kapoor,45,Female,O+,9129232931
6900,Kavya Reddy,50,Female,AB-,9111956293
6901,Priya Gupta,35,Female,A+,9576408932
6902,Vikram Patel,28,Male,A-,9118487397
6903,Aditya Kapoor,29,Male,O+,9481921812
6904,Vikram Reddy,51,Male,AB-,9411008365
6905,Sahil Kapoor,19,Female,AB+,9820170633
6906,Aman Mehta,45,Female,A-,9172679170
6907,Aditya Reddy,38,Male,O-,9276727646
6908,Rohan Mehta,53,Male,O-,9820047102
6909,Priya Gupta,18,Female,AB-,9864332406
6910,Arjun Kapoor,53,Male,AB-,9310235010
6911,Sahil Mehta,57,Female,B+,9569631784
6912,Karan Mehta,20,Female,A+,9474951411
6913,Aman Kapoor,20,Female,O+,9581502666
6914,Anjali Verma,26,Male,AB-,9516747797
6915,Neha Reddy,19,Male,O-,9659090297
6916,Arjun Kapoor,46,Male,A-,9410080987
6917,Anjali Gupta,23,Male,O-,9211051699
6918,Kavya Kapoor,18,Female,B-,9708122837
6919,Priya Mehta,51,Male,A+,9538083512
6920,Rohan Kapoor,45,Male,O+,9575716416
6921,Anjali Kapoor,52,Female,O+,9460747342
6922,Riya Sharma,43,Female,O-,9498780668
6923,Divya Mehta,46,Male,AB-,9412040827
6924,Sneha Sharma,38,Female,O-,9807531212
6925,Vikram Mehta,18,Female,A+,9292023160
6926,Arjun Verma,19,Female,AB-,9667578323
6927,Aditya Singh,31,Female,O-,9641005546
6928,Pooja Mehta,48,Male,A+,9665212217
6929,Rahul Singh,36,Male,A+,9951446055
6930,Pooja Verma,41,Male,O-,9889353106
6931,Pooja Kapoor,25,Female,O+,9114793250
6932,Sneha Patel,25,Male,AB-,9782053695
6933,Divya Patel,45,Male,B-,9795681356
6934,Pooja Sharma,35,Female,AB-,9148360047
6935,Priya Sharma,37,Female,AB+,9136417887
6936,Vikram Singh,58,Female,A+,9536087040
6937,Priya Patel,37,Female,B-,9456518319
6938,Riya Mehta,59,Male,B-,9946656737
6939,Sahil Kapoor,53,Male,O+,9414478887
6940,Kavya Singh,28,Female,AB-,9449188837
6941,Sneha Reddy,20,Male,B-,9475249401
6942,Aman Gupta,59,Male,AB+,9392215555
6943,Riya Patel,33,Male,A+,9883435528
6944,Priya Gupta,40,Male,A+,9393373340
6945,Riya Reddy,58,Male,AB-,9212195050
6946,Pooja Sharma,54,Female,A-,9893216465
6947,Aditya Sharma,54,Female,B-,9178937390
6948,Kavya Sharma,55,Male,O+,9536245587
6949,Sneha Kapoor,19,Male,AB+,9507729666
6950,Sneha Singh,53,Male,AB-,9158679037
6951,Sneha Patel,34,Female,AB+,9539003454
6952,Sahil Singh,41,Female,B-,9219939852
6953,Vikram Mehta,32,Female,A-,9236612957
6954,Aditya Patel,55,Female,O+,9284914795
6955,Anjali Mehta,49,Female,O-,9400752839
6956,Divya Sharma,53,Male,O-,9228562312
6957,Aditya Kapoor,59,Male,A-,9914373724
6958,Arjun Reddy,24,Female,A+,9398226490
6959,Anjali Patel,23,Female,AB+,9580818698
6960,Aman Patel,39,Male,AB+,9381848962
6961,Sneha Mehta,29,Female,AB+,9404866304
6962,Divya Singh,56,Female,AB+,9882113897
6963,Divya Gupta,23,Male,B-,9884147043
6964,Aditya Sharma,34,Female,O+,9244994852
6965,Rahul Kapoor,53,Male,O-,9364710120
6966,Sahil Mehta,28,Female,B+,9976980978
6967,Kavya Patel,18,Female,AB+,9808557702
6968,Sneha Gupta,45,Female,AB+,9103652820
6969,Anjali Patel,25,Male,AB-,9305387193
6970,Pooja Singh,38,Female,AB-,9513806544
6971,Aman Kapoor,27,Female,B+,9992410292
6972,Aman Kapoor,52,Female,A-,9838660133
6973,Divya Mehta,22,Male,AB-,9393314498
6974,Vikram Mehta,27,Female,AB-,9107117010
6975,Divya Patel,52,Male,AB+,9794958889
6976,Anjali Sharma,46,Male,O-,9177117141
6977,Vikram Patel,30,Male,AB+,9135024508
6978,Anjali Kapoor,49,Male,B-,9262614075
6979,Riya Reddy,28,Female,B-,9361824178
6980,Vikram Patel,26,Female,O-,9874168948
6981,Riya Reddy,36,Female,AB-,9643967320
6982,Sneha Gupta,42,Female,O-,9908058505
6983,Pooja Singh,54,Female,AB+,9751865463
6984,Karan Verma,30,Female,O-,9472135301
6985,Kavya Singh,43,Female,AB+,9861623083
6986,Rahul Mehta,32,Female,O+,9571522759
6987,Karan Singh,20,Male,A-,9526095639
6988,Sneha Kapoor,24,Female,O-,9740887480
6989,Rahul Mehta,33,Female,A+,9322663959
6990,Neha Kapoor,30,Male,AB-,9954149619
6991,Sneha Sharma,24,Female,O+,9400161913
6992,Rahul Singh,33,Female,B+,9677399943
6993,Priya Verma,56,Male,AB-,9308249444
6994,Aman Verma,40,Female,B-,9704911575
6995,Kavya Verma,41,Female,B-,9379270275
6996,Aman Mehta,55,Male,A+,9823433584
6997,Sahil Patel,18,Female,B+,9353060024
6998,Sahil Mehta,21,Female,O+,9140666305
6999,Vikram Patel,59,Male,B+,9433868514
7000,Kavya Singh,27,Female,A-,9785399410
7001,Vikram Patel,59,Male,B-,9462227674
7002,Priya Patel,26,Male,A+,9668402604
7003,Pooja Sharma,22,Female,O-,9758793871
7004,Kavya Sharma,43,Male,A-,9139911257
7005,Kavya Mehta,29,Female,O+,9549252976
7006,Divya Sharma,52,Male,O+,9693075802
7007,Aman Patel,53,Male,A-,9412362946
7008,Priya Reddy,32,Female,B-,9157892809
7009,Aditya Verma,35,Male,A+,9309391367
7010,Rahul Singh,19,Male,AB-,9948763878
7011,Sahil Singh,43,Male,O-,9107808239
7012,Anjali Gupta,49,Female,AB-,9801450608
7013,Aditya Singh,22,Male,B+,9595903596
7014,Neha Verma,39,Male,B+,9740008310
7015,Karan Singh,26,Female,B+,9927698945
7016,Arjun Gupta,20,Male,AB+,9736362638
7017,Neha Gupta,49,Female,AB+,9352033465
7018,Aman Patel,37,Female,AB+,9588039022
7019,Priya Sharma,48,Male,AB+,9909087175
7020,Riya Kapoor,43,Female,B-,9613292490
7021,Divya Mehta,58,Female,A+,9400800975
7022,Arjun Kapoor,52,Female,AB-,9141545720
7023,Rahul Reddy,47,Male,A+,9885706008
7024,Karan Verma,46,Male,A-,9776617652
7025,Aman Kapoor,41,Male,AB+,9307174174
7026,Karan Kapoor,25,Female,O+,9723507395
7027,Riya Gupta,19,Male,A+,9189545887
7028,Pooja Patel,19,Male,B-,9324198509
7029,Arjun Singh,18,Female,B+,9286991550
7030,Sahil Sharma,54,Male,A-,9516330851
7031,Rohan Singh,42,Female,B-,9348144726
7032,Sneha Patel,24,Female,A+,9690272965
7033,Vikram Kapoor,24,Male,A-,9610412557
7034,Aman Reddy,25,Female,AB-,9599408595
7035,Rohan Sharma,39,Male,AB-,9130968160
7036,Aman Sharma,18,Female,O+,9928234214
7037,Aditya Kapoor,58,Female,B+,9961751991
7038,Riya Kapoor,41,Female,A-,9606637123
7039,Riya Kapoor,41,Male,AB+,9217496751
7040,Neha Sharma,27,Male,O+,9614254820
7041,Sneha Sharma,43,Female,AB-,9897243592
7042,Riya Sharma,28,Female,B+,9307521594
7043,Divya Reddy,46,Female,AB+,9187137720
7044,Pooja Sharma,41,Female,A-,9635126833
7045,Arjun Kapoor,27,Male,O-,9832581346
7046,Kavya Mehta,28,Female,A-,9439204127
7047,Aditya Verma,43,Male,A-,9612551589
7048,Sneha Mehta,25,Male,A-,9377087950
7049,Anjali Gupta,25,Male,AB+,9853464824
7050,Pooja Mehta,37,Female,O-,9332823221
7051,Aman Kapoor,46,Male,O-,9866606437
7052,Rohan Verma,54,Male,O+,9531952678
7053,Arjun Gupta,38,Male,AB-,9610656550
7054,Rahul Kapoor,34,Male,A-,9797426556
7055,Aman Reddy,43,Male,O-,9131060269
7056,Sahil Verma,31,Male,A-,9211163125
7057,Vikram Reddy,31,Male,A-,9813680265
7058,Aman Reddy,28,Male,B-,9441343581
7059,Kavya Patel,40,Female,AB+,9113116166
7060,Rahul Verma,54,Male,AB-,9412211356
7061,Vikram Patel,21,Female,B+,9412360017
7062,Aman Verma,44,Female,B-,9391235950
7063,Anjali Gupta,60,Male,A-,9372170889
7064,Kavya Mehta,36,Female,O+,9255149111
7065,Rohan Singh,26,Male,A+,9791726804
7066,Riya Gupta,26,Male,A-,9553902039
7067,Rohan Patel,21,Male,AB-,9205008111
7068,Arjun Singh,33,Female,O+,9519736930
7069,Arjun Singh,22,Female,AB+,9556005365
7070,Rohan Mehta,30,Male,A-,9565096736
7071,Rohan Mehta,18,Female,A+,9936582473
7072,Arjun Gupta,24,Male,B-,9610891795
7073,Sneha Kapoor,59,Female,O+,9897607688
7074,Neha Verma,18,Female,A+,9786093580
7075,Kavya Patel,54,Female,O-,9902828054
7076,Sahil Sharma,25,Male,A+,9394516095
7077,Sneha Mehta,58,Female,AB+,9624473194
7078,Pooja Reddy,33,Male,AB+,9853911063
7079,Neha Mehta,59,Female,B-,9563876967
7080,Kavya Sharma,24,Female,AB-,9267757872
7081,Divya Kapoor,22,Female,AB-,9152378652
7082,Rohan Sharma,54,Male,O-,9119908508
7083,Aman Verma,51,Female,O+,9698083688
7084,Aditya Gupta,59,Male,AB-,9281625562
7085,Rahul Mehta,60,Female,A+,9743131640
7086,Divya Reddy,54,Male,A-,9669767805
7087,Rohan Reddy,27,Female,O+,9642590169
7088,Priya Patel,31,Male,AB+,9182640273
7089,Riya Verma,23,Female,AB+,9137831913
7090,Sahil Singh,49,Male,A+,9522788767
7091,Karan Verma,25,Male,A-,9594296976
7092,Arjun Singh,53,Male,B+,9325128531
7093,Neha Verma,29,Female,O+,9621887619
7094,Kavya Singh,40,Male,B-,9657382882
7095,Divya Patel,25,Female,B+,9839879839
7096,Aditya Verma,34,Male,B-,9399862224
7097,Anjali Reddy,59,Female,B-,9254590888
7098,Karan Mehta,59,Female,B-,9851122863
7099,Kavya Gupta,29,Male,AB+,9875702566
7100,Vikram Sharma,56,Female,B+,9137243947
7101,Aditya Kapoor,48,Female,A-,9496872075
7102,Aditya Verma,57,Female,B+,9467627162
7103,Priya Mehta,54,Male,AB-,9342907257
7104,Rahul Mehta,40,Female,O-,9752615136
7105,Neha Patel,36,Male,O-,9326404414
7106,Aditya Mehta,47,Male,B-,9658959404
7107,Sneha Patel,22,Male,B+,9191340295
7108,Neha Mehta,24,Male,A-,9357032090
7109,Karan Sharma,24,Male,O-,9452373344
7110,Karan Mehta,20,Male,AB+,9534871542
7111,Rohan Gupta,24,Male,B-,9249716007
7112,Vikram Singh,32,Male,A+,9698842883
7113,Kavya Kapoor,51,Female,O-,9163602551
7114,Pooja Kapoor,55,Male,B-,9615437142
7115,Rahul Mehta,53,Female,B-,9615100741
7116,Anjali Verma,32,Male,O+,9975913238
7117,Anjali Singh,42,Male,A+,9762789629
7118,Karan Reddy,22,Female,A-,9770653797
7119,Neha Verma,46,Female,AB+,9867048090
7120,Neha Sharma,30,Female,AB+,9797956960
7121,Aditya Kapoor,52,Male,A-,9339800971
7122,Karan Reddy,21,Female,AB+,9524867322
7123,Anjali Gupta,41,Female,AB+,9133472318
7124,Aditya Reddy,18,Male,AB-,9349792929
7125,Divya Mehta,59,Male,B-,9383254117
7126,Sneha Verma,50,Male,B+,9706289121
7127,Neha Mehta,21,Male,AB+,9628447135
7128,Kavya Singh,39,Female,AB-,9335344677
7129,Aditya Verma,41,Female,AB+,9207712263
7130,Arjun Kapoor,31,Male,O-,9928720111
7131,Rahul Patel,44,Female,O-,9165341425
7132,Sahil Kapoor,32,Male,A-,9715330022
7133,Aman Patel,23,Male,AB-,9461807393
7134,Neha Sharma,56,Male,O-,9320720122
7135,Sneha Kapoor,34,Male,B-,9623627434
7136,Kavya Verma,47,Male,B-,9621457795
7137,Karan Sharma,44,Male,B+,9154594124
7138,Rahul Gupta,41,Male,A+,9611979451
7139,Vikram Verma,43,Male,AB+,9581858688
7140,Pooja Singh,37,Female,AB+,9613443780
7141,Neha Singh,41,Female,A+,9924387908
7142,Riya Mehta,26,Male,AB-,9869340700
7143,Neha Patel,46,Male,B+,9126015332
7144,Aditya Singh,20,Female,O-,9689197652
7145,Rahul Kapoor,38,Female,A+,9676716969
7146,Sneha Patel,52,Female,AB+,9445565928
7147,Riya Mehta,46,Male,O-,9382973830
7148,Pooja Singh,20,Female,AB+,9159626866
7149,Divya Verma,41,Female,O+,9620061921
7150,Rohan Sharma,54,Male,A+,9225674252
7151,Sahil Reddy,38,Male,A+,9125809202
7152,Aman Kapoor,34,Male,AB+,9135722497
7153,Divya Sharma,42,Female,A+,9713011179
7154,Aman Gupta,35,Female,AB-,9432139724
7155,Rohan Sharma,21,Male,A+,9415463372
7156,Priya Sharma,36,Female,AB+,9485242587
7157,Rohan Reddy,42,Male,AB+,9885760851
7158,Aditya Mehta,28,Female,O+,9120322367
7159,Pooja Singh,36,Female,O+,9244473377
7160,Arjun Reddy,45,Male,A-,9306605232
7161,Priya Reddy,56,Female,A-,9195752966
7162,Sneha Singh,60,Male,O+,9478927754
7163,Anjali Mehta,21,Male,AB-,9707892648
7164,Arjun Sharma,37,Male,A-,9463137675
7165,Rahul Reddy,22,Female,AB+,9176403328
7166,Riya Gupta,48,Female,O+,9302605364
7167,Sneha Sharma,32,Male,B-,9230609654
7168,Aditya Patel,48,Male,B+,9488932384
7169,Pooja Patel,24,Female,AB+,9414095439
7170,Rohan Patel,55,Female,AB+,9492424396
7171,Anjali Gupta,37,Male,B-,9298878836
7172,Aman Verma,33,Female,B+,9391903407
7173,Rohan Reddy,56,Male,O-,9903337319
7174,Arjun Verma,35,Female,AB+,9121491108
7175,Rahul Gupta,42,Female,AB+,9535055742
7176,Neha Singh,59,Female,O-,9701456364
7177,Rahul Reddy,33,Female,O+,9815197256
7178,Kavya Patel,34,Female,B-,9586152036
7179,Priya Mehta,33,Female,B+,9476465698
7180,Sneha Verma,52,Female,A-,9554680773
7181,Vikram Reddy,37,Female,O+,9966221185
7182,Aditya Patel,45,Female,A+,9843106907
7183,Aman Verma,56,Male,AB-,9275752032
7184,Sahil Gupta,26,Female,B-,9221573274
7185,Aditya Patel,55,Female,A+,9670100342
7186,Divya Patel,46,Female,A-,9128086874
7187,Divya Patel,31,Female,O-,9149830381
7188,Pooja Gupta,46,Female,O-,9985711608
7189,Sneha Gupta,20,Female,O-,9602586713
7190,Priya Singh,41,Male,A-,9486520493
7191,Divya Gupta,34,Female,A+,9787086864
7192,Arjun Reddy,38,Male,AB-,9518160905
7193,Karan Reddy,34,Female,AB+,9483257782
7194,Arjun Mehta,60,Female,O+,9994905658
7195,Riya Kapoor,33,Female,AB+,9297293753
7196,Rahul Mehta,19,Female,B-,9937891167
7197,Rahul Reddy,28,Female,O-,9240382130
7198,Vikram Reddy,42,Female,O-,9164629850
7199,Rohan Singh,59,Female,O+,9124535824
7200,Neha Patel,45,Male,B+,9935229539
7201,Aditya Patel,37,Female,B+,9788724704
7202,Pooja Kapoor,41,Male,A+,9617485570
7203,Sahil Verma,45,Female,B-,9613462243
7204,Kavya Reddy,51,Female,B+,9398707992
7205,Kavya Verma,44,Female,A-,9729662583
7206,Sneha Patel,30,Female,AB-,9123307572
7207,Kavya Singh,39,Male,AB-,9138735283
7208,Sneha Patel,56,Male,AB-,9558586244
7209,Kavya Sharma,48,Male,B-,9157413841
7210,Kavya Sharma,19,Male,B-,9331669346
7211,Pooja Sharma,27,Male,O-,9421748591
7212,Neha Singh,45,Male,AB+,9769497132
7213,Pooja Verma,53,Male,A-,9848080170
7214,Sahil Mehta,57,Male,A-,9792414640
7215,Anjali Gupta,44,Female,A+,9365511959
7216,Aman Verma,52,Male,O-,9743765077
7217,Sneha Gupta,45,Female,AB-,9202959188
7218,Aman Singh,19,Male,B-,9704390413
7219,Priya Mehta,56,Female,O+,9830118828
7220,Riya Gupta,27,Male,AB+,9988083238
7221,Karan Kapoor,48,Female,AB+,9270743836
7222,Pooja Patel,33,Female,O-,9359116766
7223,Pooja Mehta,21,Male,A+,9976489257
7224,Anjali Reddy,48,Male,A-,9587423682
7225,Karan Verma,43,Male,AB-,9150018133
7226,Arjun Mehta,30,Male,O+,9576219837
7227,Vikram Gupta,59,Female,B-,9841927415
7228,Aditya Singh,43,Female,O-,9732631214
7229,Neha Gupta,56,Male,B+,9665397680
7230,Riya Reddy,28,Female,O-,9376070762
7231,Kavya Patel,57,Male,A+,9416285756
7232,Rahul Reddy,42,Male,O+,9766180346
7233,Sahil Mehta,29,Female,A-,9898494249
7234,Arjun Reddy,32,Male,A+,9251102893
7235,Rahul Gupta,19,Female,A-,9856306447
7236,Rahul Reddy,24,Male,B+,9739028634
7237,Rohan Kapoor,33,Female,A+,9293308333
7238,Riya Mehta,46,Male,AB+,9766067658
7239,Sahil Kapoor,40,Female,A+,9184769405
7240,Karan Mehta,31,Male,A-,9132588590
7241,Sneha Mehta,50,Female,AB-,9524844285
7242,Aditya Kapoor,23,Male,O-,9161779688
7243,Priya Verma,60,Female,AB+,9709055632
7244,Karan Verma,46,Female,O+,9129816375
7245,Kavya Kapoor,18,Male,A-,9857678668
7246,Aditya Kapoor,47,Male,B-,9995305193
7247,Kavya Sharma,23,Male,A-,9809237458
7248,Pooja Singh,44,Male,A-,9988076915
7249,Anjali Singh,34,Male,A+,9546599773
7250,Aman Kapoor,51,Female,AB-,9389828451
7251,Riya Patel,21,Male,AB-,9191277089
7252,Rohan Kapoor,39,Male,AB+,9989778637
7253,Kavya Verma,22,Male,A+,9425164420
7254,Arjun Sharma,23,Female,B-,9175218738
7255,Sneha Mehta,57,Female,A+,9991773101
7256,Vikram Reddy,43,Male,AB+,9955440628
7257,Kavya Reddy,56,Female,O+,9153349289
7258,Arjun Gupta,50,Female,O+,9260705995
7259,Arjun Reddy,40,Male,AB+,9281613752
7260,Anjali Gupta,43,Female,A+,9515312617
7261,Rohan Patel,25,Female,AB-,9376867077
7262,Sneha Singh,49,Female,A-,9951836381
7263,Sneha Gupta,53,Male,O+,9159610548
7264,Divya Sharma,22,Female,AB-,9480234481
7265,Kavya Sharma,53,Male,O+,9628178486
7266,Sahil Mehta,20,Female,AB+,9888257327
7267,Pooja Verma,37,Female,B+,9770155753
7268,Rohan Singh,43,Female,A+,9669120533
7269,Priya Mehta,20,Male,AB-,9979544254
7270,Sneha Kapoor,46,Female,B+,9540993325
7271,Rohan Reddy,20,Female,B+,9373575012
7272,Aman Patel,54,Male,AB+,9260919121
7273,Rahul Reddy,42,Male,O-,9801562752
7274,Rahul Sharma,45,Male,AB+,9336183642
7275,Riya Mehta,54,Female,B+,9821225322
7276,Neha Reddy,43,Female,A-,9833548674
7277,Priya Mehta,34,Male,O-,9941199569
7278,Aman Mehta,20,Male,O-,9564307000
7279,Rahul Verma,47,Female,A-,9862741929
7280,Rahul Sharma,46,Female,AB+,9292220596
7281,Pooja Mehta,41,Female,O+,9210215461
7282,Riya Reddy,48,Male,O+,9559421463
7283,Kavya Singh,23,Male,B+,9694030180
7284,Neha Gupta,55,Male,AB+,9320440967
7285,Rahul Singh,25,Female,B+,9585841409
7286,Anjali Mehta,57,Female,B-,9310752996
7287,Riya Reddy,35,Male,A-,9283156730
7288,Priya Mehta,55,Female,AB+,9838813585
7289,Aditya Patel,55,Male,A-,9289371709
7290,Anjali Mehta,43,Male,A+,9671356303
7291,Karan Patel,24,Male,A+,9259688897
7292,Divya Reddy,60,Male,A-,9533181560
7293,Anjali Sharma,59,Female,B-,9591429064
7294,Priya Kapoor,41,Female,AB-,9768670702
7295,Sneha Mehta,25,Female,O-,9506717065
7296,Aman Patel,44,Male,O+,9964574801
7297,Divya Patel,30,Female,A+,9242543204
7298,Divya Kapoor,42,Female,B-,9254933856
7299,Priya Singh,29,Female,AB+,9486103411
7300,Priya Sharma,42,Female,A+,9757701124
7301,Aditya Reddy,31,Female,A-,9977487432
7302,Karan Gupta,25,Male,A+,9786896155
7303,Rahul Patel,42,Female,AB+,9653271428
7304,Pooja Kapoor,54,Male,A+,9912250827
7305,Rahul Gupta,45,Male,B-,9853297354
7306,Arjun Patel,18,Female,A+,9512116125
7307,Rohan Kapoor,48,Female,A+,9405616959
7308,Pooja Reddy,57,Male,AB-,9902704228
7309,Neha Sharma,34,Female,A+,9235815722
7310,Kavya Sharma,28,Female,O+,9382270977
7311,Divya Verma,30,Male,A+,9444286362
7312,Priya Verma,57,Female,O-,9452620316
7313,Pooja Reddy,31,Male,AB+,9293219443
7314,Kavya Gupta,19,Female,B+,9648167983
7315,Anjali Mehta,18,Female,B+,9469876531
7316,Arjun Kapoor,29,Male,AB-,9844605903
7317,Vikram Mehta,22,Female,AB-,9160221888
7318,Sneha Kapoor,39,Male,AB+,9602634693
7319,Aman Verma,46,Female,AB-,9114451199
7320,Divya Verma,31,Male,AB+,9194267293
7321,Rahul Mehta,23,Female,A-,9236553675
7322,Rahul Sharma,49,Female,A+,9395116255
7323,Divya Verma,39,Female,B-,9332217545
7324,Vikram Reddy,44,Male,O+,9703180271
7325,Rohan Reddy,32,Female,B-,9145142529
7326,Vikram Mehta,29,Male,A+,9503161995
7327,Priya Mehta,44,Male,O+,9971017819
7328,Priya Reddy,23,Male,AB+,9990602196
7329,Sneha Kapoor,48,Male,AB+,9761049129
7330,Aman Singh,59,Female,A-,9709340133
7331,Neha Patel,42,Female,B-,9562438330
7332,Pooja Kapoor,45,Female,B-,9190235204
7333,Pooja Mehta,56,Female,AB-,9551737044
7334,Sneha Mehta,20,Female,A-,9415192850
7335,Sahil Kapoor,59,Male,O-,9762895267
7336,Kavya Patel,32,Male,A+,9238220379
7337,Karan Sharma,35,Male,B-,9358423998
7338,Neha Kapoor,24,Female,A+,9925188078
7339,Vikram Mehta,19,Male,O-,9117345954
7340,Rohan Sharma,19,Female,B-,9931916640
7341,Riya Patel,45,Female,O-,9143061927
7342,Kavya Singh,42,Male,B+,9598333037
7343,Arjun Reddy,50,Female,O+,9317472718
7344,Riya Sharma,40,Male,O-,9307803427
7345,Priya Singh,30,Male,A+,9705848373
7346,Aditya Sharma,23,Male,AB+,9598368131
7347,Kavya Sharma,58,Female,AB-,9206596363
7348,Sahil Singh,24,Male,O+,9301994359
7349,Sahil Reddy,51,Male,A-,9554856510
7350,Sahil Sharma,18,Female,O+,9951148382
7351,Aman Singh,49,Male,AB+,9880515991
7352,Anjali Mehta,28,Female,O+,9446308973
7353,Rahul Patel,52,Male,O-,9740790633
7354,Vikram Singh,58,Female,A-,9814925592
7355,Aditya Reddy,18,Male,A-,9144332272
7356,Priya Kapoor,34,Male,AB-,9878922249
7357,Rohan Gupta,51,Female,A+,9980388436
7358,Rohan Kapoor,30,Female,O+,9954608196
7359,Arjun Patel,47,Male,O+,9164295287
7360,Anjali Verma,31,Male,A+,9553502385
7361,Riya Patel,37,Male,AB-,9787161308
7362,Kavya Gupta,32,Male,O-,9878247003
7363,Rahul Kapoor,46,Male,AB-,9858103297
7364,Neha Reddy,24,Male,O+,9889149586
7365,Kavya Sharma,36,Male,AB-,9944518778
7366,Arjun Reddy,52,Male,B-,9778325755
7367,Aditya Kapoor,22,Female,B+,9228249598
7368,Kavya Mehta,42,Male,AB+,9615904780
7369,Rohan Gupta,33,Male,A-,9633414059
7370,Anjali Reddy,32,Male,AB-,9797159141
7371,Kavya Patel,45,Male,A+,9666803568
7372,Pooja Sharma,46,Female,O+,9371728202
7373,Rahul Verma,39,Female,O-,9416004896
7374,Riya Patel,26,Male,O-,9648679891
7375,Arjun Patel,39,Male,AB-,9468940788
7376,Pooja Singh,34,Female,O+,9531537475
7377,Aditya Singh,57,Male,A+,9597382914
7378,Anjali Singh,44,Female,AB+,9146891799
7379,Riya Sharma,24,Female,AB+,9211898365
7380,Neha Singh,46,Male,O+,9820394476
7381,Karan Kapoor,57,Male,B-,9995840111
7382,Sahil Singh,27,Female,AB+,9554413540
7383,Riya Singh,54,Female,O+,9193283040
7384,Priya Kapoor,41,Female,AB-,9633904819
7385,Rohan Sharma,53,Female,B-,9626791183
7386,Aman Gupta,55,Male,O+,9256399654
7387,Kavya Kapoor,58,Female,A+,9795276946
7388,Sahil Sharma,21,Male,B+,9982532665
7389,Riya Patel,36,Female,A+,9728645043
7390,Riya Verma,36,Male,A-,9106823485
7391,Priya Verma,45,Female,AB-,9996070864
7392,Arjun Gupta,39,Female,B-,9141600982
7393,Priya Verma,48,Female,O+,9239901092
7394,Kavya Gupta,59,Male,A+,9794399454
7395,Arjun Singh,26,Female,O-,9837143541
7396,Karan Sharma,49,Male,B+,9217045484
7397,Riya Patel,41,Female,A-,9149229986
7398,Aditya Sharma,58,Female,A-,9226642354
7399,Kavya Verma,31,Female,A+,9786475704
7400,Vikram Mehta,20,Male,O+,9389625191
7401,Anjali Singh,47,Female,AB+,9363280831
7402,Pooja Gupta,60,Female,AB-,9250483279
7403,Riya Mehta,21,Female,B-,9405423642
7404,Kavya Reddy,34,Male,A-,9541576419
7405,Rahul Singh,50,Female,AB-,9306422478
7406,Kavya Mehta,40,Female,AB-,9705354207
7407,Anjali Sharma,34,Male,AB-,9446977118
7408,Anjali Singh,32,Male,A-,9528816248
7409,Rohan Kapoor,19,Male,B+,9747568799
7410,Kavya Reddy,35,Female,AB+,9344022281
7411,Neha Singh,55,Female,AB-,9829183712
7412,Aditya Patel,49,Female,A+,9416684077
7413,Kavya Reddy,26,Female,O+,9872419578
7414,Rohan Reddy,27,Male,AB+,9210353269
7415,Rahul Patel,46,Male,A+,9134565436
7416,Aditya Gupta,36,Male,B+,9721632229
7417,Neha Verma,42,Female,B+,9230032114
7418,Vikram Singh,45,Female,AB-,9749016943
7419,Kavya Sharma,29,Female,A-,9101895061
7420,Arjun Mehta,48,Male,AB-,9923580369
7421,Rohan Kapoor,34,Female,O+,9476108214
7422,Sneha Singh,32,Female,B-,9384797519
7423,Rohan Sharma,47,Male,A+,9544962872
7424,Karan Verma,33,Female,AB+,9356248484
7425,Arjun Reddy,52,Female,AB-,9765051530
7426,Rahul Reddy,31,Male,B+,9661617562
7427,Anjali Verma,58,Male,A-,9295945158
7428,Sahil Gupta,58,Male,A-,9808677096
7429,Aman Mehta,34,Female,O-,9694451243
7430,Karan Reddy,58,Female,A+,9623549026
7431,Priya Mehta,19,Female,A+,9767562511
7432,Divya Sharma,58,Female,B+,9513208058
7433,Karan Singh,46,Female,B+,9374202170
7434,Karan Singh,45,Female,O-,9264199399
7435,Rahul Reddy,56,Male,AB+,9893184814
7436,Kavya Sharma,48,Male,O-,9748825491
7437,Kavya Reddy,60,Female,B+,9852015297
7438,Karan Patel,30,Female,A-,9970547602
7439,Pooja Mehta,35,Female,A-,9828923448
7440,Neha Mehta,46,Male,B+,9529250267
7441,Vikram Sharma,24,Female,AB-,9212377655
7442,Arjun Mehta,28,Female,AB+,9579246583
7443,Kavya Verma,41,Female,B-,9307304322
7444,Karan Verma,59,Female,B-,9176485751
7445,Karan Gupta,49,Female,O+,9168260473
7446,Riya Verma,47,Female,AB-,9776938132
7447,Priya Singh,25,Male,A+,9943849161
7448,Priya Singh,49,Female,AB+,9811796110
7449,Divya Reddy,21,Male,AB-,9229519649
7450,Vikram Mehta,32,Male,O+,9307533959
7451,Sneha Sharma,39,Male,O-,9996236159
7452,Sahil Kapoor,28,Female,B+,9861194343
7453,Kavya Gupta,42,Male,B+,9524366621
7454,Kavya Mehta,30,Male,A-,9901935332
7455,Divya Singh,60,Female,B-,9678810503
7456,Kavya Singh,60,Male,O-,9449150342
7457,Aditya Kapoor,24,Female,AB+,9369612108
7458,Rohan Verma,55,Female,AB+,9438844898
7459,Sahil Singh,58,Female,B-,9693633031
7460,Rohan Sharma,54,Male,O-,9579700228
7461,Aman Mehta,46,Male,O+,9666873865
7462,Arjun Sharma,59,Female,A+,9444127566
7463,Sneha Singh,40,Male,A-,9948586241
7464,Rahul Kapoor,23,Female,O-,9240209359
7465,Rahul Reddy,40,Male,AB+,9398310151
7466,Divya Patel,45,Male,O+,9965457423
7467,Sahil Reddy,42,Male,A-,9873008709
7468,Arjun Sharma,35,Male,AB+,9101578394
7469,Aman Sharma,29,Female,AB-,9467396592
7470,Aditya Patel,37,Female,AB-,9550169714
7471,Sahil Mehta,47,Male,B+,9731305953
7472,Kavya Reddy,37,Male,A+,9462454828
7473,Rahul Patel,51,Female,A+,9950696685
7474,Vikram Kapoor,33,Male,AB+,9557655769
7475,Anjali Verma,37,Female,A+,9548998815
7476,Sneha Patel,39,Male,O-,9335931082
7477,Rahul Mehta,31,Female,B+,9683226844
7478,Rahul Reddy,51,Male,O+,9259915440
7479,Karan Sharma,54,Female,A-,9477545744
7480,Priya Reddy,25,Male,O+,9527434285
7481,Sneha Patel,56,Male,B-,9565429658
7482,Aditya Sharma,39,Male,AB+,9227145500
7483,Sneha Reddy,60,Female,O-,9753674171
7484,Riya Kapoor,24,Female,O+,9575844130
7485,Priya Patel,21,Female,AB+,9761304320
7486,Riya Verma,27,Male,B-,9119755650
7487,Kavya Gupta,48,Female,B+,9374840532
7488,Karan Reddy,40,Female,O+,9677556485
7489,Riya Singh,46,Female,B+,9847350891
7490,Neha Sharma,20,Female,A-,9448379043
7491,Rohan Reddy,39,Female,A+,9224189700
7492,Karan Kapoor,42,Female,B+,9880420517
7493,Aman Verma,38,Female,O-,9921109284
7494,Aman Gupta,19,Male,B+,9415439815
7495,Sahil Gupta,56,Male,B-,9582518456
7496,Aman Patel,38,Male,AB+,9819522855
7497,Anjali Kapoor,60,Male,AB-,9712096794
7498,Riya Kapoor,48,Male,B-,9226875588
7499,Aman Mehta,24,Male,B-,9509318164
7500,Rahul Sharma,35,Female,A+,9426271280
7501,Riya Gupta,36,Female,A+,9926767639
7502,Divya Verma,39,Male,B-,9761669020
7503,Rohan Singh,49,Male,A-,9768135778
7504,Anjali Patel,52,Male,A+,9769618581
7505,Riya Sharma,58,Female,A-,9993991132
7506,Pooja Gupta,23,Female,O+,9875794276
7507,Sahil Verma,24,Female,O-,9835337068
7508,Vikram Gupta,28,Male,O+,9603359117
7509,Priya Sharma,39,Female,B+,9400787900
7510,Rahul Gupta,57,Female,O-,9864169890
7511,Arjun Reddy,29,Female,A+,9135950808
7512,Neha Sharma,30,Male,AB-,9169256422
7513,Riya Verma,46,Female,O+,9291204755
7514,Vikram Gupta,57,Female,O-,9550268175
7515,Rohan Verma,57,Female,AB-,9643372358
7516,Karan Singh,41,Male,A+,9188852305
7517,Rahul Singh,43,Male,B-,9381704185
7518,Vikram Singh,46,Female,O-,9158910924
7519,Arjun Gupta,28,Female,B+,9352101785
7520,Divya Mehta,34,Male,AB+,9374950896
7521,Anjali Verma,33,Male,A-,9229616722
7522,Arjun Mehta,48,Female,AB+,9936097864
7523,Sneha Mehta,24,Male,AB-,9495579210
7524,Neha Singh,31,Female,AB-,9114951539
7525,Karan Reddy,33,Male,O-,9443185548
7526,Anjali Mehta,27,Male,B+,9399316312
7527,Neha Gupta,27,Male,B-,9710892766
7528,Divya Reddy,54,Female,AB-,9569413116
7529,Anjali Sharma,49,Male,B-,9501349501
7530,Rahul Sharma,44,Female,AB-,9928173888
7531,Arjun Sharma,37,Male,AB+,9144739762
7532,Kavya Singh,51,Female,B+,9492253119
7533,Divya Reddy,29,Male,O-,9125016097
7534,Riya Singh,58,Female,O-,9877333906
7535,Karan Patel,19,Male,AB-,9478021761
7536,Vikram Singh,44,Male,B-,9858848719
7537,Aman Patel,47,Female,A+,9168200042
7538,Aman Mehta,30,Male,O-,9902369699
7539,Rahul Kapoor,37,Male,AB+,9576557048
7540,Kavya Mehta,42,Female,B-,9890392552
7541,Kavya Verma,33,Female,O-,9108484125
7542,Rahul Mehta,33,Male,A-,9956947241
7543,Anjali Singh,59,Male,O+,9960123026
7544,Arjun Reddy,41,Male,O-,9950511185
7545,Sahil Gupta,36,Female,A-,9270222861
7546,Arjun Patel,27,Male,B+,9112911466
7547,Karan Gupta,44,Female,AB+,9958974169
7548,Vikram Patel,25,Male,A+,9580572508
7549,Aman Patel,20,Female,B-,9749842159
7550,Rohan Mehta,22,Male,O+,9806547107
7551,Karan Singh,57,Male,A-,9509239314
7552,Vikram Patel,18,Female,B+,9620489524
7553,Divya Reddy,24,Male,B-,9552592106
7554,Karan Sharma,41,Female,AB-,9799372436
7555,Riya Singh,38,Male,O+,9758741682
7556,Pooja Verma,26,Male,AB-,9280508113
7557,Rahul Patel,19,Male,A-,9103892892
7558,Aditya Verma,36,Male,B-,9855903974
7559,Sahil Sharma,33,Female,A+,9645024272
7560,Arjun Gupta,34,Female,B-,9961375346
7561,Kavya Singh,25,Male,B+,9563355657
7562,Kavya Reddy,44,Male,B-,9932983954
7563,Aman Verma,50,Male,AB+,9350112090
7564,Pooja Kapoor,20,Female,O-,9453744365
7565,Sahil Gupta,29,Male,A-,9697150134
7566,Priya Verma,51,Female,AB+,9596769730
7567,Anjali Verma,32,Male,A-,9271250122
7568,Sahil Mehta,57,Female,AB+,9516234471
7569,Rahul Kapoor,21,Male,B-,9214770312
7570,Vikram Verma,49,Male,O-,9944552919
7571,Rahul Gupta,29,Male,B+,9630353305
7572,Arjun Verma,23,Female,B+,9125958699
7573,Riya Kapoor,19,Female,A-,9509154566
7574,Divya Singh,47,Male,O+,9196025622
7575,Sneha Sharma,54,Female,B-,9204006783
7576,Priya Sharma,22,Female,B+,9913614464
7577,Arjun Verma,32,Female,B+,9267612240
7578,Karan Sharma,22,Male,O-,9134347823
7579,Anjali Sharma,54,Male,AB+,9105245433
7580,Aman Gupta,42,Female,A-,9856469341
7581,Neha Patel,20,Female,O-,9253357879
7582,Kavya Singh,20,Female,AB-,9152146878
7583,Rahul Patel,31,Female,B-,9358747635
7584,Karan Mehta,19,Male,O+,9862632625
7585,Anjali Patel,26,Female,A-,9138297506
7586,Pooja Gupta,42,Male,O-,9362265257
7587,Priya Mehta,60,Male,AB-,9207905467
7588,Karan Kapoor,60,Male,A+,9735313792
7589,Sahil Reddy,30,Male,B+,9415053499
7590,Rahul Reddy,37,Male,B-,9462890086
7591,Riya Patel,39,Male,B-,9705015912
7592,Priya Kapoor,42,Male,AB-,9615949249
7593,Rohan Kapoor,32,Male,AB-,9641563611
7594,Rahul Sharma,19,Female,A-,9520743915
7595,Vikram Patel,49,Female,A+,9199345608
7596,Pooja Patel,51,Male,A-,9387752087
7597,Sahil Mehta,18,Male,B-,9720134592
7598,Rohan Mehta,41,Female,O+,9897671667
7599,Pooja Singh,21,Male,A-,9919025604
7600,Rahul Singh,31,Male,A+,9201922063
7601,Sahil Mehta,24,Male,O+,9899002917
7602,Rahul Verma,49,Female,A+,9590095985
7603,Arjun Verma,55,Male,O+,9974836575
7604,Aditya Reddy,58,Female,A+,9401253001
7605,Sahil Verma,43,Male,B+,9823314788
7606,Pooja Kapoor,56,Female,AB-,9556314463
7607,Kavya Singh,18,Male,A+,9376049797
7608,Kavya Verma,19,Male,O+,9940734238
7609,Arjun Kapoor,36,Female,O+,9907540343
7610,Pooja Verma,34,Female,B+,9875866805
7611,Kavya Verma,55,Female,AB+,9461975300
7612,Karan Verma,36,Female,AB-,9481318316
7613,Rahul Sharma,21,Male,A+,9557982171
7614,Divya Gupta,48,Male,AB-,9556045338
7615,Rohan Singh,46,Male,AB+,9318107558
7616,Riya Verma,20,Male,B+,9380322704
7617,Arjun Sharma,59,Male,AB+,9862105143
7618,Riya Gupta,46,Male,B+,9997690040
7619,Karan Patel,18,Female,AB+,9220630319
7620,Kavya Sharma,45,Male,B+,9286251901
7621,Divya Singh,39,Female,B-,9809466292
7622,Aman Kapoor,34,Male,O-,9552326145
7623,Anjali Singh,52,Male,AB-,9421229882
7624,Aman Reddy,41,Female,A+,9203309678
7625,Sahil Kapoor,46,Male,AB-,9928240621
7626,Rohan Singh,53,Male,O-,9301786390
7627,Karan Kapoor,57,Female,A-,9128239636
7628,Anjali Patel,59,Female,O+,9217132873
7629,Vikram Sharma,42,Female,O+,9398260124
7630,Riya Reddy,42,Female,O-,9695930749
7631,Divya Patel,28,Female,A+,9696013253
7632,Rohan Mehta,21,Male,AB+,9366087542
7633,Vikram Mehta,47,Male,B+,9652592068
7634,Riya Verma,18,Male,AB-,9775000313
7635,Arjun Verma,34,Male,B+,9446103735
7636,Arjun Singh,18,Male,B+,9822175904
7637,Riya Mehta,54,Male,A-,9704299897
7638,Priya Mehta,29,Male,A+,9463850613
7639,Karan Sharma,45,Female,B-,9116073768
7640,Neha Sharma,32,Female,A+,9212317104
7641,Riya Reddy,47,Female,B+,9847380918
7642,Aman Verma,19,Female,A+,9625711690
7643,Sneha Reddy,20,Female,O-,9414861232
7644,Pooja Mehta,35,Male,O+,9734686273
7645,Sneha Gupta,33,Female,O+,9605543803
7646,Karan Gupta,33,Male,AB-,9900056318
7647,Divya Patel,49,Female,AB-,9743669301
7648,Aditya Singh,54,Female,B+,9891199499
7649,Riya Kapoor,28,Female,B-,9279743470
7650,Rohan Kapoor,49,Male,B-,9826267699
7651,Aman Sharma,38,Female,O+,9921186461
7652,Arjun Verma,34,Male,B-,9430917739
7653,Karan Sharma,46,Female,B-,9261397485
7654,Aditya Patel,53,Male,O+,9135855823
7655,Divya Verma,55,Male,O-,9950875785
7656,Rahul Singh,35,Male,B-,9559303790
7657,Neha Reddy,34,Male,O-,9367773745
7658,Priya Verma,31,Male,AB+,9306994101
7659,Pooja Verma,30,Female,O-,9868527490
7660,Sneha Patel,53,Male,O+,9233503907
7661,Aman Verma,36,Female,O+,9283153918
7662,Rahul Reddy,31,Female,O-,9678400761
7663,Kavya Kapoor,40,Female,A-,9401260278
7664,Arjun Mehta,44,Female,O-,9308299932
7665,Aman Verma,43,Female,B+,9534355375
7666,Sahil Kapoor,48,Male,A+,9685659000
7667,Rohan Kapoor,53,Male,A+,9233761847
7668,Pooja Mehta,48,Male,O+,9501066551
7669,Riya Sharma,51,Male,AB+,9173582652
7670,Priya Singh,36,Female,O+,9965896614
7671,Anjali Singh,45,Male,O-,9320359149
7672,Rohan Patel,20,Female,B-,9920447116
7673,Riya Kapoor,23,Female,B-,9840395912
7674,Aman Verma,30,Female,B+,9919387515
7675,Vikram Kapoor,51,Male,AB+,9464388115
7676,Rahul Kapoor,18,Male,AB+,9709548288
7677,Sneha Verma,43,Female,O-,9542831680
7678,Rohan Singh,48,Male,O+,9695908547
7679,Sneha Kapoor,32,Female,B+,9850172347
7680,Anjali Reddy,53,Male,A-,9490604407
7681,Divya Kapoor,60,Male,AB-,9839137089
7682,Neha Sharma,29,Male,B-,9526839490
7683,Kavya Verma,44,Male,B-,9362369923
7684,Pooja Verma,48,Female,O+,9114323006
7685,Vikram Reddy,37,Male,O-,9271652862
7686,Riya Gupta,51,Male,A+,9463465171
7687,Rahul Kapoor,55,Male,O+,9616225101
7688,Aman Singh,51,Male,O-,9754534628
7689,Neha Mehta,58,Male,A+,9934398331
7690,Vikram Singh,46,Male,AB+,9557090511
7691,Divya Kapoor,55,Female,B-,9988559116
7692,Riya Singh,33,Male,A+,9571019596
7693,Anjali Gupta,50,Female,A-,9829197501
7694,Aman Mehta,45,Male,B-,9155819329
7695,Sahil Reddy,53,Male,A-,9829255812
7696,Rohan Patel,49,Male,A-,9397373345
7697,Aman Singh,53,Male,AB+,9416597059
7698,Aditya Verma,28,Male,B-,9913124656
7699,Riya Singh,36,Female,AB+,9640941355
7700,Arjun Patel,29,Male,O-,9684693635
7701,Riya Verma,48,Male,B+,9956590806
7702,Aditya Reddy,44,Male,O+,9913978724
7703,Karan Mehta,58,Male,B-,9537699111
7704,Priya Patel,41,Female,AB+,9179943300
7705,Riya Gupta,59,Male,O+,9534506901
7706,Neha Kapoor,48,Female,O+,9938652771
7707,Aman Gupta,40,Male,AB-,9617384907
7708,Aditya Reddy,49,Female,B+,9838726141
7709,Rohan Mehta,50,Male,O+,9179146105
7710,Karan Reddy,36,Female,B+,9304128066
7711,Sahil Sharma,36,Male,AB+,9386666490
7712,Arjun Sharma,29,Female,O+,9633147032
7713,Priya Singh,25,Female,B+,9763410140
7714,Arjun Verma,43,Male,A+,9351413854
7715,Aditya Patel,31,Male,AB+,9102742306
7716,Neha Sharma,37,Male,O-,9374299517
7717,Aman Singh,45,Male,O+,9442334826
7718,Arjun Verma,18,Female,A-,9760049234
7719,Aditya Sharma,49,Male,B-,9828444873
7720,Aman Kapoor,26,Female,A+,9278743638
7721,Kavya Mehta,55,Female,B+,9485436500
7722,Priya Verma,43,Female,O-,9491315873
7723,Divya Mehta,48,Female,O+,9327835471
7724,Vikram Verma,18,Female,A+,9942045850
7725,Arjun Patel,21,Female,AB-,9614155864
7726,Karan Gupta,25,Male,O+,9107118350
7727,Rahul Patel,42,Male,O+,9963378799
7728,Aman Mehta,30,Male,O-,9506375173
7729,Sahil Sharma,28,Female,AB+,9844767897
7730,Divya Patel,56,Female,A-,9647893268
7731,Aman Gupta,31,Male,O+,9765506438
7732,Aditya Mehta,47,Female,AB-,9382240827
7733,Sahil Sharma,42,Male,AB+,9931958732
7734,Anjali Patel,19,Female,B-,9352830756
7735,Anjali Gupta,56,Female,O+,9504979614
7736,Priya Verma,50,Female,AB-,9655691851
7737,Priya Gupta,24,Female,A+,9307192503
7738,Riya Kapoor,37,Female,AB+,9458247855
7739,Sneha Singh,42,Male,B-,9583382402
7740,Priya Singh,28,Male,A+,9744954333
7741,Pooja Gupta,31,Male,B+,9191017481
7742,Karan Gupta,38,Female,O-,9751394910
7743,Rahul Sharma,48,Male,AB-,9530651298
7744,Sahil Reddy,26,Male,A+,9509729176
7745,Karan Patel,40,Female,B-,9574658791
7746,Aman Mehta,24,Male,AB+,9206347258
7747,Neha Patel,49,Female,O-,9507641326
7748,Kavya Mehta,55,Male,B+,9872571481
7749,Vikram Gupta,56,Female,O-,9334206373
7750,Aditya Verma,55,Female,O-,9436733774
7751,Arjun Reddy,55,Male,B+,9132328054
7752,Pooja Mehta,34,Male,B+,9677773100
7753,Rohan Gupta,31,Male,O+,9731366108
7754,Aditya Patel,54,Female,A-,9352916617
7755,Sahil Patel,49,Female,O+,9643536902
7756,Sahil Sharma,51,Female,O+,9349049206
7757,Aman Gupta,25,Male,AB-,9727157089
7758,Priya Gupta,57,Male,AB+,9948206237
7759,Pooja Gupta,47,Female,B+,9591818347
7760,Priya Reddy,26,Female,AB+,9392803355
7761,Arjun Singh,48,Female,A-,9165404160
7762,Arjun Gupta,47,Male,O-,9397711811
7763,Priya Reddy,38,Male,B-,9756003669
7764,Sneha Gupta,42,Male,B-,9581931838
7765,Anjali Sharma,32,Female,O+,9661775716
7766,Sneha Sharma,53,Female,O-,9615727601
7767,Aditya Sharma,48,Female,A+,9214151597
7768,Karan Kapoor,56,Male,AB-,9522721118
7769,Aditya Reddy,37,Female,B-,9198774042
7770,Kavya Reddy,22,Female,B+,9536295099
7771,Riya Reddy,51,Female,A-,9533527918
7772,Neha Kapoor,53,Female,B-,9949459156
7773,Sneha Kapoor,18,Male,B+,9899102910
7774,Riya Singh,37,Female,AB+,9129233570
7775,Rohan Patel,43,Female,AB+,9708834939
7776,Kavya Reddy,19,Female,B-,9523212485
7777,Pooja Gupta,33,Female,AB-,9408447575
7778,Sneha Singh,24,Female,O+,9282951750
7779,Priya Sharma,22,Male,B-,9373441600
7780,Anjali Sharma,19,Male,A+,9481554610
7781,Neha Patel,38,Male,AB+,9779661983
7782,Divya Patel,51,Female,O+,9742815283
7783,Priya Sharma,23,Male,B-,9302017783
7784,Aman Mehta,26,Female,A+,9392469946
7785,Sneha Mehta,58,Female,AB-,9651934730
7786,Rohan Singh,47,Female,O+,9200068216
7787,Anjali Reddy,46,Male,B-,9342880604
7788,Neha Mehta,45,Female,B+,9121392432
7789,Aman Gupta,34,Female,O-,9522773196
7790,Sahil Verma,44,Male,AB-,9156961370
7791,Riya Gupta,22,Male,B-,9183551268
7792,Pooja Verma,58,Female,B-,9817652499
7793,Anjali Patel,41,Male,B-,9374482571
7794,Riya Mehta,41,Female,O+,9902910350
7795,Aman Singh,60,Male,B-,9916949694
7796,Rohan Patel,47,Male,O+,9379504878
7797,Pooja Sharma,22,Male,A-,9422204584
7798,Karan Mehta,31,Female,AB+,9986429113
7799,Anjali Mehta,58,Female,B+,9990561611
7800,Riya Sharma,49,Male,B-,9939849580
7801,Pooja Reddy,39,Male,B-,9893465383
7802,Rohan Sharma,47,Female,A-,9640082157
7803,Arjun Sharma,41,Male,AB+,9155609860
7804,Divya Mehta,35,Female,AB-,9183837615
7805,Vikram Sharma,43,Male,O+,9216661613
7806,Sneha Mehta,55,Female,B-,9786311189
7807,Aditya Singh,39,Male,A+,9349145370
7808,Sneha Mehta,52,Female,O+,9432189740
7809,Neha Gupta,35,Male,A+,9838686473
7810,Arjun Gupta,19,Male,B+,9937118044
7811,Karan Verma,54,Female,A+,9606992345
7812,Kavya Kapoor,18,Female,B-,9724734252
7813,Rahul Sharma,33,Female,B-,9299915657
7814,Anjali Patel,27,Male,AB-,9831601080
7815,Divya Mehta,40,Female,B+,9642228549
7816,Pooja Reddy,41,Female,AB-,9887305361
7817,Aditya Kapoor,32,Male,AB+,9322823807
7818,Aman Sharma,55,Female,A-,9679279904
7819,Divya Reddy,53,Female,B+,9943115413
7820,Rahul Mehta,48,Male,B-,9748538986
7821,Aditya Kapoor,18,Male,O+,9973621225
7822,Divya Gupta,43,Male,O-,9909262853
7823,Pooja Mehta,44,Male,AB-,9828979122
7824,Sahil Reddy,18,Male,B+,9580509239
7825,Sneha Reddy,40,Female,AB-,9157396444
7826,Priya Singh,20,Female,AB-,9811902578
7827,Vikram Sharma,34,Female,A+,9596831965
7828,Pooja Kapoor,55,Male,O+,9986784680
7829,Rohan Gupta,48,Female,B-,9759145998
7830,Anjali Sharma,27,Female,AB+,9985508331
7831,Rohan Sharma,48,Male,A-,9716496659
7832,Kavya Verma,52,Male,A-,9172550014
7833,Anjali Sharma,30,Female,O-,9293062211
7834,Aman Patel,57,Female,B+,9565527788
7835,Aman Patel,44,Female,AB+,9619063947
7836,Aman Sharma,49,Male,AB-,9296441726
7837,Aditya Mehta,44,Female,B+,9852699767
7838,Rahul Kapoor,24,Male,A+,9799456448
7839,Rahul Verma,42,Male,B-,9291634472
7840,Aman Mehta,28,Male,A+,9628594415
7841,Pooja Verma,42,Female,AB+,9326339647
7842,Priya Patel,19,Female,B+,9697236060
7843,Neha Verma,43,Female,B+,9327912176
7844,Vikram Gupta,42,Female,AB+,9609163765
7845,Sneha Sharma,42,Male,O+,9165827827
7846,Riya Reddy,59,Male,O-,9586543052
7847,Anjali Verma,34,Male,A-,9142257099
7848,Priya Reddy,28,Male,AB+,9605650716
7849,Priya Verma,59,Male,O-,9165448092
7850,Divya Patel,35,Female,O+,9894782459
7851,Arjun Mehta,47,Female,O-,9736262989
7852,Rahul Kapoor,32,Female,O-,9881931213
7853,Arjun Gupta,49,Male,A+,9978685557
7854,Karan Reddy,51,Female,O+,9437679388
7855,Anjali Kapoor,20,Male,AB+,9439105299
7856,Karan Kapoor,34,Male,A+,9383186795
7857,Anjali Sharma,47,Male,A+,9125184800
7858,Vikram Patel,47,Female,AB-,9381203595
7859,Aditya Mehta,30,Female,AB+,9948150997
7860,Aman Patel,31,Male,AB-,9186617030
7861,Sneha Reddy,27,Male,A+,9306651365
7862,Divya Singh,23,Female,B+,9516922951
7863,Neha Kapoor,19,Male,AB+,9694197698
7864,Rahul Patel,23,Male,B+,9928684577
7865,Divya Sharma,37,Female,B-,9164507262
7866,Sahil Mehta,47,Female,B+,9199595849
7867,Sneha Singh,46,Male,O+,9654622382
7868,Sneha Sharma,54,Male,O-,9546213103
7869,Riya Kapoor,41,Male,A-,9458442718
7870,Vikram Patel,48,Male,O-,9222992767
7871,Aman Sharma,46,Male,O+,9673519423
7872,Riya Patel,35,Female,AB+,9208286716
7873,Pooja Reddy,33,Female,AB+,9559273046
7874,Arjun Kapoor,58,Female,AB+,9299428196
7875,Arjun Singh,38,Female,O-,9507840425
7876,Kavya Reddy,32,Female,A-,9516643223
7877,Sahil Sharma,32,Male,B-,9805005090
7878,Kavya Sharma,24,Female,A+,9760388473
7879,Divya Sharma,46,Male,AB-,9791633289
7880,Sneha Patel,60,Male,B+,9340085147
7881,Priya Gupta,49,Female,B+,9461624310
7882,Riya Verma,23,Female,AB-,9837336518
7883,Neha Kapoor,50,Female,A-,9522567101
7884,Vikram Sharma,45,Male,A-,9444577689
7885,Riya Patel,21,Male,A+,9718140148
7886,Priya Mehta,23,Male,AB+,9314785759
7887,Rohan Kapoor,44,Male,AB-,9567205028
7888,Priya Reddy,46,Male,AB+,9623171872
7889,Vikram Gupta,34,Male,O+,9597963641
7890,Sahil Singh,24,Female,AB+,9359215382
7891,Rahul Patel,36,Female,AB+,9240105016
7892,Karan Singh,43,Male,AB+,9661021340
7893,Kavya Sharma,56,Male,AB-,9211935402
7894,Riya Singh,53,Male,AB+,9474144671
7895,Rohan Singh,42,Male,O-,9611934969
7896,Karan Kapoor,24,Male,AB-,9659644916
7897,Sneha Singh,60,Female,O+,9532102768
7898,Neha Gupta,18,Female,A-,9768808615
7899,Aditya Gupta,34,Female,O+,9466227541
7900,Anjali Singh,37,Female,O+,9654097982
7901,Arjun Verma,44,Male,A-,9611814289
7902,Divya Verma,47,Male,B-,9498966772
7903,Vikram Gupta,38,Female,O-,9131315880
7904,Arjun Sharma,58,Male,AB-,9964981366
7905,Aditya Gupta,39,Male,O-,9546663137
7906,Riya Gupta,52,Female,AB+,9223513913
7907,Neha Kapoor,25,Male,O-,9567837587
7908,Priya Reddy,52,Male,B-,9475968030
7909,Pooja Singh,58,Male,AB+,9489025114
7910,Vikram Gupta,52,Male,O+,9116606361
7911,Karan Mehta,33,Female,A-,9623130055
7912,Riya Mehta,37,Female,A-,9966951269
7913,Rohan Verma,24,Male,A+,9802359211
7914,Sneha Gupta,47,Male,A-,9775765290
7915,Anjali Kapoor,38,Female,AB+,9701352775
7916,Rahul Verma,26,Female,O-,9178904940
7917,Vikram Reddy,49,Male,AB-,9513579666
7918,Arjun Kapoor,56,Male,A-,9831377767
7919,Aditya Gupta,35,Female,AB+,9115042177
7920,Rahul Kapoor,19,Male,B+,9707925760
7921,Priya Patel,34,Male,O+,9449817411
7922,Pooja Sharma,27,Male,O-,9551811121
7923,Rohan Mehta,26,Female,AB-,9696031242
7924,Aditya Singh,51,Male,B+,9355553513
7925,Sahil Mehta,44,Male,O+,9146974130
7926,Rahul Sharma,41,Male,A-,9664445355
7927,Rahul Sharma,33,Male,A+,9456675322
7928,Karan Reddy,52,Male,O+,9662524310
7929,Kavya Singh,59,Male,A+,9911490297
7930,Karan Sharma,47,Male,A+,9682390373
7931,Aman Patel,54,Male,B+,9320190621
7932,Aditya Patel,59,Female,B+,9221170094
7933,Divya Gupta,22,Female,A-,9721091177
7934,Priya Reddy,18,Male,O-,9887970014
7935,Vikram Singh,56,Female,B+,9811036266
7936,Riya Kapoor,39,Male,AB+,9726798882
7937,Anjali Patel,30,Female,AB+,9761173320
7938,Arjun Mehta,56,Male,A+,9754311545
7939,Vikram Kapoor,33,Female,AB-,9663149081
7940,Divya Reddy,27,Male,AB+,9529499210
7941,Karan Verma,45,Male,A+,9475965063
7942,Arjun Reddy,41,Male,A+,9849687060
7943,Vikram Patel,23,Female,A+,9947711996
7944,Pooja Verma,45,Female,AB-,9773469412
7945,Anjali Sharma,29,Female,A-,9395105618
7946,Arjun Gupta,52,Male,A-,9703898550
7947,Sneha Reddy,58,Male,AB+,9462051887
7948,Pooja Reddy,35,Female,A+,9147364329
7949,Anjali Patel,29,Female,AB-,9889220838
7950,Rahul Reddy,60,Male,A+,9989308449
7951,Priya Sharma,40,Female,A+,9186257513
7952,Kavya Gupta,31,Female,O-,9445218862
7953,Vikram Singh,39,Female,AB-,9783235512
7954,Riya Sharma,53,Female,O+,9978268343
7955,Rahul Sharma,24,Female,A-,9237131529
7956,Karan Patel,27,Female,B+,9415032862
7957,Pooja Reddy,20,Male,B+,9470391258
7958,Sneha Sharma,43,Female,B+,9430997265
7959,Rohan Patel,21,Female,O-,9839911153
7960,Kavya Singh,36,Female,O-,9410145088
7961,Aditya Patel,33,Male,B-,9457878774
7962,Aditya Singh,60,Male,A-,9942246362
7963,Priya Sharma,44,Male,AB+,9788208510
7964,Aditya Gupta,58,Male,A+,9980438246
7965,Rohan Singh,20,Male,B+,9309117402
7966,Rahul Mehta,54,Female,AB-,9590364433
7967,Neha Kapoor,45,Male,O-,9506031509
7968,Divya Reddy,41,Female,AB-,9249016421
7969,Arjun Patel,53,Female,O+,9680471773
7970,Divya Sharma,45,Female,AB+,9637905937
7971,Kavya Singh,60,Female,AB+,9647769638
7972,Kavya Verma,32,Male,A+,9157714453
7973,Anjali Mehta,40,Female,O+,9788348402
7974,Rohan Mehta,33,Male,AB+,9577518566
7975,Divya Singh,55,Female,AB+,9409052787
7976,Aditya Sharma,36,Male,AB+,9499300556
7977,Priya Mehta,60,Female,B-,9921574510
7978,Karan Reddy,20,Female,AB-,9796600671
7979,Sneha Verma,51,Male,O+,9796141552
7980,Sneha Kapoor,52,Female,AB-,9803252696
7981,Divya Mehta,54,Female,B+,9291302532
7982,Sneha Kapoor,33,Male,AB+,9182202410
7983,Aditya Reddy,23,Male,A+,9215904590
7984,Sahil Reddy,47,Female,B-,9506968278
7985,Priya Gupta,52,Male,AB-,9748126434
7986,Vikram Reddy,24,Female,B-,9834924490
7987,Riya Gupta,48,Female,B-,9782755403
7988,Pooja Reddy,42,Male,O+,9187505288
7989,Sahil Verma,51,Female,O-,9511349762
7990,Pooja Mehta,51,Male,AB+,9302992872
7991,Aman Patel,58,Female,B+,9879143583
7992,Aman Reddy,54,Male,A+,9444978147
7993,Karan Verma,26,Female,A+,9497831408
7994,Arjun Reddy,37,Male,B+,9774543253
7995,Pooja Mehta,57,Female,O-,9554685761
7996,Arjun Mehta,54,Male,B+,9546419502
7997,Aman Kapoor,20,Female,B-,9584280935
7998,Karan Verma,51,Male,AB-,9724403645
7999,Pooja Verma,28,Male,AB+,9451953456
8000,Anjali Kapoor,29,Female,A+,9904387448
8001,Anjali Gupta,40,Female,O-,9183280223
8002,Sneha Patel,29,Female,AB+,9928352180
8003,Karan Mehta,24,Female,B+,9652251330
8004,Riya Kapoor,26,Female,A+,9265204378
8005,Karan Verma,47,Female,A+,9239276422
8006,Aman Sharma,42,Male,O-,9516472400
8007,Neha Gupta,35,Male,B-,9400470518
8008,Riya Sharma,29,Female,B-,9363752180
8009,Divya Patel,35,Male,O+,9785388322
8010,Anjali Reddy,20,Male,AB-,9261864014
8011,Sneha Mehta,23,Female,B-,9476887585
8012,Sneha Reddy,26,Male,O+,9644748889
8013,Divya Sharma,34,Female,AB-,9281969419
8014,Sahil Sharma,58,Male,B-,9458416662
8015,Pooja Reddy,27,Male,AB+,9138151639
8016,Arjun Mehta,33,Male,O+,9182526744
8017,Sneha Kapoor,57,Male,A+,9385982574
8018,Divya Singh,48,Female,B+,9310798247
8019,Rohan Sharma,50,Female,A+,9907464093
8020,Divya Patel,53,Male,B-,9459132995
8021,Divya Mehta,43,Male,AB-,9733578691
8022,Aman Singh,53,Female,B-,9757692922
8023,Aditya Gupta,51,Female,A+,9147025087
8024,Divya Mehta,49,Male,B-,9663312387
8025,Rahul Reddy,57,Male,O+,9776095938
8026,Sahil Sharma,54,Female,A+,9426398312
8027,Rohan Reddy,41,Male,A-,9588531893
8028,Arjun Sharma,39,Female,O+,9472599106
8029,Arjun Sharma,59,Female,AB-,9674352446
8030,Sahil Reddy,26,Male,B-,9281720193
8031,Pooja Singh,20,Female,B-,9119480979
8032,Priya Patel,33,Male,A-,9139920106
8033,Riya Reddy,24,Male,O+,9914755488
8034,Neha Mehta,55,Male,A-,9423434496
8035,Vikram Sharma,27,Female,A-,9243426610
8036,Vikram Kapoor,28,Female,A-,9389447522
8037,Rahul Singh,58,Female,AB-,9419917672
8038,Vikram Singh,34,Male,B+,9408425613
8039,Neha Sharma,27,Male,B+,9931073670
8040,Priya Sharma,19,Male,B-,9238955948
8041,Aditya Singh,52,Male,AB+,9811131477
8042,Neha Mehta,21,Female,A-,9866808832
8043,Neha Mehta,32,Male,AB-,9508700939
8044,Sneha Reddy,44,Male,AB+,9890826414
8045,Rohan Patel,49,Female,AB+,9160134448
8046,Aditya Reddy,55,Female,B-,9503688222
8047,Aman Gupta,18,Male,A+,9789276403
8048,Aditya Sharma,56,Male,O+,9364123139
8049,Neha Patel,21,Male,O-,9301528943
8050,Sneha Mehta,45,Female,B+,9552471380
8051,Aman Reddy,30,Female,B+,9731038065
8052,Vikram Gupta,38,Female,O-,9588426972
8053,Karan Singh,37,Male,B+,9168749420
8054,Rohan Patel,28,Male,B+,9299794583
8055,Anjali Kapoor,30,Male,B-,9636981177
8056,Arjun Singh,28,Male,AB-,9745734964
8057,Rahul Patel,27,Female,A+,9928296179
8058,Pooja Sharma,24,Female,AB+,9179897368
8059,Anjali Gupta,39,Male,B+,9733790023
8060,Vikram Gupta,41,Female,O-,9825152567
8061,Rahul Kapoor,54,Male,AB-,9137157460
8062,Rohan Patel,28,Male,B-,9790118493
8063,Aditya Gupta,25,Female,B-,9467226156
8064,Neha Kapoor,51,Female,AB-,9945854922
8065,Aman Sharma,39,Male,A+,9722024835
8066,Rohan Mehta,53,Female,AB-,9712443503
8067,Divya Sharma,50,Male,AB-,9968250755
8068,Kavya Singh,32,Male,B-,9115041804
8069,Rahul Reddy,18,Female,A-,9698668281
8070,Riya Gupta,50,Female,O+,9831509531
8071,Aditya Gupta,47,Female,B+,9897956120
8072,Sneha Gupta,53,Male,AB-,9793982715
8073,Sahil Mehta,20,Female,B+,9813578545
8074,Vikram Reddy,60,Male,B+,9457491265
8075,Vikram Mehta,58,Female,A-,9954678864
8076,Sneha Sharma,41,Female,O+,9291060902
8077,Pooja Verma,27,Female,O+,9578564209
8078,Riya Sharma,59,Female,A+,9893461373
8079,Arjun Patel,37,Female,A+,9366669337
8080,Karan Patel,35,Male,AB+,9922138458
8081,Arjun Kapoor,27,Male,O+,9443777282
8082,Rohan Kapoor,26,Female,A-,9416680621
8083,Neha Gupta,21,Male,O-,9176445850
8084,Divya Singh,35,Male,A-,9146182323
8085,Aman Mehta,44,Male,A+,9764749338
8086,Divya Kapoor,22,Male,B+,9490252482
8087,Anjali Patel,35,Female,AB+,9570328347
8088,Aditya Sharma,45,Female,O+,9411891678
8089,Pooja Singh,50,Female,B-,9139743258
8090,Aditya Sharma,47,Male,A+,9885696443
8091,Aman Sharma,24,Male,AB+,9411378208
8092,Rahul Mehta,43,Female,B+,9212512115
8093,Sneha Reddy,37,Male,A+,9400073854
8094,Rohan Verma,21,Male,O-,9282051312
8095,Karan Verma,36,Male,A+,9404115104
8096,Karan Sharma,44,Female,A+,9384434360
8097,Aman Singh,22,Male,O-,9143058015
8098,Rohan Kapoor,22,Male,AB-,9497787418
8099,Rahul Kapoor,23,Female,O-,9690165284
8100,Arjun Sharma,42,Female,A+,9927604206
8101,Riya Reddy,40,Male,AB+,9224570923
8102,Rohan Kapoor,40,Male,AB-,9532865819
8103,Rahul Mehta,25,Female,B+,9591588520
8104,Kavya Sharma,27,Male,AB-,9935840444
8105,Neha Patel,25,Male,AB-,9231173312
8106,Sneha Verma,45,Male,O-,9203309990
8107,Rohan Kapoor,41,Male,AB+,9220111214
8108,Priya Patel,24,Female,AB-,9111185738
8109,Rohan Reddy,29,Female,AB-,9331338680
8110,Sneha Sharma,49,Male,O-,9179866788
8111,Anjali Singh,18,Female,B+,9445645766
8112,Priya Gupta,38,Male,AB+,9121475719
8113,Riya Sharma,57,Female,B+,9441021467
8114,Neha Kapoor,44,Male,A-,9821718677
8115,Rahul Kapoor,22,Male,AB+,9929565196
8116,Priya Sharma,56,Male,B+,9996185113
8117,Aditya Verma,55,Male,B+,9654424488
8118,Aditya Gupta,22,Female,AB+,9768535718
8119,Vikram Mehta,34,Male,AB+,9859879700
8120,Arjun Sharma,27,Female,O+,9379815906
8121,Anjali Reddy,33,Female,O+,9569596185
8122,Rohan Verma,23,Male,AB-,9175237138
8123,Anjali Singh,47,Male,AB+,9302964836
8124,Rahul Patel,49,Female,O-,9763068422
8125,Neha Patel,47,Female,A-,9112425777
8126,Kavya Sharma,50,Male,AB+,9157776122
8127,Neha Mehta,23,Male,B-,9897143407
8128,Sneha Mehta,47,Male,A+,9703364442
8129,Anjali Kapoor,45,Female,A-,9989733332
8130,Sahil Singh,19,Male,O-,9987196170
8131,Vikram Mehta,25,Male,O+,9791931723
8132,Sahil Sharma,53,Female,O+,9933100010
8133,Sneha Verma,19,Female,A+,9823066479
8134,Neha Sharma,54,Male,O-,9519919239
8135,Kavya Kapoor,44,Male,O+,9345378445
8136,Karan Kapoor,55,Female,A+,9519970866
8137,Sahil Patel,59,Female,O+,9109220583
8138,Arjun Mehta,19,Male,A+,9464813446
8139,Priya Sharma,53,Male,A+,9546772685
8140,Anjali Mehta,21,Male,AB-,9498111121
8141,Riya Gupta,37,Male,AB+,9931974243
8142,Aman Singh,34,Male,O+,9170686976
8143,Sahil Sharma,41,Male,B+,9740192520
8144,Priya Reddy,43,Male,A-,9918537166
8145,Sneha Gupta,57,Male,O+,9629693754
8146,Rohan Sharma,33,Male,A-,9583096502
8147,Aditya Gupta,54,Male,A-,9923371676
8148,Kavya Patel,46,Female,AB-,9125008119
8149,Priya Gupta,30,Female,AB-,9789004986
8150,Karan Verma,39,Female,AB-,9792160090
8151,Vikram Singh,57,Female,A+,9869001184
8152,Neha Patel,20,Male,A+,9328608854
8153,Riya Reddy,36,Female,O-,9486620457
8154,Sahil Reddy,41,Male,AB-,9180542318
8155,Arjun Kapoor,34,Female,AB+,9316830911
8156,Vikram Reddy,18,Male,B+,9160903825
8157,Aditya Sharma,19,Male,O-,9679577225
8158,Aman Sharma,25,Male,B-,9780765884
8159,Vikram Sharma,50,Male,B-,9376040646
8160,Sneha Patel,18,Male,O-,9473121276
8161,Kavya Mehta,25,Female,O+,9190589039
8162,Rahul Reddy,43,Female,AB+,9385466313
8163,Priya Gupta,32,Female,O+,9870433284
8164,Aman Patel,59,Male,B+,9840304880
8165,Anjali Reddy,46,Male,O+,9212372246
8166,Rahul Mehta,35,Male,B+,9877571768
8167,Sahil Sharma,29,Female,O+,9481930633
8168,Arjun Singh,23,Female,O+,9680818548
8169,Sahil Gupta,57,Male,B-,9817984773
8170,Aditya Gupta,40,Male,A-,9671490087
8171,Priya Singh,32,Female,O-,9540899380
8172,Aman Gupta,37,Female,B-,9885890832
8173,Neha Reddy,32,Female,A+,9766235829
8174,Priya Mehta,46,Female,B-,9935278804
8175,Aditya Gupta,46,Female,B-,9212407643
8176,Karan Gupta,29,Male,A+,9270132120
8177,Pooja Singh,59,Female,AB-,9268652443
8178,Karan Gupta,43,Male,AB-,9174509308
8179,Anjali Verma,45,Female,O+,9889360227
8180,Rahul Patel,20,Male,A+,9505975771
8181,Riya Mehta,50,Female,B+,9857719054
8182,Pooja Singh,41,Female,AB-,9693096726
8183,Vikram Kapoor,53,Female,AB+,9854245898
8184,Priya Gupta,36,Female,A+,9840257492
8185,Neha Patel,30,Male,AB+,9504812197
8186,Sahil Sharma,51,Male,AB+,9415909271
8187,Sahil Sharma,26,Female,AB-,9341730233
8188,Anjali Kapoor,22,Female,B-,9123793600
8189,Kavya Sharma,47,Male,A+,9954621987
8190,Pooja Reddy,51,Female,A+,9181285188
8191,Divya Sharma,50,Male,B-,9397589429
8192,Arjun Verma,29,Male,AB+,9472655435
8193,Rohan Verma,50,Male,B-,9936165273
8194,Kavya Verma,37,Female,AB+,9255376394
8195,Divya Sharma,47,Female,B-,9665175980
8196,Vikram Sharma,30,Female,A+,9798324156
8197,Priya Reddy,50,Female,O-,9579382789
8198,Arjun Mehta,18,Male,AB-,9304129334
8199,Arjun Reddy,58,Female,A+,9800412860
8200,Neha Patel,46,Male,B-,9517740470
8201,Aman Gupta,29,Female,O-,9401550542
8202,Aman Mehta,23,Female,B-,9260879936
8203,Arjun Patel,44,Male,AB+,9645787884
8204,Anjali Gupta,59,Male,O+,9423984324
8205,Arjun Verma,46,Male,O-,9831421964
8206,Divya Reddy,48,Male,A+,9918698805
8207,Sahil Verma,34,Female,A+,9185927026
8208,Kavya Gupta,23,Female,AB+,9127542512
8209,Priya Sharma,55,Male,AB-,9542724144
8210,Karan Mehta,56,Female,B+,9579006020
8211,Neha Reddy,48,Female,O+,9452707359
8212,Rohan Sharma,26,Male,AB+,9605838347
8213,Sneha Gupta,40,Male,B-,9585013387
8214,Rohan Sharma,26,Male,O+,9978803939
8215,Divya Patel,39,Male,B-,9816859649
8216,Sahil Reddy,41,Female,B+,9587774390
8217,Divya Gupta,39,Female,A+,9351647359
8218,Pooja Kapoor,56,Female,AB-,9765907573
8219,Divya Mehta,33,Female,AB+,9774717908
8220,Anjali Singh,21,Female,O-,9136106103
8221,Arjun Gupta,34,Female,O+,9484454281
8222,Karan Sharma,22,Female,O+,9929479146
8223,Anjali Reddy,21,Female,B-,9649157220
8224,Arjun Singh,51,Female,A-,9479229271
8225,Neha Gupta,59,Female,B-,9126470538
8226,Vikram Reddy,33,Female,AB+,9390250433
8227,Anjali Gupta,21,Male,AB+,9980608312
8228,Rahul Gupta,45,Female,A+,9679029002
8229,Aditya Patel,30,Female,B+,9623599280
8230,Anjali Gupta,46,Female,A-,9219650525
8231,Divya Reddy,53,Female,B-,9615852787
8232,Aman Mehta,44,Male,O+,9268426907
8233,Aman Reddy,31,Female,O-,9192130591
8234,Neha Reddy,30,Male,AB+,9121531226
8235,Karan Verma,54,Male,O+,9556514215
8236,Riya Verma,45,Male,AB+,9901797651
8237,Sahil Patel,48,Female,B+,9890865137
8238,Aman Singh,29,Female,O-,9711493663
8239,Anjali Singh,34,Female,O+,9800351824
8240,Riya Reddy,20,Female,A-,9521360893
8241,Aditya Verma,58,Female,AB-,9594193962
8242,Vikram Mehta,47,Female,B+,9306460573
8243,Arjun Singh,56,Male,A+,9943045808
8244,Karan Gupta,22,Male,O-,9356814239
8245,Rohan Mehta,35,Male,AB+,9613605555
8246,Sneha Verma,40,Female,B+,9294059834
8247,Aman Verma,54,Female,A-,9577402399
8248,Aman Sharma,46,Male,O+,9589852360
8249,Kavya Patel,60,Male,A-,9324983762
8250,Sneha Patel,37,Female,B-,9694355476
8251,Karan Kapoor,43,Female,B+,9474499963
8252,Arjun Sharma,32,Female,B-,9360998307
8253,Anjali Verma,20,Male,B+,9462171949
8254,Pooja Patel,46,Female,A-,9413783793
8255,Divya Reddy,48,Male,B-,9202319757
8256,Kavya Sharma,41,Female,B+,9496952528
8257,Karan Singh,20,Male,AB+,9960724509
8258,Karan Mehta,37,Female,O+,9963941433
8259,Karan Patel,48,Male,O+,9637464019
8260,Riya Kapoor,44,Female,AB+,9872402854
8261,Pooja Verma,19,Female,B-,9907014872
8262,Vikram Patel,46,Male,B+,9780493765
8263,Rahul Patel,19,Female,B+,9723376319
8264,Pooja Singh,57,Male,A-,9196185696
8265,Anjali Gupta,46,Female,B-,9789660398
8266,Arjun Sharma,45,Female,B+,9164159765
8267,Karan Reddy,26,Male,A-,9248610659
8268,Rahul Kapoor,50,Male,B-,9730848243
8269,Priya Verma,41,Male,AB-,9767522383
8270,Divya Gupta,49,Female,A-,9566622985
8271,Priya Patel,50,Male,B-,9140933073
8272,Pooja Sharma,18,Female,AB+,9551002446
8273,Rahul Verma,30,Male,AB+,9326799528
8274,Neha Patel,18,Female,O-,9381309620
8275,Karan Singh,24,Male,A-,9469402196
8276,Rohan Mehta,57,Male,A-,9914516438
8277,Kavya Verma,56,Female,A+,9746679890
8278,Aman Kapoor,42,Female,A-,9626246201
8279,Riya Mehta,54,Male,A+,9987649744
8280,Divya Gupta,52,Male,O+,9126906578
8281,Rahul Verma,44,Male,A-,9912094925
8282,Aman Mehta,60,Male,O+,9119375139
8283,Sahil Gupta,31,Female,AB-,9778247209
8284,Karan Gupta,56,Female,B-,9235397475
8285,Priya Sharma,55,Female,A+,9225132503
8286,Divya Kapoor,39,Male,A+,9485271309
8287,Neha Singh,40,Female,B+,9430996315
8288,Rahul Gupta,56,Female,A+,9384250200
8289,Riya Gupta,53,Female,AB-,9482549738
8290,Sneha Patel,54,Male,B+,9870400694
8291,Pooja Sharma,39,Female,AB+,9207097595
8292,Aman Kapoor,41,Male,A-,9772985939
8293,Rahul Kapoor,50,Male,O+,9974372947
8294,Sahil Reddy,46,Male,AB-,9266616350
8295,Aman Mehta,50,Female,A+,9380419524
8296,Karan Gupta,27,Male,A+,9951371314
8297,Vikram Mehta,52,Female,O-,9651819291
8298,Karan Sharma,30,Female,A+,9330160480
8299,Aditya Reddy,31,Male,B+,9155558448
8300,Divya Patel,54,Female,AB-,9320387885
8301,Priya Reddy,34,Female,A-,9963053560
8302,Karan Gupta,19,Female,A-,9393990705
8303,Rahul Mehta,21,Male,A-,9360655355
8304,Sahil Verma,49,Male,A+,9139947529
8305,Rohan Mehta,37,Male,B+,9832311895
8306,Karan Gupta,50,Male,A+,9878608437
8307,Pooja Mehta,28,Female,AB-,9367368796
8308,Sahil Singh,38,Female,O+,9184092611
8309,Rohan Gupta,24,Male,O-,9165761986
8310,Aman Sharma,57,Male,B+,9230091781
8311,Arjun Singh,55,Female,A-,9632847131
8312,Riya Verma,25,Male,AB+,9653091495
8313,Neha Singh,34,Male,O+,9904723255
8314,Arjun Singh,44,Male,B+,9232553305
8315,Sahil Patel,54,Female,A-,9854512582
8316,Priya Sharma,22,Male,B+,9861935585
8317,Karan Kapoor,19,Male,O+,9588291164
8318,Sahil Mehta,41,Female,O-,9363858387
8319,Anjali Kapoor,53,Male,O+,9642176433
8320,Pooja Verma,36,Male,AB+,9402313006
8321,Sahil Singh,29,Male,O-,9383295011
8322,Priya Mehta,30,Male,AB-,9883960174
8323,Divya Sharma,57,Female,B+,9663401550
8324,Aman Patel,52,Male,O+,9263643097
8325,Arjun Reddy,49,Male,A-,9128217037
8326,Kavya Singh,47,Female,A-,9154128153
8327,Divya Verma,40,Female,A-,9500640996
8328,Arjun Mehta,23,Female,AB-,9871143088
8329,Divya Singh,57,Female,AB+,9365019222
8330,Arjun Singh,26,Male,O-,9312867857
8331,Vikram Gupta,27,Female,O-,9790533948
8332,Anjali Sharma,60,Male,A+,9266339831
8333,Aman Reddy,29,Female,AB-,9932077864
8334,Sneha Kapoor,34,Male,A+,9435402974
8335,Arjun Reddy,51,Male,B-,9214557045
8336,Pooja Mehta,42,Male,AB-,9343884449
8337,Priya Kapoor,21,Male,AB+,9170160988
8338,Neha Sharma,18,Male,A-,9326488454
8339,Aman Gupta,45,Female,AB+,9298549560
8340,Aman Gupta,33,Female,O-,9639204081
8341,Rahul Mehta,39,Male,B+,9613702456
8342,Kavya Sharma,60,Male,O+,9156987754
8343,Pooja Reddy,43,Female,O-,9847143182
8344,Anjali Mehta,43,Female,AB+,9183597383
8345,Aman Kapoor,40,Male,O-,9841949350
8346,Riya Gupta,57,Female,O-,9280273312
8347,Aditya Patel,30,Male,O+,9643345124
8348,Rahul Sharma,46,Male,A-,9761377832
8349,Pooja Reddy,38,Male,AB-,9781823692
8350,Anjali Singh,20,Male,A-,9254654798
8351,Kavya Sharma,36,Male,B+,9851288424
8352,Divya Kapoor,33,Male,B-,9920293582
8353,Aman Gupta,32,Male,A-,9536241588
8354,Aman Patel,43,Female,AB+,9828220873
8355,Pooja Patel,55,Female,A+,9623704691
8356,Sneha Verma,56,Female,A-,9950196257
8357,Sneha Verma,41,Female,O-,9237850097
8358,Neha Sharma,30,Female,A-,9445708610
8359,Divya Patel,18,Male,O+,9423652273
8360,Vikram Kapoor,43,Male,AB+,9463910686
8361,Pooja Patel,55,Male,O-,9174291273
8362,Rohan Reddy,59,Female,AB-,9127709863
8363,Rahul Mehta,59,Female,A-,9172476398
8364,Kavya Gupta,58,Female,AB+,9152701535
8365,Priya Singh,49,Female,AB+,9282520146
8366,Rohan Gupta,32,Female,B-,9535954016
8367,Sahil Patel,21,Female,AB+,9678460106
8368,Sahil Reddy,25,Male,A-,9537139309
8369,Aman Singh,49,Female,B-,9417663825
8370,Aditya Reddy,36,Female,O-,9656069676
8371,Pooja Mehta,26,Female,B-,9842613040
8372,Neha Verma,58,Male,AB-,9546026389
8373,Kavya Mehta,36,Male,B-,9949480153
8374,Arjun Gupta,58,Female,AB-,9810683807
8375,Aditya Reddy,58,Male,O-,9745456319
8376,Priya Reddy,46,Male,AB+,9777437309
8377,Divya Mehta,31,Male,A+,9176489253
8378,Kavya Kapoor,24,Female,A-,9262513462
8379,Kavya Singh,40,Male,A-,9785384947
8380,Anjali Mehta,42,Female,B+,9377382737
8381,Priya Mehta,41,Female,B+,9450593548
8382,Sneha Reddy,48,Female,AB-,9562857982
8383,Arjun Singh,59,Female,AB+,9267180049
8384,Rohan Kapoor,46,Female,B+,9642546708
8385,Vikram Singh,19,Male,B+,9155070211
8386,Rohan Verma,18,Female,AB+,9712930670
8387,Sahil Sharma,47,Male,O+,9465561036
8388,Anjali Sharma,24,Female,O-,9550298595
8389,Priya Patel,46,Male,O-,9282794497
8390,Divya Sharma,21,Male,B+,9225858849
8391,Arjun Patel,57,Male,B+,9163575146
8392,Divya Sharma,45,Female,A+,9526233641
8393,Sahil Verma,39,Female,AB+,9818807833
8394,Divya Singh,31,Female,AB+,9723171412
8395,Rohan Verma,24,Male,A+,9953368854
8396,Anjali Sharma,52,Female,O-,9533696439
8397,Priya Gupta,21,Female,B+,9363016378
8398,Anjali Verma,41,Male,O-,9438277438
8399,Sneha Patel,48,Male,O+,9129487804
8400,Arjun Patel,40,Male,A-,9390566576
8401,Karan Gupta,29,Male,A+,9631784418
8402,Priya Gupta,31,Male,A+,9589014574
8403,Aditya Singh,28,Male,O-,9372513486
8404,Arjun Kapoor,43,Female,AB+,9276515523
8405,Sahil Sharma,23,Female,O+,9841905225
8406,Kavya Reddy,31,Male,A-,9211487814
8407,Aman Kapoor,20,Female,B+,9837703279
8408,Vikram Kapoor,51,Male,AB-,9276521937
8409,Vikram Kapoor,47,Female,AB-,9147497997
8410,Rohan Gupta,51,Male,O+,9801138556
8411,Neha Singh,34,Female,O+,9689364444
8412,Rohan Patel,20,Female,A-,9865479453
8413,Anjali Patel,24,Female,AB-,9448839839
8414,Pooja Singh,47,Male,B-,9807261692
8415,Kavya Sharma,26,Male,AB+,9819770462
8416,Sahil Verma,42,Male,AB+,9608503668
8417,Sahil Verma,21,Male,O+,9810812814
8418,Divya Gupta,36,Male,A+,9913447933
8419,Rohan Kapoor,49,Female,A+,9279268731
8420,Riya Reddy,20,Female,A+,9320744990
8421,Arjun Patel,28,Male,O-,9977807193
8422,Anjali Gupta,43,Female,AB-,9968114487
8423,Sahil Sharma,36,Female,A-,9191297750
8424,Priya Patel,38,Female,B-,9288915804
8425,Anjali Patel,49,Male,A-,9182609769
8426,Kavya Mehta,25,Male,AB-,9747231351
8427,Anjali Reddy,29,Male,O+,9740867416
8428,Pooja Singh,27,Male,B+,9473824367
8429,Neha Gupta,22,Female,AB-,9948946640
8430,Kavya Patel,23,Female,O+,9501973253
8431,Kavya Singh,28,Female,AB-,9659208443
8432,Neha Patel,45,Male,O-,9728468389
8433,Karan Kapoor,60,Female,A+,9651663053
8434,Karan Kapoor,48,Male,O+,9782373300
8435,Sneha Mehta,58,Male,O+,9545224931
8436,Sahil Patel,59,Male,A+,9616823668
8437,Divya Patel,39,Male,A+,9127105755
8438,Priya Singh,27,Female,AB-,9114517547
8439,Karan Patel,60,Male,AB+,9605022972
8440,Rahul Singh,53,Male,B-,9338495118
8441,Aditya Verma,34,Male,A-,9331842303
8442,Kavya Gupta,46,Male,O-,9988879100
8443,Neha Singh,58,Male,O+,9877165316
8444,Rohan Mehta,34,Male,O-,9983933222
8445,Riya Singh,57,Male,B-,9524364548
8446,Karan Singh,37,Male,O-,9286682166
8447,Aman Mehta,57,Male,O+,9180859009
8448,Rahul Sharma,56,Male,AB+,9120844530
8449,Karan Kapoor,43,Male,O-,9257402023
8450,Rohan Gupta,39,Male,B+,9619587950
8451,Divya Gupta,26,Female,O-,9349719433
8452,Vikram Reddy,29,Male,B+,9209423609
8453,Arjun Mehta,33,Male,AB-,9153885310
8454,Sneha Patel,57,Male,B+,9708487614
8455,Aditya Gupta,41,Male,A-,9856581600
8456,Sahil Mehta,22,Female,A+,9686956662
8457,Sahil Singh,36,Female,A-,9341310634
8458,Karan Patel,45,Male,AB-,9988994885
8459,Aditya Mehta,27,Female,O+,9898725265
8460,Pooja Reddy,22,Male,A-,9327844550
8461,Vikram Sharma,47,Male,B-,9891152698
8462,Sneha Verma,52,Female,O+,9453922759
8463,Divya Sharma,44,Male,O+,9723090844
8464,Arjun Verma,42,Female,O+,9796648899
8465,Divya Mehta,57,Male,O+,9985558911
8466,Riya Reddy,43,Male,B+,9248081471
8467,Karan Patel,35,Female,AB-,9836890058
8468,Sneha Gupta,33,Female,A+,9892370297
8469,Rohan Kapoor,34,Male,AB+,9751866304
8470,Sneha Patel,27,Female,B-,9228463438
8471,Kavya Reddy,48,Female,AB+,9258821771
8472,Anjali Singh,24,Male,AB+,9240863869
8473,Sneha Reddy,30,Male,A+,9349725016
8474,Rohan Reddy,31,Male,O-,9450751847
8475,Sneha Sharma,60,Male,AB-,9680302814
8476,Neha Mehta,18,Male,B-,9280701731
8477,Kavya Verma,19,Female,AB-,9322555053
8478,Arjun Verma,31,Female,O+,9885833851
8479,Karan Gupta,32,Male,O-,9183589426
8480,Aman Patel,32,Male,AB-,9380452684
8481,Aditya Verma,40,Female,B-,9361035316
8482,Anjali Mehta,37,Male,O-,9959865632
8483,Riya Singh,27,Male,O+,9679180490
8484,Vikram Gupta,39,Male,B+,9649994167
8485,Pooja Mehta,47,Male,O+,9715150641
8486,Sneha Verma,45,Male,AB-,9414968350
8487,Karan Verma,37,Female,B-,9883456739
8488,Riya Mehta,24,Male,B-,9655441350
8489,Riya Verma,32,Female,O-,9843385656
8490,Pooja Patel,23,Female,A-,9561007273
8491,Rahul Mehta,35,Male,B-,9586056317
8492,Rahul Reddy,60,Male,O+,9604250721
8493,Aman Singh,49,Female,O-,9104360672
8494,Riya Mehta,33,Male,B+,9215982655
8495,Aditya Gupta,18,Female,O-,9250782082
8496,Riya Reddy,27,Male,AB+,9195641283
8497,Riya Singh,57,Male,A-,9761275560
8498,Sneha Patel,46,Female,AB-,9898207387
8499,Sahil Gupta,49,Female,A+,9936589506
8500,Sneha Singh,58,Female,AB-,9364959887
8501,Sneha Reddy,39,Female,A+,9379706240
8502,Sahil Verma,45,Male,AB+,9858064153
8503,Neha Gupta,21,Male,O-,9234969671
8504,Sahil Reddy,39,Female,AB-,9572454090
8505,Riya Sharma,55,Female,A-,9377023965
8506,Vikram Mehta,60,Male,AB-,9521247254
8507,Karan Patel,21,Male,AB-,9793987006
8508,Arjun Singh,50,Male,B-,9224431802
8509,Karan Singh,57,Female,O-,9649479256
8510,Karan Gupta,30,Female,AB-,9763134880
8511,Sneha Reddy,47,Female,B-,9650020372
8512,Divya Patel,60,Male,B+,9458741964
8513,Rohan Kapoor,49,Female,B-,9551974018
8514,Sahil Singh,50,Female,A-,9182492452
8515,Aditya Verma,45,Female,B-,9783888869
8516,Arjun Mehta,40,Male,AB+,9496535024
8517,Priya Patel,60,Female,B+,9751671590
8518,Rohan Patel,33,Male,O-,9855783163
8519,Vikram Mehta,38,Female,A-,9579612511
8520,Karan Gupta,32,Male,AB+,9707708361
8521,Sneha Gupta,28,Male,AB-,9371048172
8522,Pooja Sharma,55,Female,O-,9518089405
8523,Vikram Gupta,27,Female,O-,9380999895
8524,Priya Gupta,19,Female,B+,9899503603
8525,Kavya Reddy,19,Male,AB-,9370032751
8526,Aditya Patel,42,Male,A+,9586165748
8527,Aditya Reddy,38,Male,A+,9725754082
8528,Rahul Patel,59,Female,A-,9767286446
8529,Pooja Sharma,49,Male,B-,9401174056
8530,Riya Verma,41,Male,AB+,9227070399
8531,Aman Reddy,21,Male,B+,9249420033
8532,Priya Singh,38,Male,B-,9763770596
8533,Rahul Sharma,29,Female,A+,9168746409
8534,Aman Gupta,46,Female,O-,9289498914
8535,Priya Mehta,41,Female,B+,9358382922
8536,Kavya Kapoor,57,Male,AB+,9758415431
8537,Kavya Mehta,48,Female,AB-,9504525242
8538,Pooja Gupta,26,Female,B-,9310002689
8539,Karan Kapoor,58,Female,O+,9467917280
8540,Aman Sharma,31,Female,B-,9950385273
8541,Priya Singh,36,Male,B-,9144176524
8542,Sneha Patel,21,Female,AB+,9810259792
8543,Rohan Sharma,30,Female,B-,9412091602
8544,Sneha Reddy,48,Male,B-,9405700100
8545,Neha Sharma,47,Male,B+,9993317733
8546,Sneha Singh,23,Female,A+,9565825031
8547,Karan Singh,32,Male,O+,9595323153
8548,Sneha Verma,60,Male,A+,9265626229
8549,Neha Kapoor,43,Female,A+,9927162323
8550,Vikram Mehta,46,Female,B-,9940028233
8551,Divya Patel,37,Female,A-,9174633954
8552,Karan Mehta,36,Female,B+,9661964663
8553,Sahil Kapoor,55,Female,B+,9428742046
8554,Rahul Singh,32,Female,B+,9161826598
8555,Neha Verma,48,Female,A-,9380618945
8556,Arjun Sharma,56,Male,A+,9803189659
8557,Karan Mehta,48,Male,O+,9761117553
8558,Neha Mehta,33,Male,A+,9511184800
8559,Kavya Kapoor,32,Male,B+,9577433252
8560,Sahil Mehta,31,Female,A+,9291131487
8561,Pooja Patel,43,Male,B-,9698438953
8562,Divya Mehta,39,Male,A+,9178840986
8563,Rahul Verma,58,Female,AB+,9425061214
8564,Pooja Gupta,49,Male,A+,9579515163
8565,Rohan Sharma,41,Male,O-,9114948617
8566,Karan Singh,28,Male,O-,9589909151
8567,Arjun Sharma,26,Female,AB+,9903388129
8568,Neha Verma,19,Male,B+,9106696816
8569,Rohan Verma,21,Male,O-,9240918542
8570,Aman Sharma,27,Female,B+,9739348055
8571,Arjun Reddy,38,Female,A-,9267247723
8572,Riya Kapoor,47,Male,A+,9630289419
8573,Riya Kapoor,31,Male,B+,9270038592
8574,Divya Verma,47,Female,O+,9569123221
8575,Anjali Verma,28,Female,AB+,9548709436
8576,Anjali Verma,31,Male,AB+,9491294703
8577,Divya Singh,58,Female,O+,9476300867
8578,Sahil Singh,22,Male,AB-,9742380317
8579,Priya Gupta,37,Male,AB+,9635214874
8580,Divya Kapoor,46,Female,B-,9910983003
8581,Aditya Singh,40,Female,AB+,9926403155
8582,Divya Patel,37,Female,O+,9548494707
8583,Divya Mehta,49,Female,A+,9445269116
8584,Sneha Patel,41,Male,O+,9598172293
8585,Riya Gupta,39,Male,A-,9501639755
8586,Rahul Mehta,57,Male,AB-,9543273027
8587,Aditya Sharma,37,Male,O+,9381686001
8588,Sahil Reddy,57,Female,A+,9883274107
8589,Priya Gupta,43,Female,A+,9843697876
8590,Sahil Kapoor,50,Male,AB-,9133997512
8591,Pooja Verma,44,Male,O-,9454592270
8592,Rahul Singh,19,Male,B+,9459306088
8593,Anjali Verma,29,Male,A+,9287430448
8594,Pooja Gupta,42,Male,O-,9505910044
8595,Neha Mehta,24,Female,O-,9382990529
8596,Kavya Verma,38,Male,B+,9822548225
8597,Arjun Gupta,41,Male,AB-,9340092992
8598,Neha Mehta,50,Female,A-,9565206355
8599,Divya Kapoor,40,Female,B+,9243312756
8600,Kavya Mehta,23,Male,A+,9713473769
8601,Priya Verma,53,Male,O-,9816580101
8602,Pooja Reddy,33,Male,A-,9185426988
8603,Pooja Patel,33,Male,O+,9127332786
8604,Sneha Sharma,38,Male,AB+,9822152346
8605,Arjun Patel,58,Male,O-,9796685969
8606,Rohan Sharma,19,Female,O-,9494089414
8607,Karan Gupta,36,Female,AB+,9280420638
8608,Aman Sharma,37,Male,A+,9825749556
8609,Pooja Verma,50,Male,O+,9444174852
8610,Rohan Sharma,47,Female,B+,9448355712
8611,Arjun Sharma,41,Female,A-,9459268154
8612,Sneha Sharma,54,Male,O-,9496930274
8613,Aditya Reddy,18,Female,O+,9805844077
8614,Rahul Patel,23,Female,AB+,9221059325
8615,Karan Mehta,24,Male,AB+,9946301242
8616,Karan Patel,56,Female,AB-,9731325277
8617,Divya Singh,49,Female,A+,9844290501
8618,Riya Singh,26,Female,A-,9981139661
8619,Divya Patel,54,Female,A+,9567036771
8620,Rahul Singh,49,Female,A-,9120870415
8621,Rahul Singh,32,Female,A-,9806545295
8622,Vikram Sharma,57,Female,AB-,9729595924
8623,Sahil Verma,39,Female,B-,9855807678
8624,Rohan Gupta,30,Female,O+,9315218802
8625,Karan Reddy,40,Female,A-,9360642589
8626,Kavya Reddy,18,Male,A-,9776329583
8627,Aman Verma,32,Male,O-,9755095145
8628,Arjun Singh,31,Male,A-,9385560994
8629,Neha Singh,35,Male,O-,9113370283
8630,Aditya Verma,27,Female,O-,9928799883
8631,Riya Kapoor,33,Female,A+,9650477392
8632,Aman Kapoor,29,Male,A+,9991782386
8633,Vikram Singh,21,Female,AB+,9657335608
8634,Pooja Kapoor,38,Male,O-,9652877423
8635,Sneha Patel,34,Female,O-,9219624771
8636,Priya Gupta,27,Female,A+,9115955433
8637,Anjali Gupta,28,Male,AB+,9921265394
8638,Sneha Reddy,20,Male,B-,9773040635
8639,Sneha Kapoor,49,Female,AB+,9325069866
8640,Rohan Sharma,32,Male,AB-,9893344266
8641,Kavya Singh,39,Male,O-,9339692546
8642,Neha Kapoor,40,Male,B-,9538629751
8643,Anjali Singh,21,Male,AB-,9267458221
8644,Kavya Patel,53,Female,AB+,9533839690
8645,Anjali Verma,23,Female,O-,9109332496
8646,Priya Patel,28,Male,B+,9213569130
8647,Vikram Gupta,18,Female,O+,9564616355
8648,Pooja Mehta,60,Male,O+,9263601423
8649,Vikram Verma,33,Female,A+,9779663708
8650,Sneha Verma,33,Female,AB+,9750410226
8651,Sahil Mehta,19,Male,A-,9986113192
8652,Pooja Gupta,40,Female,AB+,9889507794
8653,Aditya Singh,40,Female,O-,9257547257
8654,Priya Gupta,49,Female,AB+,9234807801
8655,Sneha Reddy,41,Female,B-,9710967049
8656,Rohan Sharma,34,Female,AB-,9208331135
8657,Pooja Gupta,34,Female,O+,9844924975
8658,Divya Reddy,37,Male,AB+,9893755835
8659,Arjun Singh,38,Male,O+,9419965380
8660,Sahil Mehta,19,Male,A+,9368437858
8661,Neha Verma,48,Female,B+,9182077677
8662,Neha Verma,32,Female,O-,9465322300
8663,Rohan Kapoor,57,Male,O-,9620650669
8664,Kavya Singh,46,Male,AB-,9369894890
8665,Vikram Singh,34,Male,B+,9440738074
8666,Rahul Kapoor,51,Male,AB+,9913112708
8667,Sneha Singh,36,Female,B+,9293732723
8668,Neha Reddy,27,Male,O-,9419462027
8669,Aman Reddy,40,Male,O-,9152932142
8670,Priya Patel,33,Male,B-,9739693188
8671,Kavya Reddy,31,Male,AB-,9271046626
8672,Sneha Sharma,51,Female,B-,9787365862
8673,Aditya Mehta,40,Male,O+,9343058651
8674,Anjali Verma,51,Female,AB-,9207475295
8675,Priya Mehta,50,Male,A-,9207063686
8676,Rohan Singh,53,Male,O-,9978216696
8677,Neha Gupta,26,Male,O+,9374026399
8678,Karan Kapoor,60,Female,AB-,9301943131
8679,Pooja Kapoor,30,Female,O-,9864812317
8680,Sneha Reddy,26,Male,AB+,9154208962
8681,Karan Singh,36,Male,AB+,9932338560
8682,Karan Sharma,19,Male,O-,9341561590
8683,Sneha Patel,30,Male,B+,9415025311
8684,Neha Sharma,60,Female,B+,9428330218
8685,Rohan Reddy,50,Male,A+,9621773776
8686,Sneha Singh,23,Male,AB-,9632316924
8687,Riya Verma,21,Male,AB+,9219707861
8688,Anjali Reddy,28,Female,AB+,9799490391
8689,Divya Singh,20,Female,O+,9712612675
8690,Aman Mehta,27,Male,A-,9196662687
8691,Aditya Reddy,50,Female,A-,9557659224
8692,Sahil Mehta,21,Male,A+,9156522788
8693,Divya Gupta,36,Male,B+,9601191018
8694,Aditya Patel,21,Male,B+,9338662729
8695,Sneha Patel,26,Female,O-,9495021247
8696,Aman Sharma,20,Male,B-,9514395138
8697,Riya Mehta,48,Female,B-,9728768651
8698,Kavya Kapoor,53,Female,O-,9786003930
8699,Aman Gupta,41,Male,O+,9343601481
8700,Priya Singh,24,Male,A-,9675476723
8701,Anjali Kapoor,44,Male,O-,9243987215
8702,Arjun Verma,23,Male,A+,9898795648
8703,Karan Verma,21,Male,O+,9264159238
8704,Neha Reddy,19,Female,A+,9511879881
8705,Aditya Gupta,53,Male,AB-,9271872864
8706,Vikram Singh,38,Female,O+,9461492636
8707,Rohan Reddy,42,Male,A-,9564389942
8708,Aman Gupta,41,Female,A+,9321515695
8709,Sahil Mehta,32,Female,AB+,9270248417
8710,Karan Reddy,28,Female,O+,9555415851
8711,Aditya Patel,26,Male,O+,9849427022
8712,Kavya Patel,22,Female,AB+,9791507040
8713,Aditya Sharma,35,Female,AB-,9278375894
8714,Vikram Gupta,28,Male,AB-,9741423035
8715,Riya Gupta,27,Female,AB+,9748849716
8716,Aditya Sharma,42,Female,B-,9617851234
8717,Aman Patel,20,Male,AB+,9906092318
8718,Kavya Kapoor,22,Male,O+,9149808078
8719,Sneha Mehta,42,Female,B-,9707901875
8720,Divya Singh,23,Male,AB-,9400603907
8721,Anjali Gupta,18,Male,AB-,9124603960
8722,Rohan Kapoor,58,Female,A+,9855643333
8723,Riya Sharma,51,Male,AB-,9666186334
8724,Divya Mehta,50,Male,O+,9380096987
8725,Arjun Gupta,58,Female,AB-,9921979473
8726,Aditya Reddy,34,Male,AB-,9887751495
8727,Pooja Singh,58,Male,AB+,9328702964
8728,Sahil Singh,48,Female,O+,9653118129
8729,Rohan Reddy,51,Female,A+,9966294145
8730,Aditya Patel,48,Male,AB-,9349719101
8731,Priya Verma,39,Male,O+,9571458434
8732,Rohan Mehta,24,Male,B-,9829420882
8733,Anjali Gupta,44,Female,A-,9793321639
8734,Vikram Reddy,39,Male,B-,9571484830
8735,Sneha Sharma,18,Male,AB-,9757597694
8736,Sahil Kapoor,38,Male,O-,9476737740
8737,Aditya Sharma,41,Male,B+,9144624674
8738,Neha Patel,22,Male,A+,9169902123
8739,Pooja Gupta,44,Female,A-,9767629221
8740,Kavya Singh,54,Female,A-,9806279043
8741,Priya Kapoor,45,Female,AB-,9669712539
8742,Rahul Patel,54,Male,B+,9861454777
8743,Rohan Sharma,22,Male,O-,9183336255
8744,Karan Sharma,33,Female,A+,9764763013
8745,Aditya Verma,51,Female,O+,9994967818
8746,Aditya Sharma,53,Female,O-,9958656840
8747,Neha Reddy,31,Male,O+,9961098455
8748,Vikram Reddy,40,Male,O-,9432353124
8749,Riya Sharma,23,Male,A+,9529190038
8750,Aditya Reddy,36,Male,A+,9738236338
8751,Aditya Sharma,22,Male,B+,9497707091
8752,Sahil Patel,22,Male,O+,9200664658
8753,Rahul Mehta,33,Female,A+,9106950543
8754,Kavya Sharma,19,Male,A+,9260703079
8755,Vikram Singh,25,Male,O+,9700869078
8756,Karan Sharma,38,Male,A+,9230883404
8757,Aman Verma,42,Male,AB+,9879838251
8758,Sneha Sharma,42,Female,O+,9761420457
8759,Kavya Verma,20,Male,AB+,9759143768
8760,Pooja Verma,23,Female,B-,9997589820
8761,Anjali Singh,27,Female,A-,9709262367
8762,Sahil Gupta,26,Female,O+,9230505706
8763,Riya Reddy,27,Male,A-,9620423333
8764,Rahul Singh,38,Female,AB+,9944705593
8765,Sahil Mehta,38,Male,B+,9858179074
8766,Rohan Singh,23,Male,AB-,9995318982
8767,Rohan Sharma,39,Female,AB-,9763237878
8768,Arjun Sharma,28,Female,B+,9370402157
8769,Vikram Patel,31,Male,AB-,9292669447
8770,Neha Verma,60,Female,AB-,9408682121
8771,Aditya Reddy,25,Male,B+,9102556475
8772,Vikram Sharma,43,Male,B-,9761007660
8773,Vikram Sharma,33,Male,O+,9582767757
8774,Riya Reddy,35,Female,B+,9291004412
8775,Kavya Sharma,49,Male,A+,9147134090
8776,Pooja Patel,32,Male,O+,9548199695
8777,Sahil Reddy,45,Male,O+,9133980070
8778,Anjali Patel,59,Female,A-,9784442342
8779,Priya Gupta,49,Male,O+,9419765920
8780,Arjun Gupta,38,Female,AB+,9537050815
8781,Divya Reddy,47,Male,B-,9838590795
8782,Aditya Verma,40,Male,AB+,9279650115
8783,Aditya Kapoor,58,Male,O-,9926516119
8784,Karan Singh,29,Female,O+,9557682376
8785,Arjun Gupta,52,Female,B+,9636462234
8786,Pooja Gupta,45,Female,AB-,9774322122
8787,Rohan Sharma,30,Male,A+,9266777356
8788,Sneha Gupta,32,Female,O+,9450424566
8789,Pooja Mehta,30,Male,B-,9246512395
8790,Neha Gupta,39,Male,B-,9474852861
8791,Sahil Patel,50,Male,B+,9931283194
8792,Riya Mehta,48,Female,AB+,9749390304
8793,Vikram Sharma,32,Male,A-,9316718138
8794,Neha Reddy,58,Female,A-,9950766318
8795,Aman Mehta,47,Female,A+,9206621108
8796,Pooja Verma,25,Male,AB-,9903904981
8797,Sneha Patel,27,Male,A-,9479736060
8798,Neha Gupta,28,Male,A-,9484603044
8799,Aditya Patel,39,Male,A-,9504127286
8800,Karan Reddy,58,Female,A+,9496343764
8801,Aditya Singh,25,Female,A-,9141309563
8802,Aman Sharma,19,Female,AB+,9337253834
8803,Rahul Sharma,26,Female,O-,9341900285
8804,Vikram Sharma,42,Female,O+,9707587578
8805,Pooja Singh,46,Female,B-,9694433029
8806,Rahul Singh,42,Male,B+,9522598581
8807,Aditya Patel,32,Male,A-,9432211294
8808,Neha Verma,21,Female,AB-,9345546561
8809,Kavya Verma,35,Male,AB+,9299661609
8810,Riya Gupta,26,Male,A+,9952676878
8811,Sahil Gupta,42,Male,AB+,9313408717
8812,Karan Verma,44,Female,AB+,9860936819
8813,Vikram Mehta,37,Male,AB-,9671555018
8814,Pooja Reddy,34,Male,AB+,9624597300
8815,Arjun Singh,50,Female,B+,9799747457
8816,Pooja Mehta,56,Female,B+,9300935275
8817,Pooja Mehta,40,Female,A+,9881774608
8818,Rohan Singh,25,Male,A+,9221080746
8819,Pooja Patel,25,Male,O-,9578376874
8820,Arjun Gupta,41,Male,A+,9874489243
8821,Divya Reddy,57,Female,O+,9237495563
8822,Riya Singh,31,Male,AB-,9960288242
8823,Neha Sharma,20,Male,AB-,9892671844
8824,Divya Kapoor,56,Female,B+,9786763745
8825,Divya Patel,31,Female,O-,9817466871
8826,Karan Verma,29,Female,B+,9434422341
8827,Divya Reddy,20,Male,B-,9201974387
8828,Sneha Verma,46,Female,A-,9626705897
8829,Neha Kapoor,41,Male,O+,9252545662
8830,Pooja Singh,25,Female,A-,9464850245
8831,Riya Gupta,37,Male,O-,9688022706
8832,Kavya Verma,47,Male,B-,9447524921
8833,Karan Mehta,60,Male,A+,9475610875
8834,Rohan Singh,39,Female,B+,9874795474
8835,Kavya Kapoor,57,Female,AB+,9313789675
8836,Karan Verma,45,Male,B+,9100211785
8837,Vikram Patel,60,Female,AB+,9264465053
8838,Kavya Reddy,39,Male,AB-,9338620414
8839,Sahil Reddy,26,Male,O-,9903835963
8840,Divya Sharma,42,Female,A-,9834511931
8841,Vikram Mehta,43,Female,AB+,9412791140
8842,Aman Patel,36,Male,B-,9206675541
8843,Aman Verma,38,Female,AB-,9435196371
8844,Rahul Singh,42,Male,A-,9656088159
8845,Priya Patel,60,Male,B-,9905515631
8846,Riya Kapoor,28,Male,AB-,9894250445
8847,Sneha Mehta,28,Male,A-,9559068388
8848,Divya Patel,23,Male,A+,9998206145
8849,Aditya Kapoor,57,Female,A-,9795768744
8850,Pooja Gupta,38,Female,AB+,9313486698
8851,Rahul Sharma,47,Female,AB-,9974964319
8852,Aditya Reddy,48,Female,A-,9796056111
8853,Pooja Patel,40,Male,B-,9204251199
8854,Sahil Kapoor,30,Male,AB-,9338038940
8855,Neha Patel,30,Male,AB-,9590440899
8856,Divya Reddy,50,Female,O+,9159887457
8857,Aditya Sharma,29,Female,A+,9590145549
8858,Sahil Patel,45,Male,O+,9718023289
8859,Divya Sharma,50,Female,B+,9557990920
8860,Aman Sharma,44,Female,AB-,9471666589
8861,Karan Singh,42,Female,O-,9391137831
8862,Sneha Gupta,22,Male,AB+,9115032528
8863,Rohan Kapoor,54,Female,AB+,9652759367
8864,Karan Mehta,55,Female,A+,9107648694
8865,Rahul Verma,53,Male,A+,9651521728
8866,Kavya Verma,42,Male,A-,9736102709
8867,Karan Singh,48,Male,A-,9643263260
8868,Neha Verma,57,Female,B+,9203427125
8869,Riya Mehta,18,Male,A-,9599672774
8870,Divya Reddy,44,Male,A-,9649129168
8871,Priya Patel,46,Female,B+,9235442471
8872,Riya Singh,37,Male,AB-,9238186477
8873,Neha Singh,50,Male,O+,9568671450
8874,Arjun Verma,49,Female,B-,9183425779
8875,Karan Verma,57,Female,AB+,9711342631
8876,Neha Verma,33,Female,B+,9865785081
8877,Kavya Patel,29,Female,AB-,9762337299
8878,Neha Reddy,45,Female,A-,9199673051
8879,Vikram Mehta,45,Female,AB-,9218380569
8880,Sahil Kapoor,56,Male,O-,9282006628
8881,Kavya Verma,39,Female,B-,9543893527
8882,Anjali Verma,30,Female,A-,9351549215
8883,Arjun Sharma,30,Male,AB+,9531914265
8884,Rahul Reddy,37,Female,O-,9449786026
8885,Aditya Gupta,59,Female,O+,9851454616
8886,Arjun Gupta,34,Male,A-,9653279847
8887,Kavya Kapoor,57,Male,A-,9914051145
8888,Vikram Mehta,38,Female,O-,9400105896
8889,Priya Mehta,21,Male,A-,9465546391
8890,Aman Kapoor,37,Female,AB-,9157860324
8891,Riya Mehta,44,Female,B-,9685740287
8892,Kavya Gupta,36,Female,O-,9183980181
8893,Neha Gupta,23,Male,AB-,9899149459
8894,Neha Kapoor,34,Male,A+,9555194440
8895,Divya Reddy,26,Female,O+,9510645316
8896,Divya Patel,28,Male,O+,9978313939
8897,Kavya Sharma,33,Male,B-,9503572793
8898,Aditya Reddy,47,Female,AB+,9201961388
8899,Priya Gupta,30,Female,A-,9904605137
8900,Sneha Singh,21,Male,B-,9820767764
8901,Rohan Sharma,57,Male,AB-,9891413567
8902,Anjali Reddy,25,Female,B-,9838178324
8903,Vikram Sharma,31,Male,A+,9569378401
8904,Sahil Patel,36,Female,AB-,9203555979
8905,Rohan Reddy,50,Female,O-,9664737697
8906,Pooja Mehta,50,Female,AB-,9599550656
8907,Kavya Verma,24,Female,A-,9591885549
8908,Pooja Patel,22,Male,O+,9732333113
8909,Anjali Kapoor,58,Female,A-,9122281355
8910,Karan Singh,49,Female,O+,9658586732
8911,Riya Gupta,27,Male,A+,9345861757
8912,Anjali Patel,39,Male,B-,9153363733
8913,Arjun Singh,34,Male,A-,9392681878
8914,Anjali Sharma,46,Female,AB-,9202207289
8915,Neha Kapoor,39,Male,AB+,9744448030
8916,Divya Reddy,45,Male,B-,9864501550
8917,Riya Verma,19,Female,B+,9910854612
8918,Kavya Sharma,37,Female,B-,9659965274
8919,Riya Reddy,43,Male,B+,9845986306
8920,Aditya Patel,49,Female,B+,9221906471
8921,Karan Mehta,37,Female,O+,9905970106
8922,Aman Gupta,32,Male,AB-,9895682246
8923,Karan Kapoor,37,Female,B-,9171282250
8924,Anjali Sharma,20,Female,A+,9434806124
8925,Priya Sharma,29,Female,A-,9827359491
8926,Aditya Sharma,31,Female,AB+,9296842941
8927,Neha Reddy,33,Male,A-,9319641518
8928,Pooja Singh,37,Male,AB+,9772460351
8929,Aditya Verma,50,Female,O+,9274428431
8930,Aman Reddy,48,Female,B+,9789117713
8931,Anjali Verma,20,Male,O-,9245799056
8932,Kavya Gupta,52,Male,A-,9860785480
8933,Arjun Verma,48,Female,A+,9886022344
8934,Kavya Patel,33,Male,B-,9254373219
8935,Rohan Sharma,60,Female,O+,9976677553
8936,Aman Patel,59,Female,A-,9755336261
8937,Sahil Patel,28,Female,A-,9396730553
8938,Divya Reddy,21,Female,AB-,9841009449
8939,Riya Patel,28,Male,O-,9649239553
8940,Divya Reddy,47,Male,O-,9232046823
8941,Anjali Verma,54,Male,A-,9628983491
8942,Sahil Reddy,18,Female,A+,9101550733
8943,Vikram Singh,59,Female,O+,9932009476
8944,Anjali Gupta,37,Female,B+,9575082199
8945,Pooja Kapoor,18,Male,B-,9751153892
8946,Kavya Sharma,44,Female,O+,9465594405
8947,Pooja Verma,60,Female,AB+,9745375182
8948,Kavya Gupta,56,Male,B+,9108277313
8949,Karan Singh,28,Female,O+,9638167043
8950,Kavya Sharma,59,Male,O-,9494115973
8951,Divya Reddy,52,Female,AB+,9451843035
8952,Kavya Patel,38,Male,A+,9722758755
8953,Vikram Gupta,44,Female,B-,9119397713
8954,Sneha Kapoor,26,Male,B+,9471527221
8955,Aditya Mehta,19,Female,A-,9248309176
8956,Anjali Patel,43,Female,B-,9843259526
8957,Divya Sharma,54,Female,AB-,9497142943
8958,Aditya Kapoor,24,Female,B+,9808129103
8959,Riya Patel,29,Male,AB+,9627542418
8960,Aditya Patel,18,Male,B+,9964860480
8961,Priya Reddy,22,Male,A+,9255142813
8962,Rohan Mehta,51,Female,AB+,9221553679
8963,Aditya Kapoor,56,Female,O-,9747515094
8964,Neha Kapoor,57,Male,B-,9642747215
8965,Karan Kapoor,51,Female,O+,9694762418
8966,Karan Patel,51,Male,AB-,9650534918
8967,Sneha Reddy,31,Female,A-,9506833412
8968,Divya Singh,27,Male,AB-,9139884201
8969,Kavya Kapoor,48,Female,B-,9886789443
8970,Divya Singh,25,Male,O+,9654495151
8971,Rohan Patel,19,Male,B-,9410650016
8972,Anjali Mehta,21,Female,O-,9265320879
8973,Vikram Patel,60,Female,B+,9674028824
8974,Aman Sharma,46,Female,O-,9590601133
8975,Aditya Patel,46,Male,O-,9180784074
8976,Aman Sharma,40,Female,AB+,9561928234
8977,Neha Kapoor,20,Female,B-,9843191092
8978,Kavya Gupta,20,Female,B+,9375187208
8979,Vikram Patel,25,Male,B-,9359429481
8980,Vikram Gupta,53,Female,O-,9301654675
8981,Sahil Mehta,24,Female,A-,9759397006
8982,Riya Patel,23,Male,B+,9723114568
8983,Pooja Sharma,43,Male,AB-,9607400000
8984,Anjali Gupta,47,Female,B-,9743620521
8985,Divya Reddy,27,Female,AB-,9137066047
8986,Rahul Reddy,26,Female,B-,9645591901
8987,Divya Sharma,19,Female,O+,9837405291
8988,Anjali Gupta,59,Female,A+,9450827336
8989,Aman Gupta,57,Male,AB+,9640328954
8990,Aditya Kapoor,40,Female,AB-,9393364601
8991,Neha Gupta,38,Male,O+,9415334241
8992,Sahil Verma,21,Female,O-,9874809831
8993,Aditya Reddy,27,Male,B+,9251811685
8994,Riya Gupta,42,Male,AB-,9359801423
8995,Neha Sharma,18,Male,O-,9111927593
8996,Vikram Reddy,41,Male,O-,9550407129
8997,Kavya Patel,54,Male,A+,9442719682
8998,Sneha Gupta,40,Male,O+,9796948412
8999,Rahul Verma,45,Male,B+,9917840678
9000,Priya Reddy,39,Male,A+,9127162783
9001,Sahil Verma,40,Female,AB-,9710292932
9002,Neha Singh,27,Female,AB+,9442328944
9003,Divya Patel,39,Male,B-,9294881582
9004,Vikram Verma,37,Female,AB+,9923333605
9005,Aman Kapoor,57,Female,A-,9580199232
9006,Sahil Kapoor,31,Male,B-,9692310466
9007,Aman Mehta,45,Female,A+,9617140425
9008,Rahul Mehta,60,Female,AB-,9860616134
9009,Aman Sharma,45,Male,O+,9220229944
9010,Aman Singh,51,Female,AB+,9144062206
9011,Sneha Verma,47,Male,A+,9837484386
9012,Sahil Kapoor,51,Male,A-,9395703258
9013,Arjun Singh,52,Female,O+,9244908422
9014,Neha Sharma,59,Male,AB+,9160567476
9015,Divya Singh,22,Female,A+,9444046826
9016,Sahil Sharma,53,Male,A-,9713059520
9017,Sneha Singh,59,Female,A+,9382043816
9018,Divya Patel,38,Female,A-,9688334321
9019,Rohan Gupta,18,Male,O+,9479255107
9020,Pooja Reddy,22,Male,O-,9788769440
9021,Priya Mehta,34,Female,AB+,9668534156
9022,Kavya Sharma,39,Female,O+,9264470904
9023,Neha Sharma,21,Female,O+,9107279392
9024,Pooja Gupta,58,Female,A-,9487310910
9025,Rahul Verma,26,Male,AB-,9156516594
9026,Riya Patel,58,Female,O+,9564678217
9027,Priya Mehta,19,Female,A+,9995959052
9028,Divya Mehta,47,Female,AB-,9620442843
9029,Karan Reddy,54,Male,A-,9746221520
9030,Pooja Reddy,35,Male,O-,9263170823
9031,Priya Kapoor,38,Male,A-,9845075997
9032,Sahil Sharma,55,Male,A+,9248268206
9033,Aditya Patel,35,Female,A-,9920569550
9034,Pooja Singh,34,Male,B+,9186607697
9035,Sneha Verma,58,Male,B+,9569069556
9036,Riya Singh,33,Female,O-,9306315648
9037,Sneha Kapoor,33,Male,B-,9204946204
9038,Rohan Mehta,28,Male,O-,9673390129
9039,Rahul Kapoor,37,Female,B-,9959211979
9040,Karan Singh,50,Female,AB+,9779758042
9041,Vikram Mehta,44,Female,O+,9693202213
9042,Sahil Patel,52,Male,AB-,9694636068
9043,Priya Sharma,21,Female,AB-,9851137929
9044,Karan Verma,38,Female,AB-,9157055146
9045,Aman Mehta,35,Male,AB-,9587539636
9046,Sneha Sharma,48,Female,AB+,9764885790
9047,Sneha Gupta,51,Male,AB-,9819091225
9048,Sneha Gupta,35,Female,O+,9199489439
9049,Arjun Gupta,25,Female,A-,9138153905
9050,Rahul Patel,41,Female,B+,9524707465
9051,Sahil Patel,52,Female,AB+,9941567549
9052,Arjun Mehta,33,Female,B-,9634321195
9053,Kavya Patel,45,Female,AB-,9763877104
9054,Priya Singh,60,Male,AB+,9402336501
9055,Vikram Kapoor,53,Male,O+,9294353094
9056,Anjali Patel,45,Female,AB+,9759173616
9057,Sneha Patel,24,Female,O+,9271982553
9058,Neha Patel,31,Female,A+,9807817893
9059,Divya Kapoor,30,Male,AB-,9188116244
9060,Karan Verma,30,Female,O+,9222065844
9061,Sneha Reddy,18,Male,O-,9644124741
9062,Pooja Reddy,30,Female,AB+,9589884518
9063,Karan Reddy,28,Male,B-,9926585803
9064,Sneha Reddy,42,Male,O+,9698681060
9065,Anjali Singh,40,Female,AB+,9810309959
9066,Karan Verma,31,Female,O-,9426860658
9067,Rahul Reddy,37,Female,AB+,9129646245
9068,Aditya Kapoor,57,Female,B+,9717086130
9069,Riya Verma,49,Female,O+,9466735350
9070,Aditya Reddy,55,Male,O+,9233901350
9071,Neha Gupta,34,Male,AB-,9233490073
9072,Aman Sharma,56,Female,AB+,9458353563
9073,Arjun Verma,55,Male,AB+,9212174316
9074,Divya Singh,50,Female,B-,9434230565
9075,Rohan Sharma,22,Female,A-,9820311030
9076,Aditya Sharma,59,Female,AB+,9751587949
9077,Sneha Gupta,37,Female,B-,9363545077
9078,Kavya Mehta,29,Male,A-,9979392736
9079,Divya Patel,57,Male,AB+,9567485696
9080,Sneha Patel,37,Male,AB-,9608990885
9081,Neha Kapoor,48,Female,AB+,9107737051
9082,Aman Kapoor,35,Male,O-,9644202826
9083,Aman Sharma,57,Male,O-,9219481478
9084,Divya Reddy,59,Male,AB+,9470244832
9085,Sneha Gupta,55,Female,A-,9400404917
9086,Divya Mehta,52,Male,O-,9328362336
9087,Sahil Sharma,47,Male,O+,9557778750
9088,Aman Sharma,52,Female,B-,9658840458
9089,Aman Patel,52,Female,B+,9602940908
9090,Anjali Kapoor,59,Male,A+,9589277125
9091,Rahul Gupta,42,Female,AB+,9465485813
9092,Rahul Kapoor,19,Male,O+,9821089383
9093,Rahul Gupta,40,Male,A+,9649354430
9094,Aman Reddy,32,Male,A+,9130629833
9095,Anjali Reddy,58,Female,B-,9867185393
9096,Vikram Reddy,29,Male,B-,9939846519
9097,Kavya Kapoor,45,Female,A+,9381019529
9098,Karan Singh,59,Female,A+,9456429003
9099,Priya Gupta,47,Male,AB-,9326392331
9100,Arjun Singh,28,Female,AB-,9379361934
9101,Karan Sharma,40,Male,O-,9303832629
9102,Pooja Mehta,24,Male,AB-,9969036244
9103,Riya Gupta,27,Female,A+,9780167807
9104,Sahil Sharma,19,Female,B+,9601493393
9105,Rohan Sharma,38,Male,AB+,9803005791
9106,Neha Verma,42,Female,A-,9949464685
9107,Aman Verma,30,Female,AB-,9550852808
9108,Pooja Sharma,59,Male,AB-,9409811602
9109,Anjali Patel,20,Male,O+,9236543256
9110,Anjali Singh,30,Female,B-,9486547153
9111,Aditya Kapoor,52,Female,AB+,9494366794
9112,Anjali Singh,38,Male,O-,9399284591
9113,Kavya Mehta,29,Female,O-,9592225073
9114,Divya Patel,41,Female,A-,9274368723
9115,Arjun Patel,30,Male,O+,9626619666
9116,Riya Patel,40,Female,A+,9325674475
9117,Aman Sharma,23,Male,B+,9773674110
9118,Aman Kapoor,32,Female,AB-,9943989202
9119,Karan Gupta,29,Male,AB+,9408425236
9120,Karan Mehta,36,Female,O-,9409815913
9121,Neha Patel,51,Male,B+,9488712957
9122,Vikram Mehta,36,Male,A+,9769217224
9123,Karan Mehta,33,Female,B+,9168789962
9124,Divya Verma,49,Male,AB+,9947991312
9125,Sahil Patel,19,Female,B+,9904043960
9126,Rohan Reddy,24,Female,O-,9937000210
9127,Arjun Patel,24,Male,A+,9813461446
9128,Aman Sharma,31,Male,B+,9292748086
9129,Sneha Singh,31,Female,AB-,9214471068
9130,Anjali Verma,44,Male,B+,9305116689
9131,Vikram Mehta,34,Male,AB+,9235898285
9132,Anjali Patel,32,Male,O+,9898670870
9133,Vikram Verma,36,Female,AB-,9317875583
9134,Kavya Verma,39,Male,AB+,9445581031
9135,Sneha Patel,49,Female,O-,9691040035
9136,Priya Verma,25,Female,A-,9323396472
9137,Anjali Patel,52,Female,B+,9310122525
9138,Anjali Patel,30,Female,AB-,9951581063
9139,Rohan Patel,57,Male,B-,9306431520
9140,Sahil Kapoor,23,Male,AB-,9577204872
9141,Aman Reddy,33,Male,B-,9855059314
9142,Sneha Mehta,36,Female,AB-,9247796129
9143,Aditya Reddy,45,Male,O+,9107083361
9144,Anjali Kapoor,39,Female,AB+,9123516264
9145,Neha Sharma,57,Female,A-,9743930718
9146,Divya Sharma,48,Female,O-,9710939661
9147,Sahil Kapoor,60,Male,A-,9773948529
9148,Pooja Reddy,35,Female,A-,9286106771
9149,Neha Verma,56,Male,A+,9252492720
9150,Pooja Verma,41,Female,A-,9630900853
9151,Arjun Patel,31,Female,B-,9457809796
9152,Karan Kapoor,28,Female,A+,9240193453
9153,Sahil Patel,45,Female,AB-,9973442896
9154,Rohan Kapoor,22,Male,O+,9273480141
9155,Aman Sharma,60,Female,AB-,9910165807
9156,Aman Gupta,57,Female,O-,9321990923
9157,Sahil Mehta,36,Male,A-,9119548264
9158,Arjun Mehta,46,Female,A-,9811905677
9159,Priya Kapoor,21,Male,O-,9454910279
9160,Riya Sharma,53,Female,O+,9754794296
9161,Aditya Kapoor,39,Female,B-,9374717546
9162,Anjali Kapoor,24,Female,AB+,9925858882
9163,Arjun Singh,24,Male,AB-,9859351433
9164,Riya Sharma,45,Male,A+,9912386565
9165,Sneha Sharma,35,Male,A-,9440339397
9166,Sneha Gupta,24,Female,A+,9484692893
9167,Priya Mehta,18,Male,B-,9824239309
9168,Rohan Reddy,58,Female,B+,9745757639
9169,Sahil Kapoor,44,Female,A-,9296093128
9170,Anjali Patel,37,Female,B+,9443885833
9171,Rohan Kapoor,54,Male,AB+,9465686363
9172,Karan Patel,18,Female,B+,9372198770
9173,Rahul Verma,47,Female,AB+,9248425192
9174,Divya Kapoor,54,Female,AB-,9906883257
9175,Anjali Reddy,45,Male,A+,9710304802
9176,Sneha Verma,28,Male,AB+,9941109717
9177,Sahil Patel,25,Female,B+,9936813991
9178,Priya Reddy,18,Male,A+,9752814077
9179,Aditya Sharma,56,Female,B-,9484344076
9180,Sneha Mehta,57,Male,A-,9603779203
9181,Arjun Kapoor,33,Male,O-,9158922257
9182,Vikram Mehta,31,Male,O-,9742696685
9183,Kavya Sharma,52,Female,A+,9431120360
9184,Neha Reddy,48,Female,O-,9293349782
9185,Divya Kapoor,47,Male,O-,9248559955
9186,Priya Verma,38,Male,B-,9343914798
9187,Rahul Sharma,30,Male,AB-,9511027448
9188,Riya Gupta,46,Female,A-,9304917571
9189,Neha Verma,24,Female,A-,9738712010
9190,Riya Kapoor,57,Female,AB+,9269525882
9191,Vikram Patel,59,Female,B-,9193321098
9192,Divya Gupta,31,Male,A+,9321561369
9193,Pooja Verma,33,Male,AB-,9981499400
9194,Sahil Mehta,30,Female,O+,9632725589
9195,Aman Kapoor,43,Female,O+,9857896455
9196,Karan Mehta,23,Female,AB-,9281209396
9197,Anjali Singh,31,Male,AB-,9837596206
9198,Karan Gupta,50,Female,B+,9984622863
9199,Aditya Kapoor,34,Female,AB-,9570434174
9200,Aditya Mehta,53,Male,B-,9472079275
9201,Anjali Verma,60,Female,A+,9833758467
9202,Sahil Gupta,18,Female,AB+,9194848432
9203,Vikram Kapoor,59,Male,AB-,9401603096
9204,Priya Singh,37,Female,O-,9640131363
9205,Karan Sharma,46,Female,A+,9214945501
9206,Sahil Kapoor,27,Female,A+,9303551615
9207,Rohan Verma,34,Male,A+,9825593348
9208,Divya Singh,42,Female,B-,9981685012
9209,Riya Gupta,28,Female,B+,9884213685
9210,Aman Singh,43,Female,AB-,9405910266
9211,Karan Patel,49,Female,O-,9756273333
9212,Riya Reddy,60,Female,O+,9614690039
9213,Anjali Patel,56,Female,B-,9105117930
9214,Aman Kapoor,31,Male,B+,9624186086
9215,Vikram Verma,46,Male,B+,9788248602
9216,Riya Reddy,25,Female,A-,9418482937
9217,Pooja Verma,52,Female,A-,9430922063
9218,Aditya Mehta,45,Male,O+,9893512834
9219,Priya Kapoor,52,Female,AB-,9842007850
9220,Vikram Patel,19,Female,B+,9269319030
9221,Aditya Mehta,43,Male,AB+,9936097957
9222,Aman Sharma,54,Female,O+,9175092158
9223,Divya Singh,57,Male,B+,9885676229
9224,Arjun Reddy,51,Male,AB-,9955617175
9225,Priya Patel,54,Male,B-,9158890986
9226,Neha Gupta,48,Male,A-,9297578577
9227,Priya Singh,48,Male,A+,9992728849
9228,Vikram Kapoor,51,Female,AB-,9854014771
9229,Sneha Singh,55,Male,A+,9598964877
9230,Vikram Singh,30,Male,B-,9360407162
9231,Divya Singh,32,Male,AB-,9172605374
9232,Sneha Verma,33,Female,O-,9953981076
9233,Neha Reddy,56,Male,O-,9691948242
9234,Aditya Patel,46,Male,B-,9520370881
9235,Rahul Gupta,29,Male,O+,9969524015
9236,Riya Mehta,24,Female,AB+,9836907697
9237,Rohan Patel,39,Female,AB+,9312551230
9238,Rahul Patel,27,Male,O+,9666759941
9239,Aman Gupta,53,Female,A-,9730938541
9240,Aditya Singh,21,Male,A-,9167593402
9241,Karan Sharma,18,Female,B-,9794581649
9242,Karan Verma,36,Male,A-,9910457708
9243,Aman Reddy,55,Female,B-,9309400306
9244,Rahul Mehta,18,Female,AB+,9713600014
9245,Arjun Sharma,36,Female,B-,9283404263
9246,Aditya Verma,55,Male,A+,9252560969
9247,Rohan Gupta,25,Female,A-,9823887744
9248,Sahil Kapoor,44,Male,AB+,9992136456
9249,Priya Mehta,25,Female,B-,9242501501
9250,Neha Verma,30,Female,A+,9890430108
9251,Arjun Reddy,60,Female,A-,9140436019
9252,Neha Reddy,44,Male,B+,9544954218
9253,Arjun Gupta,25,Female,B+,9486680741
9254,Karan Mehta,23,Female,B-,9438036424
9255,Kavya Verma,25,Female,AB+,9945435038
9256,Rohan Patel,44,Female,O-,9214234932
9257,Karan Singh,57,Male,A-,9933277463
9258,Priya Singh,56,Male,AB-,9659865202
9259,Arjun Verma,24,Female,A-,9229644859
9260,Priya Verma,36,Female,A+,9241351166
9261,Karan Mehta,33,Female,O+,9646934004
9262,Anjali Sharma,24,Female,A+,9677512867
9263,Sneha Singh,33,Female,O+,9344604684
9264,Aman Patel,49,Female,O+,9152682835
9265,Vikram Reddy,24,Female,B+,9597318146
9266,Rohan Reddy,50,Female,A-,9685491968
9267,Aman Kapoor,52,Male,AB+,9635418381
9268,Aditya Sharma,40,Male,A+,9796216166
9269,Rohan Reddy,32,Male,A+,9298382304
9270,Anjali Verma,31,Male,A-,9848661503
9271,Pooja Singh,37,Male,AB+,9892384240
9272,Neha Sharma,35,Female,AB+,9509944088
9273,Aditya Gupta,27,Female,O+,9337366674
9274,Pooja Sharma,19,Male,O-,9550750190
9275,Neha Kapoor,35,Female,A+,9165692995
9276,Rohan Verma,57,Female,A-,9815777955
9277,Aman Kapoor,58,Male,B-,9128269912
9278,Aditya Patel,42,Male,O-,9104461284
9279,Sahil Verma,42,Female,AB+,9544274312
9280,Pooja Singh,59,Male,O-,9235805109
9281,Pooja Verma,50,Male,O+,9716428041
9282,Sahil Singh,32,Female,AB+,9374977764
9283,Priya Mehta,41,Female,B+,9431881391
9284,Kavya Reddy,28,Male,B-,9938080110
9285,Riya Kapoor,59,Female,B+,9127489536
9286,Aman Patel,18,Female,AB+,9217589546
9287,Kavya Singh,30,Male,A+,9167147334
9288,Aditya Sharma,42,Female,O+,9360686962
9289,Aditya Singh,24,Female,B-,9471326486
9290,Rohan Sharma,37,Female,A+,9936458334
9291,Divya Reddy,23,Male,O+,9441052435
9292,Sahil Mehta,42,Female,A-,9830777202
9293,Riya Mehta,43,Female,O+,9591291086
9294,Sneha Mehta,47,Male,A-,9982808868
9295,Sneha Singh,20,Female,A+,9212277476
9296,Rahul Mehta,58,Male,AB-,9711687491
9297,Riya Reddy,58,Male,O+,9295872867
9298,Divya Mehta,26,Female,O-,9552077336
9299,Aman Mehta,19,Male,B-,9472821635
9300,Rohan Sharma,51,Female,A-,9641144942
9301,Riya Kapoor,18,Female,B-,9400926173
9302,Vikram Singh,55,Female,AB-,9332889293
9303,Vikram Verma,18,Male,B-,9335148491
9304,Karan Sharma,54,Male,AB+,9107900163
9305,Priya Kapoor,49,Female,AB-,9695008511
9306,Pooja Sharma,24,Female,A+,9464152945
9307,Riya Mehta,18,Male,AB-,9583295693
9308,Kavya Sharma,56,Male,AB-,9755610509
9309,Priya Singh,47,Male,AB+,9519736891
9310,Karan Patel,56,Male,A-,9654412045
9311,Karan Patel,35,Male,O+,9242895464
9312,Riya Patel,23,Female,B-,9517527132
9313,Aditya Reddy,22,Female,O-,9441750776
9314,Anjali Patel,54,Female,B+,9839740090
9315,Sahil Verma,40,Female,O-,9679679630
9316,Aman Gupta,24,Male,AB+,9452066445
9317,Anjali Reddy,48,Male,AB-,9140987341
9318,Kavya Mehta,39,Male,AB-,9561662486
9319,Anjali Gupta,36,Male,O+,9574490685
9320,Divya Sharma,24,Male,A-,9719547953
9321,Karan Reddy,21,Female,AB+,9999704428
9322,Aman Gupta,28,Male,A-,9358514047
9323,Rohan Gupta,31,Male,A-,9433570619
9324,Rahul Gupta,42,Male,AB+,9609765061
9325,Riya Kapoor,40,Female,B+,9331565824
9326,Riya Singh,48,Male,B-,9150921287
9327,Rahul Kapoor,37,Female,AB+,9432737839
9328,Sahil Gupta,33,Male,A-,9902470060
9329,Priya Mehta,36,Female,O+,9209225578
9330,Kavya Reddy,60,Male,A+,9939472978
9331,Kavya Sharma,54,Male,AB+,9526055591
9332,Aditya Patel,22,Female,A+,9740694768
9333,Divya Verma,23,Male,B-,9867458436
9334,Divya Patel,28,Female,O-,9844230291
9335,Sahil Singh,22,Male,A+,9252998036
9336,Rahul Mehta,47,Female,AB-,9125023655
9337,Rahul Sharma,34,Female,AB+,9179133552
9338,Divya Patel,42,Male,A+,9501978847
9339,Aditya Singh,49,Female,O+,9266168759
9340,Anjali Sharma,28,Male,O-,9442863584
9341,Anjali Kapoor,54,Male,AB-,9308181610
9342,Aditya Sharma,25,Male,O-,9861135719
9343,Sahil Sharma,60,Female,B+,9105164240
9344,Karan Singh,35,Male,B+,9344196976
9345,Aditya Reddy,41,Female,O-,9610943948
9346,Rohan Patel,42,Female,B-,9992019156
9347,Anjali Gupta,25,Female,AB+,9267728473
9348,Riya Sharma,49,Female,AB-,9611375305
9349,Pooja Patel,40,Female,O-,9689639433
9350,Divya Patel,37,Female,A-,9932932621
9351,Anjali Gupta,26,Female,B-,9384932910
9352,Sahil Singh,59,Female,A-,9527899167
9353,Divya Singh,29,Female,B-,9450294832
9354,Sneha Verma,53,Female,O-,9669399865
9355,Sahil Kapoor,34,Male,AB+,9405639030
9356,Kavya Reddy,46,Female,O-,9537644529
9357,Karan Reddy,60,Male,A+,9307518765
9358,Aman Reddy,29,Female,O-,9710448105
9359,Riya Sharma,44,Female,O-,9816849123
9360,Pooja Singh,18,Female,A+,9813693650
9361,Arjun Reddy,52,Female,O+,9288380529
9362,Vikram Verma,43,Male,AB+,9928530484
9363,Riya Mehta,23,Female,AB-,9928820210
9364,Sneha Mehta,32,Male,B+,9168376261
9365,Pooja Verma,32,Male,O-,9769506543
9366,Priya Patel,60,Female,AB-,9945936499
9367,Sneha Gupta,45,Female,A+,9941098871
9368,Sneha Reddy,18,Female,B-,9759366167
9369,Riya Reddy,20,Male,AB-,9496846348
9370,Anjali Singh,42,Female,A-,9892384213
9371,Vikram Gupta,42,Female,AB-,9265545315
9372,Divya Reddy,53,Female,B-,9440555392
9373,Sneha Patel,52,Male,B+,9106103955
9374,Anjali Singh,47,Male,A-,9330116692
9375,Aman Sharma,21,Male,A-,9901783761
9376,Rohan Sharma,20,Female,O-,9836340479
9377,Arjun Mehta,41,Female,O-,9364783987
9378,Pooja Kapoor,27,Male,B-,9751143519
9379,Aman Kapoor,26,Male,B-,9546561435
9380,Sahil Gupta,57,Male,AB-,9730954146
9381,Rahul Gupta,42,Female,B-,9248401093
9382,Aditya Mehta,50,Female,AB-,9558478781
9383,Vikram Reddy,24,Male,O-,9157264971
9384,Vikram Gupta,37,Female,AB+,9473331989
9385,Rahul Sharma,42,Female,A+,9715972736
9386,Pooja Reddy,51,Male,A+,9976578002
9387,Riya Singh,45,Female,O+,9873629412
9388,Arjun Reddy,29,Female,AB+,9915125898
9389,Pooja Patel,33,Male,B+,9881546387
9390,Rohan Singh,20,Male,O-,9428259217
9391,Neha Sharma,55,Male,A-,9253801519
9392,Vikram Sharma,29,Male,AB-,9804186466
9393,Sneha Singh,59,Female,A-,9325713870
9394,Sahil Gupta,20,Female,AB+,9216151153
9395,Sahil Mehta,28,Male,O-,9108429685
9396,Rahul Reddy,49,Female,AB-,9183008334
9397,Priya Sharma,31,Male,B+,9878863035
9398,Riya Sharma,48,Male,AB+,9916189367
9399,Aditya Gupta,33,Male,O+,9602192125
9400,Rohan Gupta,45,Female,B-,9183351726
9401,Priya Kapoor,26,Male,B-,9684930365
9402,Divya Gupta,33,Female,O+,9616582041
9403,Neha Sharma,40,Female,B+,9182847653
9404,Riya Gupta,39,Female,B+,9248816476
9405,Rohan Kapoor,23,Male,A-,9260262507
9406,Divya Mehta,50,Male,B+,9840153258
9407,Karan Sharma,48,Male,AB+,9219258166
9408,Vikram Mehta,47,Male,O+,9583755206
9409,Priya Reddy,49,Male,AB+,9372362992
9410,Arjun Gupta,48,Female,O-,9174518299
9411,Sneha Kapoor,25,Female,O+,9959438536
9412,Kavya Kapoor,25,Male,B+,9420493186
9413,Anjali Patel,36,Female,O+,9347854968
9414,Rohan Patel,51,Female,AB-,9651419240
9415,Karan Verma,18,Male,B-,9471724908
9416,Divya Reddy,26,Female,B-,9831498867
9417,Anjali Reddy,40,Male,B+,9627073838
9418,Aman Singh,42,Female,B+,9218587551
9419,Rahul Singh,33,Female,B+,9654366956
9420,Rahul Reddy,33,Female,O+,9891766461
9421,Pooja Reddy,20,Female,AB-,9721493093
9422,Rahul Verma,54,Female,AB+,9336899203
9423,Neha Mehta,44,Male,B-,9724005862
9424,Arjun Sharma,29,Male,A-,9229630903
9425,Kavya Sharma,20,Male,A+,9677224634
9426,Vikram Singh,26,Male,AB-,9353176856
9427,Vikram Singh,20,Male,AB-,9511759738
9428,Priya Sharma,36,Female,O+,9176111182
9429,Aditya Verma,18,Male,AB+,9604834078
9430,Anjali Gupta,47,Female,A-,9925672589
9431,Sneha Reddy,30,Male,O+,9549591125
9432,Arjun Sharma,43,Female,O-,9869841446
9433,Riya Sharma,29,Female,B-,9230050776
9434,Riya Sharma,33,Female,A+,9265065872
9435,Pooja Mehta,18,Female,B-,9235982875
9436,Aditya Sharma,40,Male,AB+,9194505824
9437,Riya Gupta,58,Female,O+,9421886783
9438,Sahil Patel,42,Female,O+,9930270388
9439,Rohan Patel,57,Male,AB+,9278051922
9440,Pooja Sharma,19,Male,A+,9998604674
9441,Sneha Kapoor,46,Female,B-,9580334592
9442,Rohan Reddy,24,Male,O-,9357967722
9443,Anjali Kapoor,29,Male,AB-,9876890674
9444,Neha Kapoor,48,Female,B+,9789555341
9445,Vikram Kapoor,33,Female,AB-,9147677715
9446,Sneha Mehta,35,Male,O-,9630226124
9447,Sahil Mehta,47,Female,O+,9184296403
9448,Priya Sharma,20,Male,AB-,9742587725
9449,Aman Verma,51,Female,B+,9791619559
9450,Rohan Reddy,56,Male,B-,9771621320
9451,Karan Gupta,50,Male,AB+,9160228809
9452,Vikram Patel,55,Female,B-,9192551414
9453,Arjun Mehta,58,Female,A+,9796319523
9454,Rahul Reddy,41,Female,AB-,9594917512
9455,Arjun Verma,31,Male,B-,9889627802
9456,Vikram Kapoor,49,Male,AB+,9394866468
9457,Rohan Patel,52,Female,A+,9213175166
9458,Karan Verma,33,Female,AB+,9217194694
9459,Pooja Singh,57,Male,B+,9532662227
9460,Rohan Mehta,47,Male,A-,9604590001
9461,Aditya Kapoor,32,Female,A+,9171700657
9462,Priya Patel,41,Male,O+,9147482994
9463,Divya Gupta,54,Female,A-,9297399957
9464,Kavya Kapoor,23,Male,B+,9516684741
9465,Anjali Reddy,47,Female,O+,9931707417
9466,Rahul Patel,19,Female,A-,9642706453
9467,Riya Patel,18,Female,O+,9532640784
9468,Sneha Verma,53,Male,B+,9193365666
9469,Rahul Reddy,38,Female,AB+,9335551051
9470,Divya Kapoor,19,Female,AB-,9339672469
9471,Karan Patel,30,Male,AB+,9720894762
9472,Vikram Patel,55,Male,O+,9228931898
9473,Kavya Mehta,59,Female,O+,9334017864
9474,Rohan Mehta,60,Female,O+,9400397183
9475,Anjali Singh,19,Female,B+,9463280507
9476,Arjun Kapoor,21,Male,B-,9958735327
9477,Divya Sharma,60,Female,AB-,9535633840
9478,Neha Gupta,36,Male,A+,9644341198
9479,Divya Kapoor,36,Male,A-,9752804606
9480,Anjali Reddy,28,Female,O-,9643392952
9481,Karan Gupta,21,Female,B-,9247838674
9482,Aman Verma,42,Female,A-,9627289673
9483,Aditya Verma,25,Male,B-,9405469097
9484,Priya Singh,21,Female,B-,9568960849
9485,Aman Reddy,37,Female,O-,9912669797
9486,Rohan Verma,48,Male,AB+,9785945248
9487,Rahul Sharma,21,Male,A+,9987086673
9488,Aman Kapoor,33,Male,B+,9874637043
9489,Sneha Gupta,53,Male,AB+,9108618944
9490,Aman Verma,33,Male,A-,9481420310
9491,Aman Singh,47,Female,B+,9386223992
9492,Pooja Kapoor,59,Female,O+,9410306671
9493,Arjun Patel,22,Female,O+,9702235417
9494,Sneha Mehta,58,Male,B-,9526461315
9495,Arjun Reddy,37,Female,A+,9775956174
9496,Sneha Gupta,50,Female,A-,9747742503
9497,Anjali Sharma,50,Male,B-,9660677473
9498,Vikram Patel,40,Female,A-,9708343190
9499,Kavya Patel,52,Male,B+,9504796881
9500,Sahil Patel,57,Male,O+,9883461885
9501,Anjali Reddy,46,Male,O+,9847357356
9502,Sahil Mehta,47,Female,O+,9498526922
9503,Aditya Reddy,60,Female,O-,9626609216
9504,Riya Reddy,31,Male,A+,9596465621
9505,Arjun Sharma,44,Male,B-,9804005294
9506,Neha Reddy,33,Male,B-,9399622603
9507,Aditya Gupta,23,Male,O+,9635537310
9508,Sahil Mehta,46,Male,O-,9364016236
9509,Divya Gupta,43,Male,AB-,9266870330
9510,Aman Reddy,31,Male,A-,9366872914
9511,Karan Sharma,58,Female,O-,9830616047
9512,Anjali Sharma,28,Male,AB-,9458273684
9513,Kavya Patel,57,Male,A+,9649828229
9514,Karan Reddy,20,Female,A-,9993927889
9515,Rahul Patel,26,Male,A-,9471294623
9516,Pooja Kapoor,37,Female,A-,9704474283
9517,Kavya Gupta,47,Male,AB+,9681145451
9518,Sahil Reddy,25,Male,O-,9910114349
9519,Anjali Gupta,57,Female,O+,9357277355
9520,Rohan Kapoor,45,Female,A+,9762486812
9521,Rohan Verma,44,Male,O+,9588717909
9522,Anjali Gupta,18,Female,B+,9700912292
9523,Kavya Sharma,23,Male,B+,9208493946
9524,Divya Patel,45,Female,A+,9167671521
9525,Aman Reddy,25,Female,A-,9107792823
9526,Rohan Mehta,57,Male,A+,9611451216
9527,Aman Sharma,27,Male,A-,9360161495
9528,Sneha Patel,20,Female,A+,9304871807
9529,Pooja Patel,24,Male,O-,9355466870
9530,Pooja Verma,48,Female,A-,9399386740
9531,Riya Mehta,41,Female,AB-,9192224826
9532,Anjali Kapoor,31,Female,AB-,9730293291
9533,Aman Patel,37,Male,AB-,9804245923
9534,Riya Patel,30,Male,B-,9510004874
9535,Karan Kapoor,50,Female,AB+,9646504044
9536,Sahil Mehta,19,Male,O-,9416280320
9537,Rohan Kapoor,38,Male,AB-,9799513977
9538,Rahul Verma,54,Male,O+,9492873842
9539,Neha Patel,34,Female,A+,9966580634
9540,Sahil Patel,57,Female,O-,9621242533
9541,Sneha Kapoor,34,Male,AB+,9955509972
9542,Arjun Singh,35,Female,O+,9394963377
9543,Aman Mehta,31,Female,A+,9712827993
9544,Rahul Gupta,30,Female,A-,9994931200
9545,Rohan Sharma,42,Male,B+,9745372511
9546,Rohan Patel,41,Male,B-,9255458357
9547,Aditya Verma,21,Male,AB+,9763821833
9548,Sneha Singh,45,Female,B-,9654530568
9549,Rohan Reddy,19,Male,B+,9794830767
9550,Rahul Mehta,21,Male,O+,9326850750
9551,Neha Singh,60,Male,O+,9236446663
9552,Arjun Kapoor,26,Female,AB-,9625701303
9553,Sneha Verma,56,Male,AB+,9716211341
9554,Sneha Singh,50,Male,A+,9128555545
9555,Riya Singh,33,Male,B-,9803992757
9556,Anjali Gupta,41,Male,O+,9630290206
9557,Aman Reddy,46,Female,A-,9832275977
9558,Riya Sharma,49,Male,A-,9607180255
9559,Vikram Singh,33,Male,AB-,9706664647
9560,Sneha Kapoor,31,Female,B-,9188388434
9561,Divya Kapoor,40,Female,B+,9864341687
9562,Aditya Singh,37,Female,A+,9928308985
9563,Rohan Sharma,54,Female,A-,9386107870
9564,Aditya Reddy,23,Female,B+,9671078849
9565,Anjali Verma,52,Male,AB+,9406482175
9566,Sahil Singh,24,Female,B-,9503076961
9567,Vikram Reddy,18,Male,O+,9789954518
9568,Pooja Reddy,32,Male,B+,9333756577
9569,Vikram Singh,34,Male,O+,9314696372
9570,Aditya Kapoor,43,Male,B+,9465507688
9571,Rohan Verma,36,Female,B+,9659930553
9572,Kavya Gupta,48,Female,A+,9397990798
9573,Rohan Reddy,36,Male,O-,9555544066
9574,Pooja Kapoor,35,Female,A-,9103754384
9575,Divya Reddy,55,Female,A+,9515226850
9576,Arjun Singh,40,Male,B+,9721725137
9577,Neha Singh,35,Female,AB+,9811630661
9578,Neha Gupta,41,Male,AB-,9442796920
9579,Rahul Reddy,48,Female,AB+,9630535804
9580,Vikram Verma,38,Female,A+,9559492885
9581,Riya Singh,40,Male,A-,9857973090
9582,Riya Singh,29,Male,AB+,9309583002
9583,Aditya Reddy,25,Female,AB+,9688349621
9584,Kavya Singh,36,Female,B+,9561333886
9585,Sneha Mehta,29,Male,A+,9446519770
9586,Riya Singh,21,Male,B+,9122903138
9587,Kavya Sharma,56,Male,B+,9138662390
9588,Vikram Mehta,29,Male,A+,9794434112
9589,Rohan Singh,30,Female,AB+,9627329821
9590,Aman Kapoor,21,Male,O-,9935958536
9591,Vikram Sharma,28,Female,A-,9124427664
9592,Rahul Singh,28,Female,B+,9487746581
9593,Aditya Kapoor,39,Female,B-,9281288445
9594,Riya Sharma,32,Male,B+,9421745924
9595,Priya Sharma,59,Female,O-,9789167236
9596,Priya Sharma,32,Female,A-,9626905448
9597,Sneha Mehta,21,Female,AB-,9259366368
9598,Pooja Patel,18,Female,B+,9824402484
9599,Priya Mehta,25,Female,A-,9938300186
9600,Anjali Singh,59,Female,O+,9148784074
9601,Rahul Reddy,36,Female,A-,9210381292
9602,Aditya Verma,41,Male,B-,9535676711
9603,Pooja Reddy,33,Female,B+,9848283254
9604,Divya Sharma,24,Male,AB-,9746607257
9605,Riya Gupta,51,Male,AB+,9916122594
9606,Neha Singh,54,Female,O+,9775070058
9607,Kavya Verma,39,Female,B+,9969143494
9608,Arjun Mehta,49,Male,AB+,9571712932
9609,Kavya Sharma,20,Female,A-,9744451413
9610,Aman Sharma,32,Female,B-,9335092052
9611,Sahil Kapoor,40,Male,A-,9771642417
9612,Kavya Singh,30,Female,A+,9463363896
9613,Aman Mehta,38,Female,O+,9365861834
9614,Sneha Gupta,60,Male,O-,9160635383
9615,Sahil Verma,22,Female,AB+,9256525856
9616,Sneha Verma,51,Female,AB+,9741463982
9617,Sneha Singh,42,Female,AB-,9226263911
9618,Kavya Kapoor,32,Female,O+,9554243531
9619,Pooja Verma,35,Male,A-,9334078447
9620,Aditya Gupta,19,Male,A-,9708620173
9621,Priya Verma,24,Male,O+,9366305690
9622,Anjali Singh,35,Female,B-,9270630757
9623,Sahil Mehta,34,Female,A-,9815140896
9624,Sneha Reddy,50,Female,AB-,9169856391
9625,Aditya Verma,40,Female,B-,9530254610
9626,Priya Kapoor,35,Female,AB+,9673204546
9627,Karan Sharma,36,Female,A+,9663190833
9628,Priya Verma,20,Male,O+,9729811336
9629,Arjun Patel,57,Male,B-,9302085564
9630,Karan Verma,43,Female,B+,9518068869
9631,Sahil Gupta,19,Male,A+,9579914731
9632,Divya Sharma,39,Male,O+,9398595952
9633,Rahul Verma,21,Female,O-,9218389519
9634,Priya Verma,46,Female,AB-,9205174039
9635,Rahul Mehta,56,Male,A+,9680151451
9636,Sahil Mehta,31,Female,AB+,9721931952
9637,Rohan Mehta,40,Male,B-,9191369207
9638,Divya Patel,42,Female,AB+,9706341929
9639,Neha Gupta,47,Male,B+,9925666420
9640,Riya Verma,18,Female,O+,9857030866
9641,Neha Singh,21,Male,O-,9142752743
9642,Karan Sharma,49,Male,O-,9893046788
9643,Riya Singh,33,Male,AB-,9460150952
9644,Sneha Verma,59,Male,B+,9892126498
9645,Aditya Reddy,44,Male,AB-,9202402800
9646,Rahul Reddy,50,Female,AB+,9236165193
9647,Rohan Patel,47,Female,A+,9165603927
9648,Rohan Singh,40,Female,O+,9438837185
9649,Kavya Verma,29,Female,AB+,9420253394
9650,Divya Gupta,46,Female,A-,9738968510
9651,Sahil Verma,34,Male,A-,9991095452
9652,Rohan Sharma,55,Male,AB-,9425902984
9653,Pooja Gupta,54,Female,B+,9797036202
9654,Divya Singh,25,Female,AB-,9364316144
9655,Aditya Kapoor,55,Male,O-,9533468545
9656,Sahil Patel,49,Female,B+,9375694202
9657,Pooja Singh,18,Male,A-,9999543187
9658,Arjun Reddy,55,Female,A+,9534201923
9659,Divya Verma,24,Male,AB+,9495962790
9660,Priya Reddy,46,Male,O+,9340237171
9661,Arjun Sharma,57,Female,A+,9210521598
9662,Vikram Singh,47,Male,O+,9545739700
9663,Anjali Kapoor,56,Male,AB-,9293499214
9664,Riya Sharma,23,Female,O-,9286187302
9665,Riya Mehta,39,Male,B-,9236551720
9666,Riya Verma,30,Female,AB+,9246616213
9667,Aditya Sharma,23,Male,B-,9317168023
9668,Vikram Sharma,21,Male,AB-,9834507269
9669,Neha Sharma,35,Female,O-,9888359138
9670,Pooja Sharma,47,Male,AB-,9336309784
9671,Neha Verma,22,Female,O+,9416773457
9672,Neha Mehta,44,Male,O-,9464518813
9673,Karan Verma,50,Female,B-,9355284895
9674,Sahil Gupta,54,Male,A-,9470035182
9675,Vikram Patel,34,Female,O-,9907102639
9676,Aman Patel,42,Male,B-,9871651698
9677,Priya Kapoor,26,Male,A-,9566050671
9678,Priya Reddy,18,Male,B+,9189851040
9679,Arjun Mehta,49,Female,A-,9243714218
9680,Divya Verma,29,Male,B-,9843460649
9681,Karan Gupta,18,Male,O-,9717448510
9682,Aman Gupta,35,Female,AB-,9608363005
9683,Riya Patel,55,Female,B+,9469176947
9684,Karan Patel,46,Male,A-,9621310492
9685,Sneha Singh,20,Male,AB+,9493837272
9686,Kavya Gupta,25,Female,AB-,9508695341
9687,Divya Singh,31,Male,A+,9240088291
9688,Anjali Gupta,29,Male,B-,9583294745
9689,Aman Patel,42,Female,B-,9333222692
9690,Karan Mehta,23,Female,B+,9170264459
9691,Aman Verma,38,Male,B+,9574519569
9692,Rahul Kapoor,21,Female,O-,9560596385
9693,Rohan Singh,21,Male,A-,9635435674
9694,Neha Verma,20,Male,A+,9757723069
9695,Sneha Sharma,34,Female,A+,9151593983
9696,Arjun Singh,59,Male,AB+,9728570165
9697,Arjun Patel,44,Female,AB-,9195505226
9698,Rahul Kapoor,53,Female,B-,9606995847
9699,Anjali Singh,47,Male,B+,9892229617
9700,Rahul Singh,39,Male,B+,9430178116
9701,Rohan Sharma,49,Female,O+,9483215799
9702,Aditya Reddy,43,Female,AB+,9329070319
9703,Divya Singh,53,Male,AB+,9554949344
9704,Neha Verma,28,Female,AB-,9834151834
9705,Neha Gupta,47,Female,A-,9181840064
9706,Sahil Sharma,50,Female,O-,9684256833
9707,Sneha Singh,27,Male,B-,9790322478
9708,Rohan Gupta,58,Female,AB+,9587585013
9709,Pooja Gupta,51,Female,O+,9935695824
9710,Pooja Gupta,39,Male,AB+,9290185319
9711,Sneha Mehta,47,Male,A-,9375655472
9712,Vikram Patel,21,Female,A-,9335597719
9713,Karan Verma,35,Male,B+,9573170097
9714,Sahil Gupta,60,Female,A-,9922603580
9715,Vikram Kapoor,56,Female,AB-,9383394827
9716,Divya Singh,39,Male,B-,9574046873
9717,Anjali Sharma,44,Female,O-,9785635554
9718,Karan Sharma,57,Female,A+,9358983186
9719,Karan Gupta,43,Female,B+,9154619241
9720,Kavya Mehta,31,Male,A-,9916863242
9721,Karan Singh,51,Male,B-,9876696922
9722,Arjun Sharma,46,Male,AB+,9671467653
9723,Arjun Mehta,18,Female,A+,9520055331
9724,Sneha Mehta,24,Male,AB+,9545076335
9725,Vikram Reddy,50,Female,O+,9926306484
9726,Riya Singh,22,Female,O+,9274007286
9727,Aditya Singh,37,Male,A-,9427513231
9728,Rohan Mehta,44,Female,A-,9861778107
9729,Rohan Reddy,39,Male,A+,9174828670
9730,Pooja Gupta,42,Male,B-,9684216095
9731,Rohan Mehta,38,Female,AB-,9958686602
9732,Rahul Verma,26,Male,B+,9178807660
9733,Pooja Verma,31,Male,B+,9157625410
9734,Divya Kapoor,21,Male,A+,9707608211
9735,Vikram Singh,27,Male,B+,9870390124
9736,Pooja Verma,49,Female,O+,9940281527
9737,Aditya Sharma,43,Male,B+,9693453513
9738,Anjali Patel,44,Female,AB+,9164816550
9739,Rahul Sharma,56,Female,O-,9337708227
9740,Arjun Gupta,55,Female,B+,9492288677
9741,Divya Sharma,25,Male,A-,9333417053
9742,Divya Mehta,30,Male,A-,9273725533
9743,Arjun Kapoor,34,Male,O+,9882607597
9744,Rohan Patel,45,Male,O-,9166073386
9745,Riya Reddy,58,Female,O+,9420450041
9746,Pooja Sharma,31,Male,AB+,9652998937
9747,Anjali Singh,25,Male,AB+,9961208493
9748,Arjun Reddy,29,Male,AB-,9502630511
9749,Arjun Kapoor,28,Male,O+,9970234765
9750,Arjun Mehta,38,Male,B+,9516084950
9751,Pooja Mehta,18,Female,B-,9880898015
9752,Sahil Sharma,47,Male,B+,9701875779
9753,Pooja Kapoor,55,Male,O+,9516762907
9754,Rahul Verma,19,Female,AB-,9925483430
9755,Anjali Mehta,36,Female,B-,9134347886
9756,Arjun Singh,60,Male,O+,9210829909
9757,Rohan Verma,45,Male,O-,9119178506
9758,Aditya Singh,49,Female,B+,9131427799
9759,Priya Mehta,21,Male,AB+,9963181303
9760,Rahul Reddy,54,Male,O-,9608616387
9761,Aman Sharma,34,Female,A-,9473739720
9762,Rahul Mehta,34,Male,AB+,9697139532
9763,Aditya Gupta,58,Male,AB+,9212474052
9764,Pooja Reddy,24,Female,A+,9830019224
9765,Aditya Reddy,54,Female,A-,9447107278
9766,Sahil Singh,26,Male,B-,9589738128
9767,Priya Verma,43,Female,A+,9430876397
9768,Kavya Patel,33,Male,A+,9938267476
9769,Pooja Reddy,59,Male,AB+,9210031681
9770,Arjun Singh,50,Female,B+,9601725751
9771,Sahil Reddy,47,Female,A-,9565386638
9772,Arjun Kapoor,46,Female,O+,9889184186
9773,Sahil Reddy,53,Female,O+,9321165031
9774,Aditya Verma,42,Female,B-,9526349926
9775,Aman Verma,24,Female,AB-,9730989306
9776,Divya Singh,37,Male,O-,9226346216
9777,Riya Reddy,37,Female,B+,9437699520
9778,Riya Kapoor,35,Male,B+,9448587060
9779,Aman Sharma,25,Male,A+,9277737487
9780,Karan Verma,35,Male,AB+,9182209129
9781,Priya Verma,23,Male,A+,9966100114
9782,Aman Reddy,37,Female,AB+,9851907966
9783,Aman Mehta,48,Female,A-,9731404972
9784,Rohan Singh,30,Male,B+,9893418010
9785,Aman Singh,34,Female,B+,9382017879
9786,Kavya Sharma,50,Male,O-,9146385544
9787,Anjali Reddy,51,Female,O-,9389078378
9788,Karan Patel,36,Male,AB-,9394754664
9789,Anjali Gupta,47,Male,B+,9514647993
9790,Sneha Mehta,60,Female,O+,9535607072
9791,Riya Singh,18,Female,B+,9713870450
9792,Aditya Singh,26,Male,A-,9873275574
9793,Aditya Sharma,50,Female,B-,9323430652
9794,Pooja Gupta,40,Male,O-,9486439868
9795,Priya Singh,54,Male,B-,9651470961
9796,Arjun Patel,56,Male,B+,9698208045
9797,Pooja Gupta,18,Male,O-,9655697122
9798,Karan Patel,26,Female,AB+,9763517375
9799,Pooja Verma,36,Female,A+,9383440046
9800,Pooja Reddy,38,Male,AB-,9351724608
9801,Kavya Singh,43,Male,O+,9122618506
9802,Vikram Kapoor,51,Male,A+,9833366426
9803,Rahul Sharma,58,Male,O-,9675884594
9804,Rahul Patel,58,Female,B+,9772018505
9805,Rohan Patel,38,Female,B-,9105117933
9806,Vikram Singh,29,Male,A-,9237206354
9807,Sneha Patel,57,Male,B-,9953469733
9808,Arjun Kapoor,29,Male,B-,9278690827
9809,Kavya Singh,32,Female,AB+,9248376670
9810,Rohan Verma,43,Male,B-,9697210855
9811,Aman Gupta,52,Female,B+,9819897929
9812,Anjali Kapoor,30,Male,B+,9639138973
9813,Pooja Patel,43,Male,O-,9187061951
9814,Priya Verma,50,Female,B-,9257525321
9815,Sneha Kapoor,59,Male,O-,9908248897
9816,Arjun Singh,23,Female,AB-,9810828762
9817,Divya Gupta,34,Female,B+,9265713768
9818,Kavya Sharma,21,Female,O-,9961290501
9819,Rohan Gupta,28,Male,AB-,9758542125
9820,Aditya Kapoor,20,Male,O-,9371727468
9821,Divya Sharma,51,Male,O-,9388651029
9822,Neha Singh,21,Male,O+,9807320397
9823,Rahul Kapoor,18,Female,O-,9361095521
9824,Riya Patel,48,Female,AB-,9724444516
9825,Aditya Reddy,23,Female,O-,9351653485
9826,Neha Kapoor,39,Male,B-,9635600676
9827,Priya Singh,33,Female,A+,9450600219
9828,Riya Gupta,47,Female,A-,9757044475
9829,Anjali Reddy,51,Male,B+,9897935535
9830,Priya Reddy,56,Female,B+,9400501414
9831,Priya Mehta,28,Male,AB+,9805470828
9832,Vikram Reddy,38,Female,A-,9583047148
9833,Neha Reddy,27,Male,A-,9611001297
9834,Rahul Verma,25,Female,AB-,9785113298
9835,Arjun Mehta,43,Female,O-,9415987078
9836,Kavya Kapoor,41,Male,A+,9549504171
9837,Aditya Gupta,37,Female,A+,9943413414
9838,Kavya Verma,43,Female,O-,9657665123
9839,Priya Kapoor,19,Male,AB+,9906650457
9840,Vikram Kapoor,18,Male,B-,9340900287
9841,Pooja Verma,52,Female,A-,9936872234
9842,Arjun Mehta,19,Male,B-,9158811924
9843,Neha Sharma,30,Female,AB+,9320972928
9844,Sneha Kapoor,46,Male,A-,9262143246
9845,Divya Sharma,35,Male,O-,9853518199
9846,Divya Reddy,32,Male,B+,9789496695
9847,Vikram Reddy,51,Male,B+,9660428188
9848,Neha Patel,31,Male,A+,9550487906
9849,Anjali Sharma,35,Female,O-,9703221770
9850,Riya Kapoor,20,Male,A-,9516081886
9851,Aman Gupta,52,Female,O-,9141947111
9852,Aditya Patel,57,Female,AB+,9392665213
9853,Rohan Verma,25,Female,A-,9145395849
9854,Sneha Mehta,34,Male,O-,9935586538
9855,Anjali Mehta,39,Female,B-,9115819407
9856,Sneha Sharma,51,Female,B+,9462348421
9857,Pooja Singh,32,Male,B+,9273261363
9858,Kavya Singh,49,Female,B+,9223092624
9859,Divya Singh,49,Male,B-,9174132006
9860,Sneha Gupta,32,Female,A-,9881938510
9861,Sahil Patel,32,Male,O+,9596082313
9862,Aditya Mehta,55,Female,B+,9599422924
9863,Aditya Reddy,25,Female,O+,9128525515
9864,Divya Kapoor,37,Female,AB-,9785494866
9865,Aditya Gupta,21,Female,B-,9378704169
9866,Riya Reddy,24,Female,AB+,9912435615
9867,Sahil Singh,57,Male,A-,9919568127
9868,Kavya Reddy,30,Female,A+,9449650682
9869,Neha Sharma,52,Male,A-,9939769566
9870,Rahul Sharma,20,Female,O-,9680279961
9871,Neha Verma,51,Male,O+,9318356781
9872,Kavya Gupta,22,Female,A+,9323098249
9873,Anjali Singh,38,Male,A-,9770543984
9874,Karan Kapoor,57,Male,B+,9609748662
9875,Rohan Gupta,41,Female,AB-,9880042559
9876,Pooja Gupta,48,Male,O-,9656943847
9877,Kavya Singh,36,Female,O-,9976653508
9878,Aditya Verma,47,Female,A+,9538126456
9879,Sahil Patel,46,Female,B+,9106164683
9880,Sahil Verma,31,Female,O+,9754206006
9881,Anjali Kapoor,46,Female,A-,9982820643
9882,Vikram Mehta,56,Male,A+,9684765478
9883,Kavya Reddy,54,Male,A-,9289824212
9884,Aman Singh,23,Male,O+,9333280077
9885,Arjun Verma,41,Female,O-,9180491853
9886,Priya Singh,42,Male,B+,9861693399
9887,Arjun Verma,56,Male,B-,9440291484
9888,Riya Singh,50,Female,AB+,9346765768
9889,Kavya Singh,52,Male,AB+,9130131797
9890,Sneha Singh,40,Male,A+,9146309742
9891,Rohan Kapoor,29,Male,A-,9680737916
9892,Anjali Verma,27,Female,O-,9763361543
9893,Sahil Patel,45,Female,B-,9127922804
9894,Karan Verma,49,Male,AB+,9153905211
9895,Karan Reddy,40,Male,B-,9622761031
9896,Riya Gupta,51,Male,AB+,9891108447
9897,Sneha Patel,49,Male,AB+,9973115926
9898,Arjun Verma,57,Male,A+,9646267918
9899,Rohan Patel,40,Male,AB-,9197910342
9900,Rohan Sharma,41,Female,AB+,9909379014
9901,Divya Kapoor,34,Male,A-,9150475547
9902,Aditya Mehta,29,Female,O-,9276728770
9903,Vikram Mehta,48,Female,A+,9238255099
9904,Anjali Mehta,57,Male,A-,9810912970
9905,Anjali Singh,48,Male,AB-,9388920552
9906,Pooja Mehta,38,Male,B-,9831165858
9907,Rahul Reddy,54,Female,B+,9454646680
9908,Rohan Patel,48,Female,B+,9355249212
9909,Sahil Reddy,60,Female,B-,9705092501
9910,Rahul Reddy,38,Male,O+,9316424823
9911,Rahul Patel,45,Male,O+,9910432003
9912,Kavya Gupta,18,Male,O-,9324009266
9913,Aditya Singh,28,Male,O-,9518941429
9914,Rohan Sharma,31,Female,A-,9406779024
9915,Divya Gupta,34,Male,B+,9738977850
9916,Aman Mehta,42,Female,A+,9814354630
9917,Arjun Gupta,53,Female,A-,9786341629
9918,Rohan Singh,26,Male,AB-,9865707778
9919,Sahil Sharma,26,Male,B-,9482800892
9920,Aman Verma,60,Female,AB+,9648746774
9921,Sahil Kapoor,44,Male,A+,9475936910
9922,Rohan Patel,20,Female,A+,9809866297
9923,Rohan Kapoor,39,Male,O-,9502203022
9924,Karan Verma,46,Male,O+,9170255323
9925,Priya Gupta,38,Female,B-,9792574176
9926,Aman Gupta,46,Female,A-,9922971729
9927,Anjali Patel,39,Male,O-,9486720416
9928,Arjun Mehta,30,Female,O-,9678611535
9929,Aman Patel,44,Male,O+,9454367378
9930,Aman Verma,54,Female,AB+,9791413214
9931,Pooja Reddy,30,Male,A-,9609721437
9932,Aditya Mehta,36,Female,O-,9406204442
9933,Kavya Reddy,19,Female,A+,9659329288
9934,Arjun Mehta,53,Male,AB+,9680137044
9935,Divya Patel,36,Male,B+,9600799745
9936,Divya Gupta,23,Male,AB-,9557185965
9937,Divya Singh,48,Female,A+,9190670741
9938,Divya Patel,28,Female,O+,9912192249
9939,Aman Sharma,41,Male,O-,9967336760
9940,Vikram Sharma,20,Female,AB+,9527398382
9941,Neha Verma,45,Female,O+,9141951837
9942,Sahil Patel,58,Female,B-,9272504023
9943,Neha Reddy,39,Female,B-,9653234947
9944,Karan Kapoor,32,Male,AB+,9724320881
9945,Neha Singh,40,Female,AB-,9720583718
9946,Anjali Singh,18,Female,O+,9566833007
9947,Arjun Kapoor,34,Female,O-,9849317162
9948,Aman Sharma,54,Male,A+,9262839317
9949,Aman Sharma,20,Male,B-,9280178670
9950,Riya Patel,44,Male,O-,9702075655
9951,Rahul Patel,34,Female,A-,9520348178
9952,Vikram Reddy,49,Female,AB-,9103776544
9953,Vikram Gupta,28,Female,A+,9913881183
9954,Aman Singh,26,Male,AB-,9316172769
9955,Divya Kapoor,47,Female,B+,9616630096
9956,Aman Reddy,43,Female,A-,9503687397
9957,Anjali Gupta,26,Male,B-,9669642065
9958,Rahul Verma,60,Male,O-,9832456823
9959,Priya Verma,46,Female,AB+,9431258059
9960,Sahil Sharma,52,Male,AB+,9700351887
9961,Sahil Gupta,54,Male,O-,9898182508
9962,Arjun Sharma,47,Male,A-,9241764496
9963,Karan Kapoor,25,Female,B-,9392820490
9964,Kavya Patel,29,Male,O-,9407862513
9965,Aman Sharma,58,Male,O-,9474130497
9966,Sneha Gupta,24,Female,AB+,9702507427
9967,Riya Patel,51,Male,B-,9754490328
9968,Aditya Kapoor,59,Male,O-,9668193227
9969,Sahil Sharma,28,Female,O+,9331335189
9970,Divya Mehta,40,Male,A-,9251574730
9971,Aman Verma,34,Female,B+,9445291444
9972,Karan Mehta,54,Female,B-,9108107877
9973,Aman Patel,41,Female,O-,9162368080
9974,Arjun Gupta,34,Female,A-,9378947632
9975,Arjun Singh,22,Male,B+,9140346071
9976,Karan Reddy,18,Female,A-,9365098233
9977,Riya Sharma,36,Male,A-,9251602116
9978,Sneha Sharma,20,Female,O+,9681251265
9979,Kavya Reddy,40,Male,A-,9143424454
9980,Priya Gupta,53,Female,AB-,9421675074
9981,Anjali Mehta,39,Female,O+,9972690587
9982,Vikram Singh,28,Male,AB-,9966311487
9983,Rohan Gupta,24,Female,A-,9118991076
9984,Divya Patel,49,Male,B+,9765778022
9985,Karan Patel,54,Male,O-,9109889629
9986,Sahil Gupta,51,Female,B+,9867653771
9987,Neha Mehta,51,Male,AB-,9188714095
9988,Aditya Mehta,58,Male,A+,9426595347
9989,Aditya Reddy,19,Male,AB+,9659482017
9990,Karan Sharma,46,Female,B+,9596227236
9991,Neha Singh,41,Female,B-,9686439634
9992,Anjali Reddy,37,Male,B-,9267488946
9993,Sahil Singh,26,Female,A+,9557014088
9994,Karan Gupta,51,Male,O-,9353009568
9995,Vikram Kapoor,18,Male,AB+,9541137669
9996,Rohan Patel,48,Female,A+,9367325009
9997,Priya Mehta,36,Male,AB-,9846389684
9998,Anjali Sharma,31,Female,A-,9146832283
9999,Sneha Sharma,35,Female,B-,9333877377
10000,Priya Mehta,20,Male,B-,9980411451
10001,Rohan Sharma,60,Female,A+,9158887724
10002,Kavya Patel,50,Female,O+,9501082935
10003,Arjun Gupta,27,Male,AB-,9298709053
10004,Aditya Reddy,42,Female,O-,9460316149
10005,Divya Patel,36,Female,B+,9724183723
10006,Anjali Reddy,49,Female,A+,9192804763
10007,Karan Singh,41,Male,O+,9985543137
10008,Aditya Gupta,57,Female,B+,9300818088
10009,Anjali Verma,45,Female,A+,9758325452
10010,Divya Singh,30,Male,AB+,9753996265
10011,Aditya Verma,36,Male,A+,9885086563
10012,Neha Mehta,47,Female,O-,9768749091
10013,Neha Verma,29,Female,A+,9411272582
10014,Neha Patel,31,Female,B+,9910037056
10015,Neha Verma,49,Female,AB-,9319132715
10016,Karan Reddy,30,Female,O-,9602438304
10017,Riya Kapoor,21,Female,AB-,9675858770
10018,Divya Singh,47,Female,AB-,9422147729
10019,Sahil Verma,40,Female,B-,9782217870
10020,Rahul Kapoor,49,Female,A-,9388121422
10021,Pooja Singh,54,Male,O+,9671371445
10022,Aditya Patel,25,Male,O-,9436342587
10023,Rahul Mehta,43,Male,A-,9869441071
10024,Divya Mehta,41,Male,A+,9630137752
10025,Pooja Verma,53,Female,O+,9212099494
10026,Aman Mehta,53,Male,A-,9623983898
10027,Aman Reddy,26,Female,A+,9984389966
10028,Aman Singh,44,Male,A-,9482384380
10029,Sahil Singh,59,Female,B+,9164707085
10030,Sahil Sharma,41,Male,A-,9533556105
10031,Kavya Patel,57,Male,AB-,9385253974
10032,Neha Mehta,27,Female,B+,9888600455
10033,Aman Gupta,46,Male,A+,9843501646
10034,Vikram Kapoor,29,Female,A-,9134538917
10035,Kavya Kapoor,26,Female,O-,9492400466
10036,Vikram Verma,29,Male,A+,9966414181
10037,Karan Gupta,50,Male,AB-,9539925544
10038,Rohan Kapoor,23,Female,B+,9932297046
10039,Aman Sharma,59,Female,O+,9324982857
10040,Aman Verma,51,Female,O-,9117352259
10041,Aman Reddy,52,Male,AB-,9121470748
10042,Arjun Gupta,36,Female,B-,9217304262
10043,Sneha Kapoor,24,Male,AB-,9413859193
10044,Aditya Sharma,54,Female,B-,9374781360
10045,Sneha Kapoor,40,Male,AB-,9398822231
10046,Rahul Reddy,44,Female,O-,9217648801
10047,Sahil Singh,58,Female,B-,9539200432
10048,Sneha Kapoor,23,Female,AB-,9351152116
10049,Pooja Sharma,47,Male,A+,9978805809
10050,Aditya Gupta,40,Female,AB-,9675193864
10051,Pooja Sharma,29,Male,B+,9576186766
10052,Kavya Patel,18,Male,A-,9694860713
10053,Priya Patel,45,Female,B+,9460507309
10054,Anjali Reddy,55,Male,AB+,9373197389
10055,Rohan Mehta,25,Male,O+,9572503551
10056,Kavya Gupta,59,Male,A-,9886587899
10057,Rahul Kapoor,18,Female,B-,9877164141
10058,Rohan Gupta,30,Female,A-,9120821002
10059,Rohan Singh,39,Female,AB-,9389453052
10060,Anjali Kapoor,47,Male,AB-,9326294263
10061,Rohan Reddy,26,Female,O+,9658561497
10062,Karan Singh,28,Female,B-,9461471771
10063,Rahul Singh,29,Female,O-,9380845403
10064,Sahil Sharma,30,Male,AB+,9628443371
10065,Sneha Kapoor,48,Male,AB-,9666783020
10066,Kavya Reddy,39,Male,B+,9295878487
10067,Aman Singh,20,Male,AB+,9113110612
10068,Vikram Kapoor,60,Female,B+,9150718087
10069,Karan Kapoor,52,Female,B-,9693800122
10070,Pooja Mehta,31,Female,A+,9952374390
10071,Priya Singh,24,Female,O+,9357572889
10072,Karan Patel,42,Female,AB+,9787114558
10073,Karan Patel,39,Female,AB+,9761782271
10074,Aman Reddy,52,Female,A-,9336065708
10075,Pooja Gupta,38,Female,B-,9847603186
10076,Anjali Patel,49,Female,B-,9627853610
10077,Arjun Gupta,27,Male,A-,9640606615
10078,Sahil Verma,43,Female,O+,9346509013
10079,Neha Gupta,29,Male,A-,9204585724
10080,Arjun Gupta,25,Female,B+,9417104247
10081,Aditya Reddy,18,Female,AB+,9816045615
10082,Sneha Verma,34,Male,O+,9498621948
10083,Rohan Reddy,43,Female,A-,9294883559
10084,Riya Reddy,58,Female,A+,9591798762
10085,Divya Kapoor,40,Male,B-,9651366981
10086,Neha Gupta,41,Female,B+,9982117377
10087,Karan Kapoor,37,Female,O+,9455105293
10088,Sneha Mehta,52,Male,B+,9856937618
10089,Karan Sharma,56,Female,O-,9530692941
10090,Priya Mehta,54,Female,O-,9538393957
10091,Divya Patel,23,Male,AB+,9706195439
10092,Karan Kapoor,37,Female,A-,9435285643
10093,Sahil Reddy,55,Female,B-,9646802740
10094,Vikram Mehta,28,Male,AB+,9790001454
10095,Neha Reddy,31,Female,B+,9758336927
10096,Priya Kapoor,23,Male,O+,9839165933
10097,Riya Reddy,34,Female,O-,9662825909
10098,Riya Reddy,30,Male,A+,9591250177
10099,Aman Verma,24,Female,AB+,9369527448
10100,Sneha Singh,43,Female,A-,9641539711
10101,Aditya Sharma,25,Female,B-,9873181285
10102,Aditya Gupta,19,Female,AB+,9182941170
10103,Aman Gupta,56,Female,A-,9231162751
10104,Kavya Gupta,28,Female,A-,9434475074
10105,Vikram Singh,46,Female,A+,9418514424
10106,Divya Verma,28,Male,AB-,9961085957
10107,Karan Reddy,19,Male,A+,9898100799
10108,Neha Mehta,46,Female,B-,9193762983
10109,Sneha Sharma,19,Female,B+,9374038034
10110,Sahil Sharma,25,Male,AB-,9378695175
10111,Aditya Singh,43,Male,A-,9800443288
10112,Arjun Sharma,50,Male,A+,9694431422
10113,Riya Patel,46,Male,AB+,9825837648
10114,Vikram Mehta,46,Male,B-,9445956436
10115,Rohan Sharma,42,Female,B+,9900588675
10116,Anjali Kapoor,41,Female,O-,9527783177
10117,Aman Patel,36,Female,A-,9288681245
10118,Aman Singh,33,Female,O+,9137508692
10119,Divya Kapoor,49,Male,O+,9256997307
10120,Aditya Singh,32,Female,B+,9520216212
10121,Rohan Kapoor,42,Male,A-,9363905904
10122,Kavya Sharma,38,Female,A-,9564342657
10123,Anjali Gupta,49,Female,AB+,9640921219
10124,Kavya Sharma,21,Female,AB+,9542230313
10125,Sneha Gupta,42,Female,B-,9964255704
10126,Divya Patel,20,Male,O+,9965576856
10127,Riya Mehta,53,Female,O-,9942983492
10128,Aditya Mehta,32,Male,AB+,9763689164
10129,Aditya Mehta,31,Male,A+,9343691287
10130,Sahil Verma,57,Male,B+,9505952216
10131,Rahul Kapoor,52,Female,A-,9779014028
10132,Divya Reddy,59,Female,B+,9894597859
10133,Karan Patel,52,Male,O-,9890813276
10134,Rahul Kapoor,46,Male,O-,9178145199
10135,Riya Mehta,52,Male,O-,9405908062
10136,Sahil Verma,27,Male,AB+,9998439827
10137,Riya Mehta,37,Female,O+,9440931823
10138,Riya Patel,32,Female,B-,9519560032
10139,Karan Verma,31,Male,B+,9288967715
10140,Karan Sharma,36,Male,A-,9160830496
10141,Neha Reddy,56,Male,A+,9424528242
10142,Aditya Kapoor,49,Male,A-,9287295778
10143,Neha Kapoor,39,Female,B-,9894738660
10144,Kavya Reddy,40,Male,A-,9291907524
10145,Vikram Singh,57,Male,A+,9172937392
10146,Neha Kapoor,46,Male,AB+,9444776877
10147,Kavya Gupta,18,Female,A+,9877493658
10148,Kavya Gupta,56,Male,A-,9342505787
10149,Vikram Singh,30,Female,O+,9903851367
10150,Pooja Kapoor,52,Male,O+,9702332823
10151,Neha Verma,33,Male,A+,9866928181
10152,Karan Kapoor,53,Male,B-,9565693809
10153,Aditya Kapoor,43,Male,AB+,9872466160
10154,Priya Gupta,49,Female,A-,9750502860
10155,Pooja Mehta,44,Male,AB-,9675457554
10156,Sneha Verma,59,Male,A+,9527343631
10157,Pooja Singh,55,Male,B+,9353354677
10158,Aman Reddy,50,Female,B-,9791757564
10159,Vikram Sharma,22,Male,A-,9107709528
10160,Kavya Singh,32,Male,B+,9802120280
10161,Kavya Gupta,46,Male,A+,9197336294
10162,Pooja Gupta,25,Male,B-,9429682968
10163,Rohan Gupta,27,Female,B-,9621578871
10164,Pooja Singh,35,Female,A-,9966915685
10165,Kavya Mehta,53,Female,O-,9903962175
10166,Kavya Sharma,27,Male,B+,9644271316
10167,Karan Verma,21,Male,AB-,9571558044
10168,Aman Verma,18,Female,B-,9893438495
10169,Aditya Singh,33,Female,A-,9130224104
10170,Vikram Gupta,27,Female,A+,9445772551
10171,Sahil Kapoor,24,Male,O+,9918815275
10172,Anjali Patel,53,Female,AB+,9171122516
10173,Aditya Reddy,45,Female,A-,9840648717
10174,Kavya Patel,58,Female,B+,9704525757
10175,Riya Singh,19,Female,B+,9925056472
10176,Kavya Mehta,52,Male,A+,9200381959
10177,Pooja Verma,21,Male,B+,9469459211
10178,Anjali Kapoor,21,Female,AB-,9203809103
10179,Sneha Reddy,44,Male,AB-,9227633490
10180,Arjun Singh,50,Male,A+,9432855421
10181,Riya Sharma,41,Female,O+,9705487945
10182,Rahul Mehta,20,Female,AB-,9806714577
10183,Aman Reddy,18,Female,B+,9966826132
10184,Priya Gupta,48,Male,A+,9662338445
10185,Aditya Reddy,39,Male,O+,9340894784
10186,Anjali Singh,51,Female,AB+,9224188679
10187,Neha Kapoor,30,Female,A+,9287913579
10188,Aman Sharma,31,Female,O-,9116186552
10189,Rahul Singh,33,Male,AB-,9682731976
10190,Vikram Kapoor,39,Male,O+,9286749647
10191,Aditya Gupta,60,Male,AB-,9608268005
10192,Priya Kapoor,28,Female,A+,9383325166
10193,Sneha Patel,24,Female,B-,9466889476
10194,Rohan Kapoor,37,Male,B+,9430062597
10195,Divya Mehta,46,Female,O+,9772373350
10196,Pooja Kapoor,30,Male,A+,9392302557
10197,Rahul Kapoor,20,Female,A-,9637817984
10198,Sneha Mehta,60,Female,B-,9468496459
10199,Rahul Patel,26,Male,AB-,9674857702
10200,Priya Gupta,57,Male,AB+,9930672693
10201,Neha Reddy,30,Male,B-,9172167295
10202,Anjali Kapoor,51,Female,AB-,9461059476
10203,Sahil Mehta,60,Male,B+,9246856239
10204,Rahul Sharma,41,Male,AB+,9911167988
10205,Kavya Singh,46,Female,A-,9328011406
10206,Anjali Gupta,43,Female,A-,9686422868
10207,Karan Mehta,56,Male,AB+,9566828532
10208,Sneha Singh,20,Male,AB+,9143626813
10209,Aditya Kapoor,35,Male,A+,9582876214
10210,Aditya Verma,59,Female,A+,9207370177
10211,Rahul Kapoor,25,Female,B-,9431786070
10212,Riya Kapoor,29,Male,AB-,9485903933
10213,Neha Kapoor,57,Female,AB-,9316940806
10214,Sneha Reddy,38,Male,O+,9207427542
10215,Anjali Singh,34,Male,A+,9135332793
10216,Vikram Mehta,54,Male,O-,9861008604
10217,Arjun Verma,52,Male,AB-,9141127894
10218,Priya Singh,27,Female,AB+,9113724280
10219,Kavya Mehta,59,Female,AB+,9246409665
10220,Neha Mehta,23,Male,B+,9963906191
10221,Riya Gupta,29,Male,AB+,9728581151
10222,Vikram Gupta,22,Female,B-,9861788430
10223,Rohan Gupta,49,Female,B+,9620677757
10224,Riya Kapoor,57,Male,A+,9471451171
10225,Divya Verma,41,Female,A+,9948561413
10226,Rohan Mehta,30,Male,A+,9410795123
10227,Neha Gupta,57,Female,A-,9488336600
10228,Vikram Patel,51,Female,AB+,9412583569
10229,Neha Kapoor,49,Male,A-,9382565939
10230,Rahul Singh,56,Male,B-,9121595926
10231,Priya Verma,18,Male,A-,9175410196
10232,Sneha Gupta,18,Female,AB-,9501265207
10233,Aditya Patel,28,Male,O+,9330810956
10234,Rohan Gupta,36,Male,A+,9458183875
10235,Karan Gupta,34,Female,AB-,9480678136
10236,Rahul Singh,32,Male,A-,9523212228
10237,Aman Kapoor,47,Male,AB-,9834580488
10238,Rahul Reddy,32,Male,O-,9231040037
10239,Pooja Patel,32,Female,AB-,9415914247
10240,Vikram Gupta,45,Female,B-,9917025082
10241,Aditya Singh,21,Male,B+,9314111193
10242,Neha Singh,26,Female,A+,9435207732
10243,Rohan Kapoor,26,Female,AB+,9130507409
10244,Anjali Patel,40,Female,AB-,9762592902
10245,Anjali Gupta,41,Male,B+,9353004955
10246,Neha Verma,19,Male,AB-,9795469429
10247,Rohan Sharma,38,Male,AB+,9353023543
10248,Anjali Reddy,32,Female,AB+,9720843935
10249,Priya Gupta,60,Female,O-,9197852111
10250,Aman Kapoor,27,Female,A+,9536409615
10251,Vikram Verma,36,Female,A-,9349497032
10252,Karan Mehta,34,Female,B-,9955071079
10253,Neha Reddy,21,Male,AB-,9445826324
10254,Divya Patel,30,Female,A-,9384695138
10255,Sneha Mehta,47,Female,A-,9699459239
10256,Priya Reddy,34,Male,B+,9906940564
10257,Karan Patel,44,Female,B+,9671714313
10258,Divya Verma,58,Female,A-,9737186274
10259,Rahul Singh,46,Female,AB-,9806188880
10260,Aditya Gupta,41,Female,AB-,9724386079
10261,Vikram Mehta,19,Female,O+,9304345821
10262,Neha Reddy,32,Female,AB+,9931257440
10263,Karan Mehta,32,Female,A-,9294091818
10264,Sneha Gupta,43,Male,A+,9635847649
10265,Priya Sharma,56,Female,B-,9965181100
10266,Rahul Gupta,28,Female,B-,9260208256
10267,Neha Verma,21,Male,O+,9485446116
10268,Arjun Reddy,36,Female,AB+,9833347913
10269,Pooja Kapoor,43,Female,O-,9344650932
10270,Arjun Singh,24,Female,A+,9658668845
10271,Neha Gupta,20,Male,O-,9964068191
10272,Rohan Sharma,57,Male,B-,9386175755
10273,Sahil Gupta,48,Male,AB-,9335133321
10274,Arjun Patel,28,Male,AB-,9412519162
10275,Vikram Patel,26,Female,O-,9187047352
10276,Anjali Patel,48,Male,A-,9323901258
10277,Riya Verma,55,Male,O+,9515996767
10278,Aditya Kapoor,29,Male,A-,9853687910
10279,Aditya Reddy,40,Female,A-,9420484485
10280,Rohan Reddy,48,Male,A+,9924675136
10281,Rohan Mehta,32,Male,O-,9885280148
10282,Sahil Reddy,56,Male,O+,9247786551
10283,Aditya Patel,27,Female,B-,9718059411
10284,Riya Sharma,43,Male,A+,9141461932
10285,Aditya Singh,31,Male,A-,9608834239
10286,Kavya Kapoor,60,Female,O+,9337298405
10287,Anjali Verma,24,Female,A-,9896505567
10288,Sahil Singh,42,Female,O-,9336090438
10289,Arjun Verma,21,Female,O-,9327847729
10290,Pooja Gupta,44,Female,A+,9139554742
10291,Pooja Reddy,57,Female,O-,9913490510
10292,Anjali Kapoor,59,Female,A-,9516573754
10293,Riya Singh,57,Male,O-,9715730563
10294,Vikram Patel,52,Female,B-,9795143149
10295,Riya Reddy,46,Female,B-,9769487454
10296,Sahil Patel,32,Female,B+,9610147235
10297,Neha Patel,18,Male,O-,9487884576
10298,Divya Sharma,34,Male,AB+,9222665652
10299,Karan Kapoor,50,Male,A-,9171223348
10300,Aditya Mehta,27,Male,A+,9970321883
10301,Kavya Sharma,49,Female,O+,9232739081
10302,Anjali Mehta,44,Male,O+,9557835097
10303,Rohan Sharma,28,Male,B+,9702358073
10304,Rahul Singh,28,Male,AB+,9415876632
10305,Sahil Patel,23,Female,AB-,9199306469
10306,Kavya Mehta,53,Female,O+,9539414105
10307,Anjali Patel,40,Female,A+,9420734133
10308,Karan Kapoor,30,Male,B-,9823216545
10309,Rohan Sharma,57,Male,B+,9931511388
10310,Sahil Verma,47,Female,AB+,9718485301
10311,Divya Reddy,46,Female,B+,9576998624
10312,Karan Mehta,54,Female,A+,9829164538
10313,Aditya Sharma,38,Female,O-,9265732877
10314,Priya Singh,45,Female,O+,9838570977
10315,Arjun Singh,55,Female,O-,9869702761
10316,Rohan Reddy,25,Male,O+,9540007582
10317,Priya Reddy,32,Male,A+,9130854503
10318,Aman Reddy,54,Female,O-,9531347022
10319,Sahil Sharma,21,Male,B+,9114737806
10320,Rahul Kapoor,45,Female,B+,9333192720
10321,Anjali Singh,33,Female,AB-,9294000594
10322,Vikram Sharma,56,Female,A-,9277375464
10323,Rohan Mehta,59,Female,B+,9780077860
10324,Sneha Singh,19,Male,AB-,9376837468
10325,Rahul Gupta,24,Male,B-,9711162483
10326,Sahil Mehta,34,Female,B+,9453628936
10327,Arjun Verma,46,Female,AB-,9546375705
10328,Neha Patel,37,Female,A+,9989628226
10329,Anjali Patel,27,Female,AB-,9826308367
10330,Kavya Singh,21,Male,A-,9407902156
10331,Karan Sharma,43,Male,AB+,9353759560
10332,Anjali Mehta,51,Female,O-,9141974544
10333,Rahul Patel,56,Male,B+,9339477008
10334,Kavya Verma,21,Female,AB+,9721153504
10335,Priya Reddy,24,Male,B-,9808215081
10336,Riya Gupta,45,Male,O+,9862592017
10337,Aditya Mehta,52,Male,B-,9742950016
10338,Sneha Singh,59,Female,O-,9763455860
10339,Priya Mehta,30,Female,AB-,9181446869
10340,Arjun Kapoor,34,Male,O-,9788684008
10341,Priya Kapoor,54,Female,O-,9318038762
10342,Neha Sharma,19,Female,A-,9375081747
10343,Karan Singh,59,Female,AB+,9782546518
10344,Pooja Verma,18,Female,B+,9320378303
10345,Vikram Sharma,20,Female,AB-,9686685634
10346,Sahil Singh,30,Male,AB+,9703240597
10347,Kavya Verma,57,Male,AB+,9279551857
10348,Aman Verma,36,Female,AB+,9526038513
10349,Aditya Mehta,49,Male,B+,9853518951
10350,Arjun Verma,58,Female,A-,9457953522
10351,Riya Verma,47,Male,A-,9290617143
10352,Rohan Kapoor,27,Male,O-,9714642426
10353,Vikram Gupta,48,Female,A-,9596553505
10354,Rohan Sharma,32,Female,B-,9859973603
10355,Priya Sharma,39,Female,AB+,9232912495
10356,Aditya Singh,49,Male,AB+,9159884690
10357,Sahil Reddy,39,Female,A-,9343929833
10358,Anjali Patel,30,Male,A-,9963248579
10359,Arjun Sharma,53,Male,B+,9758559694
10360,Karan Sharma,55,Male,B+,9181101710
10361,Neha Kapoor,47,Male,AB+,9816853902
10362,Arjun Sharma,31,Female,A+,9632826606
10363,Anjali Gupta,30,Male,O+,9249805968
10364,Aditya Kapoor,35,Female,A-,9248414280
10365,Divya Verma,57,Female,B+,9676567017
10366,Arjun Mehta,52,Female,O-,9770496127
10367,Neha Verma,42,Male,B+,9607714676
10368,Riya Kapoor,36,Female,O+,9935555663
10369,Divya Patel,24,Male,A+,9538333272
10370,Divya Mehta,28,Male,A-,9138236693
10371,Arjun Kapoor,23,Female,A-,9458830089
10372,Sahil Patel,48,Female,O-,9910027379
10373,Sneha Kapoor,35,Male,A-,9990453001
10374,Vikram Singh,58,Male,A+,9389939241
10375,Anjali Kapoor,53,Female,B+,9372199178
10376,Aditya Patel,38,Female,AB+,9481669839
10377,Priya Mehta,38,Female,AB-,9744909052
10378,Priya Patel,54,Male,AB+,9358028566
10379,Kavya Gupta,57,Female,AB+,9101181190
10380,Sahil Sharma,27,Female,A+,9713198100
10381,Divya Gupta,21,Female,B+,9213052291
10382,Rahul Singh,18,Female,O-,9635548620
10383,Karan Sharma,52,Male,AB-,9346778035
10384,Rahul Singh,55,Male,B-,9317797609
10385,Sahil Reddy,46,Male,AB-,9251494165
10386,Kavya Singh,40,Male,AB+,9208584325
10387,Vikram Reddy,55,Male,B-,9254022426
10388,Divya Kapoor,33,Male,AB-,9658414392
10389,Rohan Sharma,37,Male,O+,9285544840
10390,Kavya Gupta,29,Male,A-,9238178419
10391,Sneha Verma,38,Female,AB+,9432901039
10392,Divya Sharma,27,Female,O+,9849619091
10393,Aman Sharma,22,Female,A-,9103792673
10394,Kavya Verma,33,Female,O-,9828365995
10395,Kavya Kapoor,18,Female,A-,9857586696
10396,Pooja Patel,18,Female,B-,9629801454
10397,Anjali Sharma,37,Male,B-,9781637064
10398,Anjali Gupta,18,Female,AB+,9122012286
10399,Sneha Singh,22,Female,AB-,9556066747
10400,Karan Gupta,30,Female,A-,9394092048
10401,Arjun Mehta,20,Male,B+,9744340894
10402,Rahul Gupta,33,Male,B+,9667893828
10403,Riya Patel,45,Female,O-,9470693778
10404,Sahil Gupta,43,Male,O+,9359929572
10405,Karan Singh,20,Female,A-,9536418339
10406,Divya Kapoor,23,Male,O-,9972774002
10407,Priya Verma,37,Female,A-,9653153976
10408,Kavya Sharma,58,Male,O-,9848880247
10409,Neha Singh,35,Female,O-,9677847555
10410,Neha Verma,37,Female,AB+,9269318946
10411,Arjun Sharma,50,Male,B-,9251781693
10412,Rohan Kapoor,57,Female,O+,9772982132
10413,Pooja Reddy,49,Male,B+,9367495725
10414,Kavya Singh,34,Male,B+,9797136761
10415,Aman Kapoor,32,Male,AB+,9105707996
10416,Sahil Verma,51,Female,AB+,9534004758
10417,Rahul Mehta,43,Male,O-,9370895823
10418,Divya Sharma,41,Female,AB-,9815410443
10419,Anjali Patel,23,Female,A-,9314425396
10420,Rohan Kapoor,58,Male,B+,9921256727
10421,Arjun Sharma,29,Female,O+,9281705277
10422,Aman Reddy,35,Female,O+,9151030836
10423,Pooja Gupta,21,Female,B+,9385988869
10424,Sneha Gupta,27,Female,AB-,9502874531
10425,Vikram Patel,22,Female,A+,9375289016
10426,Sahil Gupta,33,Male,A+,9571032037
10427,Anjali Gupta,47,Female,O+,9840364503
10428,Rahul Mehta,31,Male,B-,9762205236
10429,Kavya Kapoor,47,Female,O-,9503992156
10430,Sahil Kapoor,49,Female,O-,9946237616
10431,Anjali Gupta,29,Female,B+,9618276724
10432,Pooja Verma,29,Female,O+,9927192801
10433,Sneha Singh,50,Male,O+,9213398230
10434,Anjali Gupta,55,Female,O-,9754192998
10435,Pooja Verma,55,Female,A+,9537070109
10436,Sneha Singh,47,Female,O+,9196915361
10437,Rahul Gupta,20,Female,O-,9994703881
10438,Karan Singh,38,Female,AB+,9659027548
10439,Aman Sharma,42,Male,AB+,9594077312
10440,Aman Patel,40,Female,B-,9775306736
10441,Riya Mehta,22,Male,A+,9461084861
10442,Rohan Verma,40,Male,A+,9883021816
10443,Kavya Patel,37,Female,O-,9108325576
10444,Sneha Patel,55,Female,B+,9117755838
10445,Vikram Kapoor,30,Female,B+,9627828571
10446,Rahul Patel,41,Male,A-,9323789623
10447,Kavya Mehta,42,Male,B-,9451933396
10448,Pooja Kapoor,41,Male,B+,9731775216
10449,Rahul Gupta,41,Female,B-,9860100608
10450,Divya Mehta,26,Female,A+,9464580753
10451,Priya Sharma,35,Female,A-,9901678645
10452,Rahul Patel,59,Female,O+,9113617983
10453,Divya Sharma,55,Female,B+,9788612816
10454,Rohan Kapoor,55,Male,AB-,9665362477
10455,Neha Singh,27,Female,O-,9160217360
10456,Anjali Verma,24,Female,O+,9532048991
10457,Priya Singh,52,Male,A-,9376282378
10458,Sahil Mehta,45,Male,O-,9692629885
10459,Sneha Mehta,34,Male,O+,9962391569
10460,Aman Verma,38,Male,B-,9338971034
10461,Sahil Patel,58,Female,AB+,9733837908
10462,Karan Gupta,47,Female,B-,9156313915
10463,Neha Gupta,59,Male,O+,9600012100
10464,Rohan Mehta,43,Female,A-,9216964544
10465,Arjun Mehta,43,Male,O+,9103598187
10466,Sahil Gupta,60,Male,AB-,9571088297
10467,Kavya Patel,44,Male,A-,9605741238
10468,Anjali Patel,24,Female,O-,9344298828
10469,Rahul Reddy,36,Male,B+,9590047136
10470,Kavya Singh,49,Male,A+,9220073802
10471,Riya Gupta,43,Female,B+,9213490896
10472,Kavya Gupta,41,Female,AB-,9696880849
10473,Rohan Kapoor,53,Female,AB+,9987783217
10474,Pooja Kapoor,53,Male,O+,9661042992
10475,Rohan Verma,37,Female,O-,9717960625
10476,Divya Mehta,47,Male,A-,9467567722
10477,Riya Reddy,54,Female,B+,9668455259
10478,Aman Mehta,45,Male,B-,9796767039
10479,Rahul Singh,58,Male,B+,9940952794
10480,Kavya Patel,31,Male,O+,9863662010
10481,Pooja Reddy,31,Female,O+,9662023741
10482,Aditya Patel,41,Female,AB+,9636351119
10483,Sneha Verma,48,Female,B-,9385837826
10484,Priya Patel,24,Female,AB-,9221835394
10485,Aman Reddy,38,Female,B-,9982348243
10486,Pooja Gupta,21,Female,A+,9263600284
10487,Sneha Sharma,55,Male,O+,9973423677
10488,Anjali Patel,57,Female,O+,9615835431
10489,Anjali Reddy,50,Male,B-,9288012982
10490,Anjali Patel,31,Female,B-,9169933797
10491,Riya Singh,37,Male,O+,9724469767
10492,Aman Singh,20,Male,O+,9607585472
10493,Aditya Singh,45,Female,A-,9497780706
10494,Riya Verma,58,Female,O-,9965182495
10495,Rahul Verma,28,Male,AB+,9836320783
10496,Divya Gupta,23,Female,AB+,9515132797
10497,Rahul Reddy,24,Female,A+,9101241662
10498,Riya Patel,40,Male,AB-,9314973475
10499,Priya Sharma,34,Female,AB-,9604056211
10500,Sahil Mehta,57,Male,B+,9262686349
10501,Vikram Sharma,19,Female,AB-,9874218323
10502,Kavya Reddy,37,Male,AB+,9392207121
10503,Vikram Sharma,23,Male,B-,9406263136
10504,Vikram Sharma,42,Female,B+,9172667109
10505,Kavya Sharma,35,Female,O+,9663638964
10506,Kavya Sharma,60,Male,O-,9755625121
10507,Sahil Singh,25,Male,O+,9619058663
10508,Sneha Singh,33,Male,AB+,9518303806
10509,Arjun Kapoor,43,Female,A+,9902888834
10510,Sneha Patel,60,Female,AB-,9686066930
10511,Sneha Kapoor,45,Female,B+,9279411878
10512,Vikram Sharma,52,Female,A-,9835359927
10513,Rahul Singh,24,Male,A+,9861390326
10514,Divya Sharma,54,Female,B-,9746694575
10515,Rohan Reddy,53,Male,AB+,9668725491
10516,Aman Gupta,43,Male,B+,9379247553
10517,Aditya Gupta,18,Female,AB+,9322943904
10518,Pooja Gupta,36,Male,O-,9983365814
10519,Divya Patel,45,Female,A-,9992421300
10520,Sahil Singh,23,Male,B+,9353218719
10521,Anjali Mehta,18,Male,O-,9969692861
10522,Sahil Verma,20,Male,B+,9962142739
10523,Sneha Patel,39,Male,O-,9261103540
10524,Sahil Reddy,20,Female,A-,9883187408
10525,Sneha Kapoor,51,Male,A+,9747143541
10526,Rahul Gupta,39,Male,O+,9814471775
10527,Kavya Singh,56,Male,B-,9110534756
10528,Rohan Singh,20,Male,AB-,9728903814
10529,Priya Mehta,28,Female,B-,9219245902
10530,Aman Reddy,43,Female,O+,9627507804
10531,Anjali Singh,35,Male,B+,9648280468
10532,Sahil Mehta,19,Male,AB+,9234067010
10533,Priya Verma,54,Female,B+,9271380121
10534,Anjali Gupta,55,Male,AB+,9373591217
10535,Rohan Sharma,43,Female,A-,9471083752
10536,Anjali Singh,26,Male,O-,9987924801
10537,Sahil Gupta,52,Female,A-,9692427531
10538,Karan Singh,40,Female,A-,9416353708
10539,Neha Singh,22,Male,O-,9283031056
10540,Rohan Mehta,42,Male,AB-,9182754566
10541,Anjali Sharma,51,Male,O+,9222261519
10542,Aditya Sharma,51,Female,A-,9314453646
10543,Arjun Kapoor,51,Female,O-,9310721653
10544,Vikram Gupta,27,Male,AB-,9598511860
10545,Priya Kapoor,45,Female,AB-,9723248736
10546,Anjali Mehta,48,Male,O-,9881406716
10547,Anjali Reddy,59,Male,A+,9851318466
10548,Rohan Patel,54,Male,A-,9882220187
10549,Aditya Singh,23,Male,O-,9154969639
10550,Anjali Patel,22,Female,O-,9199161824
10551,Sahil Reddy,29,Female,A+,9262210785
10552,Vikram Gupta,23,Male,B+,9548633196
10553,Anjali Verma,19,Male,A+,9690127028
10554,Karan Singh,19,Male,AB+,9861744097
10555,Neha Verma,54,Male,AB+,9171391691
10556,Arjun Kapoor,23,Male,B+,9346726558
10557,Priya Reddy,32,Male,B-,9731492421
10558,Aditya Singh,54,Female,B+,9668150512
10559,Aditya Reddy,22,Male,A+,9424967023
10560,Vikram Kapoor,50,Female,O+,9641517203
10561,Rahul Sharma,18,Female,O-,9762092136
10562,Riya Gupta,28,Female,O-,9891490305
10563,Priya Reddy,51,Female,B+,9500610298
10564,Neha Verma,30,Female,AB+,9173124601
10565,Neha Verma,47,Female,AB+,9676779204
10566,Arjun Verma,55,Female,AB+,9401932178
10567,Anjali Kapoor,31,Female,AB+,9144505655
10568,Anjali Mehta,53,Female,AB-,9168252139
10569,Rahul Singh,58,Male,O-,9203084055
10570,Rahul Reddy,35,Female,B-,9186107168
10571,Arjun Patel,36,Female,A+,9700344530
10572,Aditya Singh,39,Female,O-,9632471912
10573,Kavya Mehta,33,Male,O-,9952441936
10574,Riya Kapoor,41,Male,B+,9395674139
10575,Kavya Verma,25,Male,A-,9951584868
10576,Riya Singh,25,Female,AB+,9938511414
10577,Pooja Patel,55,Male,A-,9549925535
10578,Aman Mehta,22,Female,AB+,9761297606
10579,Sneha Sharma,49,Male,AB+,9398657546
10580,Arjun Verma,56,Female,AB+,9993166782
10581,Anjali Kapoor,19,Female,O+,9170008873
10582,Rahul Verma,48,Female,AB+,9276037906
10583,Arjun Singh,35,Female,O-,9228146158
10584,Karan Sharma,42,Female,O-,9313432522
10585,Rahul Reddy,40,Male,AB-,9672810694
10586,Karan Singh,35,Male,AB-,9816054467
10587,Divya Verma,33,Male,B-,9174282269
10588,Riya Mehta,35,Male,B+,9362743647
10589,Anjali Gupta,44,Male,AB-,9482218202
10590,Sneha Patel,57,Female,B-,9805382407
10591,Kavya Reddy,48,Male,A+,9430732350
10592,Neha Reddy,25,Female,B+,9599694989
10593,Sneha Patel,57,Female,AB-,9546951365
10594,Pooja Mehta,41,Male,B+,9659368827
10595,Rohan Sharma,31,Female,O-,9564492860
10596,Sahil Gupta,41,Female,AB+,9100475857
10597,Riya Patel,51,Female,B+,9465144040
10598,Karan Singh,50,Male,O+,9724780062
10599,Neha Sharma,58,Male,A-,9205272115
10600,Kavya Singh,25,Male,B-,9882602110
10601,Rahul Singh,20,Male,AB-,9559617332
10602,Arjun Reddy,28,Male,O+,9816210688
10603,Sneha Patel,21,Male,O+,9175018526
10604,Sneha Kapoor,45,Female,A+,9841154356
10605,Riya Mehta,52,Male,AB-,9900031603
10606,Aman Gupta,20,Female,O-,9623775878
10607,Neha Mehta,20,Male,A-,9650392236
10608,Pooja Reddy,36,Male,O+,9340203860
10609,Anjali Singh,51,Female,AB-,9536371186
10610,Neha Kapoor,45,Female,A+,9973386470
10611,Anjali Kapoor,39,Male,A-,9634529433
10612,Vikram Verma,25,Male,A-,9366155918
10613,Rahul Mehta,22,Male,B+,9586808076
10614,Aman Sharma,40,Male,AB+,9593655013
10615,Riya Sharma,39,Female,B+,9361141333
10616,Karan Sharma,55,Female,O-,9719222482
10617,Aditya Patel,50,Female,AB+,9312039510
10618,Rohan Patel,35,Female,B+,9755510294
10619,Arjun Gupta,43,Male,O-,9323083433
10620,Neha Kapoor,18,Male,B-,9882245670
10621,Rahul Gupta,47,Male,O+,9816847007
10622,Sahil Singh,33,Female,B+,9492958820
10623,Neha Sharma,25,Male,A-,9736701002
10624,Pooja Sharma,18,Male,A-,9246090446
10625,Divya Singh,21,Female,A-,9674862080
10626,Kavya Gupta,24,Female,O+,9473603394
10627,Riya Patel,59,Male,O-,9147703678
10628,Kavya Sharma,58,Female,B-,9787455399
10629,Kavya Kapoor,47,Female,A-,9374053720
10630,Neha Mehta,33,Female,AB-,9896826334
10631,Rohan Patel,28,Male,B+,9831258885
10632,Pooja Reddy,43,Female,A+,9160551077
10633,Kavya Gupta,54,Male,A-,9794105719
10634,Vikram Patel,24,Male,AB-,9695801158
10635,Sneha Mehta,24,Female,A-,9684188933
10636,Divya Gupta,21,Male,AB+,9647168839
10637,Sahil Mehta,45,Male,AB+,9515143603
10638,Divya Gupta,60,Female,AB-,9505696269
10639,Aditya Reddy,41,Female,O+,9919310282
10640,Aman Singh,33,Female,A+,9148747739
10641,Aman Mehta,26,Male,A+,9415401650
10642,Rahul Verma,40,Male,O-,9562195297
10643,Anjali Gupta,28,Male,A-,9258689877
10644,Sneha Reddy,26,Male,A+,9735761340
10645,Pooja Kapoor,34,Male,B+,9126247848
10646,Vikram Gupta,23,Female,O-,9589155628
10647,Kavya Kapoor,36,Male,B-,9578787186
10648,Vikram Kapoor,20,Female,B-,9438639102
10649,Kavya Verma,58,Male,O+,9889752040
10650,Aman Reddy,47,Female,O-,9651912249
10651,Divya Kapoor,41,Male,AB-,9672854695
10652,Arjun Kapoor,38,Female,AB-,9228766857
10653,Arjun Gupta,24,Female,B-,9552049688
10654,Priya Gupta,33,Female,B+,9408068048
10655,Neha Sharma,52,Female,O+,9884492246
10656,Priya Patel,34,Male,AB+,9422394761
10657,Vikram Mehta,21,Female,B-,9366528050
10658,Kavya Mehta,49,Male,A-,9450469475
10659,Divya Sharma,51,Male,O+,9316980659
10660,Arjun Gupta,39,Female,AB-,9107245170
10661,Arjun Singh,56,Female,AB-,9356551770
10662,Kavya Sharma,34,Female,O+,9878979784
10663,Priya Mehta,43,Male,AB-,9158201772
10664,Divya Verma,51,Male,AB+,9430684891
10665,Rahul Singh,47,Female,AB-,9381148495
10666,Kavya Sharma,25,Female,B+,9732947733
10667,Arjun Sharma,33,Male,O+,9718294424
10668,Neha Patel,52,Male,AB+,9138121972
10669,Vikram Verma,25,Male,AB+,9471328570
10670,Pooja Sharma,58,Female,O+,9128246492
10671,Sahil Mehta,30,Female,B-,9122114188
10672,Riya Patel,45,Male,AB+,9747924260
10673,Sneha Patel,42,Male,AB-,9897184740
10674,Arjun Reddy,46,Male,A+,9380188663
10675,Divya Mehta,58,Female,B-,9546967946
10676,Anjali Kapoor,30,Male,B-,9179265054
10677,Vikram Verma,20,Male,A-,9832244432
10678,Priya Kapoor,52,Female,O-,9305260074
10679,Rahul Sharma,46,Female,A-,9713499629
10680,Sahil Reddy,18,Female,O+,9561567920
10681,Pooja Kapoor,30,Male,O+,9444073251
10682,Priya Kapoor,32,Male,B+,9626541726
10683,Vikram Gupta,56,Male,A-,9389311732
10684,Priya Mehta,37,Male,B-,9400008472
10685,Sahil Gupta,48,Male,AB+,9366436673
10686,Arjun Kapoor,49,Male,AB-,9874875079
10687,Rahul Verma,39,Male,AB-,9659640309
10688,Pooja Patel,27,Male,A+,9319549013
10689,Anjali Kapoor,20,Male,A+,9219884896
10690,Vikram Patel,60,Female,A+,9218640049
10691,Kavya Kapoor,50,Female,AB-,9840493898
10692,Divya Mehta,40,Male,AB-,9202174625
10693,Aman Reddy,42,Male,AB+,9270959277
10694,Sahil Patel,26,Female,AB+,9343318790
10695,Riya Reddy,48,Male,AB+,9775840760
10696,Aman Verma,19,Male,A+,9778260868
10697,Anjali Patel,35,Male,B-,9445333982
10698,Kavya Gupta,51,Female,O+,9385521281
10699,Vikram Mehta,27,Female,AB-,9899510293
10700,Karan Verma,46,Female,A-,9107176014
10701,Divya Kapoor,46,Male,AB-,9540327262
10702,Divya Patel,32,Male,O-,9312504061
10703,Rohan Kapoor,37,Male,A+,9127079535
10704,Rahul Sharma,28,Female,B+,9123819919
10705,Aman Singh,46,Female,O+,9950322079
10706,Rahul Patel,43,Male,AB-,9819195218
10707,Divya Reddy,52,Female,AB+,9420329194
10708,Sneha Verma,26,Female,AB+,9287527170
10709,Aman Reddy,29,Female,AB+,9926115379
10710,Vikram Verma,57,Female,A+,9807994292
10711,Pooja Reddy,53,Male,B-,9564439893
10712,Kavya Verma,45,Male,O+,9663665699
10713,Pooja Verma,58,Male,O+,9352888773
10714,Vikram Reddy,56,Female,A-,9429075392
10715,Divya Mehta,18,Female,B-,9921431613
10716,Karan Kapoor,20,Female,A+,9338148749
10717,Anjali Gupta,28,Female,B+,9632808484
10718,Priya Gupta,57,Female,B-,9398169220
10719,Pooja Gupta,42,Male,AB+,9511180409
10720,Rohan Reddy,34,Female,AB-,9709517466
10721,Sneha Kapoor,24,Male,A+,9175525588
10722,Divya Singh,28,Male,A-,9477010998
10723,Divya Verma,28,Male,O+,9956664043
10724,Riya Patel,20,Male,B-,9259068347
10725,Neha Mehta,24,Male,B-,9805012598
10726,Arjun Singh,29,Female,AB+,9717805509
10727,Pooja Mehta,46,Male,B-,9185864524
10728,Kavya Patel,52,Male,A+,9978951542
10729,Aman Kapoor,28,Female,O-,9157823383
10730,Kavya Kapoor,21,Male,AB+,9184545778
10731,Rohan Singh,32,Female,AB-,9570547239
10732,Rohan Mehta,35,Female,A-,9574155356
10733,Neha Kapoor,18,Male,O+,9463670156
10734,Rohan Reddy,43,Female,O-,9669821082
10735,Aman Mehta,54,Male,O+,9519822289
10736,Divya Mehta,58,Male,O-,9255744949
10737,Sahil Gupta,27,Male,B-,9566189096
10738,Priya Verma,48,Male,AB+,9619379562
10739,Anjali Singh,26,Female,AB-,9315218914
10740,Sneha Patel,38,Male,O+,9402847772
10741,Pooja Verma,53,Male,AB-,9387852947
10742,Rahul Sharma,51,Female,B-,9655906371
10743,Rahul Gupta,28,Male,O-,9917045124
10744,Sahil Verma,57,Male,O-,9734620610
10745,Riya Mehta,54,Male,B-,9208129133
10746,Sneha Reddy,19,Female,A-,9458085777
10747,Aditya Gupta,55,Male,O+,9621835975
10748,Aman Patel,38,Female,O-,9152746718
10749,Riya Patel,49,Female,A-,9885413688
10750,Riya Singh,19,Male,AB-,9256716883
10751,Divya Reddy,57,Female,A+,9170853559
10752,Arjun Gupta,23,Female,A+,9528386182
10753,Arjun Verma,24,Male,A-,9508580594
10754,Kavya Reddy,30,Female,A+,9700754257
10755,Arjun Verma,34,Female,O+,9586202516
10756,Divya Reddy,60,Male,O+,9713478766
10757,Arjun Gupta,19,Male,B-,9200780987
10758,Karan Gupta,29,Female,B-,9758237898
10759,Sahil Mehta,47,Male,B-,9973132880
10760,Divya Reddy,19,Male,A-,9553582376
10761,Pooja Mehta,22,Male,B+,9886341139
10762,Rohan Sharma,29,Male,O-,9968177017
10763,Karan Sharma,30,Male,AB+,9884342038
10764,Aditya Patel,21,Female,A+,9716107319
10765,Sahil Singh,45,Male,B+,9261728412
10766,Divya Mehta,30,Female,O+,9280550819
10767,Sneha Sharma,54,Female,B-,9294615334
10768,Aditya Singh,46,Male,A+,9564383124
10769,Sahil Reddy,41,Female,A+,9490644438
10770,Kavya Kapoor,19,Male,O-,9447515891
10771,Neha Reddy,34,Female,A+,9643970345
10772,Karan Sharma,43,Male,AB+,9654388079
10773,Sneha Reddy,21,Female,O+,9624108087
10774,Vikram Gupta,26,Female,A-,9727429154
10775,Aman Patel,31,Female,A+,9138348679
10776,Rohan Reddy,27,Male,B+,9843897958
10777,Anjali Kapoor,55,Female,O-,9102904265
10778,Aditya Reddy,20,Male,AB-,9816790381
10779,Anjali Gupta,29,Female,AB+,9367056521
10780,Aman Sharma,26,Male,B+,9201620507
10781,Rahul Kapoor,43,Female,AB+,9977089520
10782,Priya Sharma,55,Male,AB-,9983644524
10783,Rohan Singh,49,Male,B-,9215814573
10784,Sneha Sharma,33,Female,B-,9131499062
10785,Aditya Verma,37,Male,A+,9454902817
10786,Pooja Mehta,19,Male,O-,9783915969
10787,Divya Patel,51,Female,A-,9738783438
10788,Kavya Gupta,50,Female,O+,9803823391
10789,Aditya Gupta,52,Male,B+,9303965990
10790,Anjali Patel,34,Male,AB-,9108932818
10791,Pooja Patel,35,Female,A-,9847911405
10792,Kavya Gupta,26,Female,AB-,9975050893
10793,Pooja Sharma,44,Female,A-,9261201002
10794,Rohan Mehta,19,Male,A-,9564888605
10795,Priya Verma,28,Female,A-,9995382935
10796,Sneha Verma,44,Male,O-,9526516494
10797,Anjali Verma,19,Female,B+,9538841963
10798,Anjali Verma,42,Female,O-,9293922150
10799,Rahul Singh,21,Female,B-,9174552726
10800,Pooja Verma,20,Male,AB+,9375806541
10801,Karan Singh,55,Female,AB+,9104537435
10802,Divya Patel,51,Female,AB+,9258989500
10803,Sahil Verma,49,Male,AB+,9949682450
10804,Aditya Singh,49,Male,A-,9663506337
10805,Kavya Sharma,45,Male,AB+,9386923046
10806,Sahil Singh,19,Male,O-,9402423695
10807,Pooja Mehta,48,Male,A-,9816179169
10808,Riya Reddy,30,Female,B+,9773181827
10809,Aman Gupta,27,Male,A-,9398965182
10810,Rahul Reddy,59,Male,B-,9568964516
10811,Sahil Gupta,56,Male,A+,9631088757
10812,Priya Kapoor,51,Male,AB+,9285698490
10813,Aditya Verma,32,Female,B+,9419590834
10814,Kavya Sharma,44,Female,B+,9237655051
10815,Vikram Mehta,46,Male,O+,9877720749
10816,Pooja Sharma,19,Female,AB-,9983081620
10817,Anjali Gupta,25,Female,B-,9784153868
10818,Rohan Mehta,45,Female,O+,9523680157
10819,Karan Reddy,23,Male,A-,9249743402
10820,Priya Patel,31,Male,AB-,9630521953
10821,Divya Reddy,57,Female,O-,9438706706
10822,Sahil Reddy,40,Female,AB+,9506611441
10823,Riya Reddy,42,Female,O-,9963727655
10824,Rohan Verma,32,Female,A-,9521981370
10825,Rohan Sharma,31,Male,AB+,9936181580
10826,Vikram Singh,25,Female,AB+,9897688559
10827,Divya Kapoor,26,Female,AB+,9842151479
10828,Vikram Verma,37,Female,A-,9114171290
10829,Rahul Gupta,54,Male,AB-,9766683926
10830,Priya Sharma,39,Male,B-,9553622023
10831,Divya Verma,36,Female,A+,9446478137
10832,Aman Kapoor,48,Female,AB-,9319585763
10833,Aditya Sharma,20,Female,O-,9678648683
10834,Karan Gupta,23,Male,A+,9634656858
10835,Divya Sharma,55,Female,A+,9806387632
10836,Karan Mehta,35,Female,A-,9324931946
10837,Riya Gupta,20,Male,AB+,9288182419
10838,Vikram Sharma,60,Female,AB-,9102769898
10839,Karan Verma,27,Male,AB-,9461744863
10840,Divya Mehta,54,Male,AB+,9175278519
10841,Aditya Verma,45,Female,AB-,9446446137
10842,Karan Patel,20,Male,A-,9217225505
10843,Kavya Sharma,31,Male,A+,9820028880
10844,Neha Singh,40,Male,B-,9526180864
10845,Aman Gupta,35,Male,O-,9722281321
10846,Vikram Verma,59,Female,AB-,9178660658
10847,Pooja Verma,22,Male,AB+,9538537428
10848,Kavya Singh,42,Male,A-,9630024388
10849,Neha Reddy,18,Male,A-,9502534581
10850,Karan Gupta,40,Male,B-,9489256292
10851,Arjun Patel,47,Male,A-,9313494742
10852,Sneha Singh,25,Male,A-,9875697635
10853,Anjali Gupta,30,Female,O+,9507564458
10854,Sahil Singh,56,Male,B-,9845680962
10855,Sahil Singh,23,Female,B-,9736163487
10856,Rohan Gupta,18,Female,A+,9182549002
10857,Pooja Patel,25,Male,A+,9468518576
10858,Rohan Gupta,34,Female,AB-,9336077995
10859,Karan Patel,21,Male,O-,9418073892
10860,Sneha Kapoor,30,Female,B-,9326681677
10861,Neha Patel,57,Female,A-,9575776257
10862,Divya Verma,50,Male,A+,9581421353
10863,Divya Patel,41,Male,AB-,9452099112
10864,Rohan Kapoor,50,Female,O+,9194725071
10865,Vikram Kapoor,39,Female,A+,9463003218
10866,Rahul Reddy,31,Male,A+,9616724427
10867,Vikram Gupta,51,Female,O+,9953676799
10868,Neha Patel,45,Female,O-,9308065276
10869,Sneha Kapoor,56,Female,B+,9840719917
10870,Sahil Kapoor,31,Female,AB-,9430436496
10871,Kavya Sharma,25,Male,B+,9189665524
10872,Pooja Kapoor,40,Male,B-,9712070774
10873,Rohan Singh,46,Male,B+,9953512933
10874,Sneha Mehta,44,Female,O+,9114752002
10875,Pooja Sharma,29,Female,AB+,9427522461
10876,Aditya Reddy,19,Female,AB+,9683003631
10877,Aman Kapoor,33,Female,O-,9661050310
10878,Anjali Singh,35,Female,B+,9348881280
10879,Arjun Sharma,43,Female,B-,9913587130
10880,Neha Kapoor,60,Female,A+,9520931654
10881,Vikram Patel,30,Male,B-,9765919765
10882,Sneha Singh,55,Female,O-,9849801519
10883,Kavya Gupta,40,Female,AB-,9550572588
10884,Rahul Kapoor,60,Male,O+,9641584448
10885,Sahil Mehta,55,Male,O-,9741491378
10886,Pooja Verma,58,Male,O+,9416581297
10887,Arjun Gupta,51,Male,O-,9632005325
10888,Sneha Mehta,56,Male,A-,9769720959
10889,Rohan Verma,32,Female,AB+,9433091008
10890,Aditya Reddy,28,Male,A-,9682376722
10891,Pooja Gupta,20,Male,AB+,9580158368
10892,Rahul Singh,30,Male,O+,9218397088
10893,Kavya Singh,40,Male,AB+,9838306472
10894,Rohan Singh,46,Male,A+,9384147037
10895,Divya Mehta,57,Male,B+,9682729224
10896,Divya Verma,28,Male,O-,9428352625
10897,Pooja Reddy,41,Female,B-,9520408952
10898,Arjun Verma,50,Male,O-,9125338940
10899,Pooja Reddy,20,Male,B-,9586567244
10900,Sneha Singh,41,Male,O+,9944089186
10901,Anjali Verma,26,Male,B-,9495275370
10902,Sneha Kapoor,57,Female,AB-,9189080923
10903,Riya Singh,34,Female,B+,9384149264
10904,Priya Mehta,41,Female,B+,9350144364
10905,Divya Verma,54,Female,AB-,9268105502
10906,Anjali Singh,57,Female,O-,9944722287
10907,Priya Singh,41,Female,AB-,9701621157
10908,Arjun Mehta,36,Male,B+,9140844896
10909,Arjun Gupta,50,Female,B+,9942418225
10910,Sneha Singh,56,Female,O-,9355889393
10911,Neha Mehta,33,Female,A+,9778471128
10912,Riya Kapoor,27,Male,A+,9103786362
10913,Aman Reddy,23,Female,AB-,9990629582
10914,Kavya Patel,30,Male,AB-,9796998710
10915,Sneha Patel,44,Male,A-,9473590870
10916,Riya Reddy,35,Female,B-,9633458725
10917,Pooja Reddy,21,Male,A+,9328270174
10918,Riya Patel,33,Female,A+,9236874007
10919,Sahil Reddy,25,Female,AB-,9639709351
10920,Rohan Sharma,39,Male,A-,9670617099
10921,Riya Mehta,52,Female,B+,9300133443
10922,Kavya Patel,25,Female,B+,9596219878
10923,Rohan Patel,21,Male,B-,9415803410
10924,Aman Sharma,41,Male,O-,9130120992
10925,Neha Mehta,23,Female,A-,9732295903
10926,Rohan Reddy,34,Female,A+,9121794113
10927,Kavya Sharma,45,Female,AB+,9154070539
10928,Kavya Verma,58,Male,AB-,9345612886
10929,Pooja Patel,24,Male,AB-,9452842227
10930,Arjun Singh,34,Male,B+,9571662269
10931,Anjali Sharma,25,Female,A-,9222966581
10932,Neha Sharma,50,Male,AB-,9304624475
10933,Sneha Verma,45,Female,A-,9478349575
10934,Vikram Singh,31,Female,AB-,9950549101
10935,Priya Patel,19,Female,A-,9896454459
10936,Karan Reddy,42,Female,O-,9112996115
10937,Priya Patel,18,Female,A+,9468810633
10938,Priya Patel,36,Male,AB-,9202532467
10939,Aman Kapoor,29,Female,A+,9988750105
10940,Sneha Gupta,35,Male,O-,9766041299
10941,Rahul Gupta,30,Male,AB-,9341722214
10942,Sneha Reddy,30,Male,AB+,9565195583
10943,Sneha Mehta,60,Female,B+,9266524441
10944,Pooja Verma,22,Male,AB+,9184742281
10945,Pooja Verma,26,Female,B+,9982550868
10946,Sahil Mehta,52,Male,AB-,9782945230
10947,Anjali Reddy,33,Male,O+,9945956851
10948,Arjun Patel,19,Female,AB+,9449012372
10949,Sahil Gupta,46,Male,B-,9186568783
10950,Divya Reddy,54,Female,AB-,9706873908
10951,Sneha Singh,58,Male,AB+,9375706534
10952,Rohan Kapoor,18,Female,AB+,9453132245
10953,Aditya Gupta,34,Male,B+,9968736486
10954,Neha Sharma,48,Female,A-,9942177712
10955,Pooja Patel,39,Male,B+,9697171269
10956,Riya Sharma,22,Male,B-,9577360242
10957,Riya Verma,20,Male,A-,9846329056
10958,Neha Reddy,51,Male,A-,9218982851
10959,Priya Gupta,47,Male,AB+,9397595174
10960,Rohan Gupta,38,Male,B+,9474858272
10961,Sahil Reddy,26,Male,A-,9704348659
10962,Arjun Verma,23,Male,AB+,9488978841
10963,Vikram Patel,40,Male,A-,9536582639
10964,Arjun Mehta,23,Female,O+,9285352831
10965,Rahul Sharma,18,Female,O+,9420378414
10966,Sneha Gupta,33,Female,O-,9277771746
10967,Anjali Singh,50,Female,AB-,9561295945
10968,Karan Verma,35,Male,AB-,9408529882
10969,Aman Sharma,49,Male,B+,9597614600
10970,Riya Verma,55,Male,B-,9580543834
10971,Kavya Reddy,33,Male,A-,9110042882
10972,Anjali Mehta,30,Female,AB-,9723339108
10973,Neha Kapoor,39,Female,A-,9845849683
10974,Divya Verma,58,Female,AB+,9142225705
10975,Rahul Reddy,34,Female,O-,9244255833
10976,Neha Reddy,57,Male,A-,9663484308
10977,Vikram Verma,21,Female,O+,9929545327
10978,Priya Mehta,60,Female,AB-,9674880654
10979,Aditya Sharma,34,Male,AB-,9339778565
10980,Aditya Reddy,44,Female,O-,9868009102
10981,Neha Singh,41,Female,O+,9510270675
10982,Rahul Reddy,18,Male,O-,9330543110
10983,Kavya Singh,31,Male,AB-,9589333958
10984,Sneha Singh,25,Female,O+,9293149124
10985,Sahil Patel,51,Male,O-,9345728708
10986,Rohan Singh,51,Male,AB+,9282678421
10987,Sahil Mehta,36,Female,O+,9984644906
10988,Rahul Patel,50,Female,B-,9256287673
10989,Aman Verma,60,Male,B-,9887872958
10990,Priya Gupta,37,Male,A-,9613643045
10991,Arjun Kapoor,37,Female,O+,9370325733
10992,Divya Sharma,36,Female,O+,9280775306
10993,Rohan Sharma,37,Female,A-,9534570311
10994,Karan Verma,45,Female,AB+,9202238843
10995,Kavya Sharma,21,Male,B-,9335086815
10996,Aditya Sharma,34,Female,AB+,9956677312
10997,Vikram Verma,26,Male,O+,9962829759
10998,Sahil Sharma,41,Male,AB-,9549663009
10999,Rahul Singh,53,Male,O-,9155974966
11000,Rahul Reddy,27,Female,B+,9166595964
11001,Kavya Mehta,33,Male,O-,9595996808
11002,Vikram Singh,42,Female,O+,9577808070
11003,Neha Gupta,57,Female,O+,9166618393
11004,Aman Mehta,20,Male,AB-,9946781538
11005,Arjun Gupta,54,Male,AB+,9840644749
11006,Sahil Mehta,22,Female,O-,9945805698
11007,Anjali Verma,27,Female,A-,9872555718
11008,Arjun Singh,43,Male,O-,9231628769
11009,Riya Reddy,21,Female,B-,9850250967
11010,Kavya Singh,19,Male,O+,9374098423
11011,Arjun Gupta,47,Male,B-,9334897600
11012,Vikram Mehta,53,Male,O+,9324188150
11013,Rohan Verma,32,Male,A+,9426097401
11014,Neha Patel,27,Female,O+,9708928542
11015,Sneha Mehta,33,Male,A+,9468936888
11016,Aman Reddy,42,Male,AB+,9103555092
11017,Rohan Patel,42,Male,A+,9168250419
11018,Priya Patel,22,Female,A-,9951439216
11019,Sahil Verma,51,Male,B+,9716250178
11020,Riya Mehta,30,Female,O+,9930618156
11021,Sneha Gupta,40,Male,A-,9694234713
11022,Aman Reddy,53,Female,A+,9343957209
11023,Aditya Gupta,30,Female,A-,9289841375
11024,Arjun Verma,36,Male,O+,9204697095
11025,Aman Singh,37,Male,AB-,9974569258
11026,Anjali Verma,27,Male,B-,9948694281
11027,Karan Reddy,31,Male,A+,9833227631
11028,Sahil Sharma,33,Male,O-,9746474666
11029,Divya Reddy,32,Female,O-,9494598075
11030,Riya Gupta,59,Male,A+,9690657853
11031,Pooja Mehta,26,Male,O-,9235711946
11032,Arjun Gupta,18,Male,O-,9513670699
11033,Rohan Gupta,23,Male,B-,9125039417
11034,Rohan Mehta,41,Male,B+,9983499123
11035,Divya Mehta,36,Female,B+,9281536818
11036,Arjun Verma,34,Male,B-,9907859987
11037,Sahil Kapoor,27,Female,AB-,9666839714
11038,Riya Verma,33,Male,B-,9800535133
11039,Karan Sharma,40,Female,A-,9966644978
11040,Neha Verma,22,Male,B-,9628975853
11041,Vikram Kapoor,44,Female,A+,9649359113
11042,Anjali Verma,31,Female,B+,9894614301
11043,Vikram Verma,25,Male,A-,9654651018
11044,Rahul Kapoor,60,Male,O-,9727871395
11045,Karan Kapoor,31,Male,A-,9302124763
11046,Aman Patel,19,Male,A+,9914044255
11047,Vikram Patel,60,Male,A-,9385579735
11048,Neha Kapoor,38,Female,B+,9682335330
11049,Neha Mehta,50,Male,AB-,9682773872
11050,Aditya Reddy,60,Female,A+,9590998070
11051,Riya Reddy,54,Male,B+,9400083744
11052,Pooja Patel,34,Female,B+,9314355123
11053,Divya Patel,35,Female,A+,9841485562
11054,Anjali Reddy,19,Male,A+,9967065944
11055,Kavya Mehta,34,Male,B+,9787697732
11056,Rohan Sharma,23,Female,O-,9515394235
11057,Karan Patel,30,Male,AB-,9768759506
11058,Sahil Mehta,50,Female,O+,9827072305
11059,Sneha Gupta,21,Male,AB+,9678505658
11060,Rohan Mehta,35,Female,B-,9552455113
11061,Aditya Kapoor,59,Male,O+,9304074482
11062,Karan Gupta,40,Female,A+,9644169292
11063,Aman Verma,48,Female,O+,9538067833
11064,Aman Gupta,37,Female,O+,9500676164
11065,Rohan Sharma,51,Female,O-,9231953902
11066,Priya Reddy,20,Female,A-,9202985684
11067,Rohan Sharma,29,Male,B-,9987187368
11068,Arjun Patel,18,Female,AB-,9659441735
11069,Arjun Mehta,29,Male,AB-,9124576966
11070,Pooja Gupta,31,Female,A+,9961025288
11071,Rohan Gupta,52,Female,A-,9672440671
11072,Sneha Reddy,36,Female,O-,9903123502
11073,Arjun Reddy,43,Male,O+,9799416579
11074,Karan Patel,56,Male,A+,9644610137
11075,Kavya Kapoor,59,Male,B-,9555244457
11076,Divya Sharma,47,Female,AB+,9555026074
11077,Aditya Gupta,31,Male,AB+,9106966228
11078,Aditya Sharma,38,Female,AB-,9947659273
11079,Rahul Verma,30,Male,B-,9975584784
11080,Pooja Kapoor,23,Female,B+,9834748262
11081,Kavya Gupta,57,Female,B-,9203721676
11082,Divya Kapoor,34,Male,B+,9520069674
11083,Sneha Sharma,25,Female,AB-,9263391803
11084,Sahil Kapoor,28,Male,A-,9149375910
11085,Aditya Mehta,48,Female,AB+,9549682120
11086,Vikram Sharma,41,Female,B+,9119874345
11087,Aman Verma,51,Female,O+,9648384474
11088,Anjali Reddy,28,Female,B-,9897904721
11089,Pooja Sharma,23,Male,AB+,9706905210
11090,Aditya Reddy,34,Male,A-,9982211922
11091,Vikram Reddy,23,Female,A-,9931717879
11092,Karan Verma,55,Female,B+,9894656893
11093,Vikram Reddy,44,Male,AB+,9325405213
11094,Rohan Patel,32,Female,O-,9887880158
11095,Sneha Patel,58,Male,AB-,9400733358
11096,Kavya Kapoor,47,Female,AB-,9594835112
11097,Sneha Gupta,46,Male,O-,9383602678
11098,Aditya Kapoor,25,Male,O-,9179569545
11099,Vikram Kapoor,30,Female,O-,9650577216
11100,Sneha Singh,24,Female,AB-,9390290108
11101,Anjali Kapoor,46,Male,O-,9585421361
11102,Rahul Gupta,24,Female,AB-,9680371970
11103,Riya Verma,31,Female,AB+,9309011277
11104,Vikram Kapoor,41,Male,O+,9360182929
11105,Vikram Reddy,46,Female,AB-,9379209636
11106,Pooja Sharma,18,Female,B+,9172840238
11107,Rahul Reddy,55,Female,O-,9537446274
11108,Rahul Verma,54,Female,O+,9808149286
11109,Sahil Reddy,54,Male,B+,9629800948
11110,Karan Patel,58,Male,O-,9724458864
11111,Priya Reddy,52,Male,A+,9636735321
11112,Neha Kapoor,51,Male,A+,9216099349
11113,Karan Patel,26,Female,A+,9644494713
11114,Karan Verma,57,Female,B+,9868219133
11115,Sahil Gupta,43,Female,AB+,9370850658
11116,Arjun Patel,30,Male,B+,9791926148
11117,Arjun Sharma,41,Female,O+,9600430173
11118,Pooja Sharma,41,Female,AB+,9614483307
11119,Pooja Singh,18,Male,B+,9672494809
11120,Vikram Kapoor,37,Male,O-,9201013182
11121,Pooja Singh,36,Male,A+,9947123124
11122,Sneha Kapoor,47,Male,AB+,9752343846
11123,Anjali Gupta,20,Female,O+,9439857373
11124,Kavya Kapoor,51,Female,B-,9773609290
11125,Aditya Mehta,24,Male,B+,9112790825
11126,Kavya Singh,23,Female,A+,9454294911
11127,Sahil Sharma,29,Male,B+,9388916900
11128,Kavya Sharma,32,Male,A-,9354271992
11129,Karan Reddy,52,Male,A+,9516979008
11130,Pooja Sharma,57,Female,AB+,9259364555
11131,Neha Mehta,38,Female,A+,9571173161
11132,Karan Singh,18,Male,B+,9806600136
11133,Vikram Gupta,35,Male,B-,9142428907
11134,Sahil Verma,18,Female,AB-,9804875143
11135,Kavya Sharma,35,Male,B-,9537604605
11136,Rohan Sharma,42,Female,A-,9502252355
11137,Sneha Verma,50,Male,B+,9282696811
11138,Pooja Verma,32,Male,AB-,9166285912
11139,Aman Sharma,26,Male,B+,9309058101
11140,Anjali Verma,31,Male,AB-,9999103773
11141,Sneha Gupta,29,Female,B-,9440316853
11142,Priya Singh,26,Male,AB+,9939192854
11143,Aman Patel,23,Male,A-,9743937766
11144,Arjun Kapoor,27,Male,A+,9452858285
11145,Kavya Gupta,60,Male,A-,9957292296
11146,Pooja Kapoor,58,Female,A-,9864178080
11147,Pooja Verma,57,Female,A-,9621315106
11148,Riya Kapoor,19,Male,A-,9215991017
11149,Divya Gupta,31,Male,O+,9841805482
11150,Aditya Sharma,23,Female,A-,9101322051
11151,Pooja Singh,19,Female,AB+,9813522284
11152,Divya Patel,27,Male,A+,9761591416
11153,Karan Singh,49,Male,O+,9923229225
11154,Divya Singh,59,Male,O-,9240459207
11155,Divya Singh,21,Female,O+,9476638745
11156,Riya Reddy,57,Male,O+,9577468473
11157,Aman Singh,47,Female,AB+,9857102680
11158,Rahul Verma,32,Male,AB-,9719037101
11159,Aditya Singh,38,Male,B-,9796449950
11160,Anjali Gupta,58,Female,A+,9591956004
11161,Karan Sharma,43,Female,O-,9691735953
11162,Riya Verma,54,Male,A+,9864121671
11163,Vikram Singh,52,Female,AB+,9148426588
11164,Rohan Sharma,27,Female,A-,9560169219
11165,Sahil Gupta,38,Male,A-,9442808919
11166,Riya Singh,28,Female,AB+,9656585829
11167,Sneha Sharma,44,Male,AB+,9456833386
11168,Anjali Reddy,53,Male,AB+,9608700319
11169,Priya Mehta,60,Female,AB+,9757746345
11170,Aditya Verma,48,Male,A-,9282808081
11171,Sahil Verma,38,Male,B-,9390573916
11172,Divya Kapoor,30,Female,B-,9122459683
11173,Vikram Patel,56,Female,B-,9324797765
11174,Sneha Sharma,29,Male,AB-,9838294527
11175,Vikram Sharma,59,Female,O+,9377856399
11176,Arjun Sharma,30,Female,AB+,9155618621
11177,Arjun Mehta,45,Female,AB-,9184797886
11178,Kavya Gupta,33,Female,A+,9369608506
11179,Pooja Gupta,54,Male,A+,9736682238
11180,Divya Gupta,38,Female,AB+,9747026923
11181,Aman Singh,51,Male,A-,9996265340
11182,Sneha Reddy,54,Female,AB+,9389785537
11183,Vikram Singh,50,Male,B+,9770057403
11184,Arjun Reddy,36,Male,O-,9743882378
11185,Riya Kapoor,18,Female,AB-,9984310133
11186,Arjun Sharma,54,Female,O-,9670650911
11187,Sahil Gupta,22,Female,B-,9686619024
11188,Anjali Verma,18,Female,B+,9473382759
11189,Sneha Singh,24,Male,AB+,9509248835
11190,Anjali Kapoor,24,Male,O+,9503730305
11191,Divya Mehta,42,Male,O+,9339001049
11192,Rahul Sharma,36,Male,B-,9443324504
11193,Priya Verma,40,Female,AB+,9113636753
11194,Aditya Mehta,39,Female,AB+,9198531215
11195,Rohan Patel,46,Male,AB-,9764676400
11196,Vikram Kapoor,57,Female,B+,9495724722
11197,Kavya Reddy,34,Male,O+,9231588424
11198,Riya Mehta,44,Female,AB-,9597182740
11199,Sahil Gupta,18,Female,B-,9361580746
11200,Sahil Mehta,39,Female,A-,9580623567
11201,Sneha Verma,21,Female,O+,9593472188
11202,Sahil Kapoor,57,Male,AB+,9727754356
11203,Riya Singh,32,Female,AB+,9315664075
11204,Riya Singh,50,Female,A-,9470076734
11205,Riya Singh,51,Male,O-,9742625050
11206,Pooja Reddy,46,Female,A-,9636597906
11207,Karan Kapoor,33,Female,A+,9224309650
11208,Priya Reddy,52,Female,O-,9511351566
11209,Priya Mehta,31,Female,AB-,9139239570
11210,Karan Mehta,53,Male,O+,9822058425
11211,Divya Gupta,57,Male,O+,9217142886
11212,Pooja Patel,37,Female,O+,9106677930
11213,Divya Reddy,43,Female,O+,9958069184
11214,Rahul Kapoor,42,Male,B+,9403980643
11215,Vikram Patel,43,Male,B+,9636145965
11216,Sneha Singh,23,Female,B-,9540343630
11217,Sahil Mehta,45,Female,O-,9348746307
11218,Priya Patel,20,Female,B+,9634571733
11219,Kavya Singh,60,Male,O+,9501001362
11220,Aditya Patel,22,Female,O-,9849803315
11221,Riya Patel,40,Female,A-,9547400502
11222,Rohan Sharma,28,Male,O+,9218136521
11223,Vikram Kapoor,34,Female,AB-,9880612672
11224,Aditya Singh,35,Female,A-,9588985651
11225,Riya Gupta,52,Male,O+,9203471068
11226,Pooja Verma,19,Female,O-,9650648240
11227,Aman Kapoor,31,Male,O-,9113475969
11228,Neha Kapoor,25,Female,O+,9920567348
11229,Riya Reddy,18,Female,B-,9985535980
11230,Neha Sharma,52,Female,A-,9743581546
11231,Karan Patel,21,Female,O+,9840579962
11232,Anjali Gupta,57,Female,O+,9895891643
11233,Aman Verma,20,Male,A+,9682542515
11234,Aditya Mehta,51,Female,B-,9696252259
11235,Rahul Gupta,21,Female,AB+,9204871196
11236,Sahil Verma,43,Female,A-,9316046818
11237,Rahul Patel,30,Female,AB+,9664973011
11238,Divya Kapoor,54,Female,A-,9775840835
11239,Rahul Gupta,50,Male,A+,9437672831
11240,Kavya Gupta,55,Female,AB-,9669027184
11241,Rohan Sharma,28,Female,B-,9638691636
11242,Aditya Verma,31,Male,O-,9709969970
11243,Neha Mehta,60,Female,AB+,9836880490
11244,Rohan Mehta,52,Male,AB-,9888768580
11245,Aditya Kapoor,59,Male,A-,9735063753
11246,Arjun Singh,43,Male,AB+,9851768659
11247,Divya Reddy,58,Male,AB+,9494884290
11248,Sahil Patel,32,Female,B-,9150466425
11249,Divya Verma,26,Male,O+,9309811056
11250,Aditya Patel,32,Male,O-,9360221507
11251,Karan Kapoor,53,Female,O+,9691539646
11252,Neha Patel,54,Female,O-,9142573330
11253,Priya Verma,39,Male,B-,9390414273
11254,Karan Verma,45,Male,B+,9315993272
11255,Arjun Patel,29,Male,B-,9381194763
11256,Karan Kapoor,41,Female,A-,9931519347
11257,Anjali Sharma,38,Female,AB+,9762443022
11258,Vikram Verma,32,Female,A+,9507907191
11259,Anjali Reddy,26,Female,A+,9252494797
11260,Rohan Mehta,43,Female,AB-,9919721841
11261,Neha Verma,21,Female,O+,9786364359
11262,Priya Reddy,19,Male,O+,9143681724
11263,Riya Reddy,37,Female,B-,9791884686
11264,Arjun Kapoor,35,Female,O-,9176245473
11265,Riya Verma,41,Female,B-,9364016614
11266,Sahil Sharma,44,Male,A+,9905682683
11267,Aman Kapoor,28,Male,A-,9293079392
11268,Karan Sharma,32,Female,O-,9271302045
11269,Riya Gupta,46,Male,A+,9682490910
11270,Aman Patel,56,Male,B-,9467910764
11271,Rahul Kapoor,35,Male,A+,9529872113
11272,Vikram Mehta,51,Male,AB+,9246711341
11273,Pooja Mehta,24,Male,O+,9664146082
11274,Neha Singh,22,Male,AB+,9947900368
11275,Neha Patel,49,Female,O-,9350944624
11276,Karan Gupta,42,Female,O-,9560086596
11277,Sahil Singh,57,Male,A+,9128273081
11278,Kavya Kapoor,48,Male,B-,9642313248
11279,Aditya Reddy,36,Female,AB+,9349331156
11280,Arjun Sharma,51,Male,AB-,9821959806
11281,Aditya Sharma,36,Female,AB-,9938336085
11282,Divya Gupta,28,Male,AB-,9780407822
11283,Kavya Gupta,29,Male,A+,9724281777
11284,Rohan Kapoor,52,Male,AB-,9933379939
11285,Pooja Reddy,55,Female,B-,9107082029
11286,Sneha Patel,21,Male,O-,9494721657
11287,Neha Kapoor,60,Female,O+,9584725454
11288,Riya Sharma,19,Female,B+,9614410213
11289,Priya Kapoor,56,Female,AB-,9413195649
11290,Pooja Kapoor,31,Male,AB-,9333106777
11291,Riya Kapoor,34,Female,A-,9839538355
11292,Sahil Reddy,50,Male,AB+,9938264587
11293,Aditya Sharma,40,Female,AB+,9473690482
11294,Vikram Singh,41,Male,AB+,9723133739
11295,Sneha Gupta,52,Male,O-,9377988224
11296,Arjun Singh,24,Male,A-,9931879726
11297,Priya Mehta,51,Female,O+,9922637658
11298,Sahil Gupta,42,Male,AB+,9188869236
11299,Sahil Mehta,49,Male,AB+,9211365711
11300,Kavya Reddy,37,Male,A+,9451006345
11301,Sahil Patel,30,Male,O+,9291391028
11302,Rohan Patel,31,Male,B+,9924478713
11303,Arjun Reddy,52,Female,AB-,9349873431
11304,Arjun Reddy,53,Female,O+,9519928887
11305,Aditya Kapoor,45,Male,B-,9255914687
11306,Sneha Verma,58,Male,AB+,9445252439
11307,Riya Verma,40,Female,O-,9756340981
11308,Pooja Gupta,24,Female,A-,9742142904
11309,Riya Kapoor,28,Female,O+,9251532511
11310,Priya Singh,32,Female,A-,9129671906
11311,Divya Patel,18,Male,B-,9342523742
11312,Rahul Gupta,46,Male,B+,9626923639
11313,Anjali Singh,35,Male,O-,9438909673
11314,Sneha Verma,45,Male,AB-,9715621845
11315,Sahil Reddy,22,Female,A-,9227787428
11316,Rohan Reddy,46,Female,A-,9512139815
11317,Karan Verma,38,Male,A+,9737716180
11318,Sahil Singh,59,Female,O+,9938459203
11319,Sneha Verma,51,Male,B+,9699738212
11320,Neha Gupta,35,Male,B+,9565681236
11321,Priya Kapoor,39,Female,AB+,9780933150
11322,Karan Mehta,59,Female,A+,9930126906
11323,Arjun Gupta,28,Male,AB+,9756034989
11324,Divya Gupta,57,Male,O-,9517292664
11325,Aditya Mehta,45,Female,AB-,9344283127
11326,Riya Patel,53,Male,AB+,9467779057
11327,Karan Singh,37,Male,B-,9897628702
11328,Karan Reddy,31,Male,B+,9524405400
11329,Pooja Sharma,51,Male,AB+,9433010529
11330,Pooja Sharma,27,Male,AB+,9250832835
11331,Aditya Kapoor,40,Male,B+,9199934603
11332,Arjun Reddy,60,Female,AB+,9856702381
11333,Rohan Singh,54,Female,A-,9965075391
11334,Anjali Sharma,38,Male,O-,9129382451
11335,Priya Verma,54,Male,O+,9269469744
11336,Pooja Patel,41,Male,A-,9774648517
11337,Vikram Singh,40,Female,B+,9371039604
11338,Pooja Kapoor,47,Female,B+,9754502250
11339,Vikram Sharma,45,Female,AB-,9379597900
11340,Divya Patel,59,Female,O-,9157847650
11341,Karan Reddy,21,Female,A+,9172060891
11342,Priya Mehta,41,Female,AB-,9350870864
11343,Vikram Mehta,46,Female,B-,9592775240
11344,Aman Verma,48,Male,AB-,9847902013
11345,Sahil Verma,22,Female,A-,9638193091
11346,Kavya Mehta,50,Male,AB-,9690403148
11347,Sneha Patel,26,Male,B-,9600898163
11348,Rohan Sharma,50,Female,A-,9717475583
11349,Divya Reddy,23,Female,O+,9990151183
11350,Anjali Verma,18,Male,A+,9377410642
11351,Kavya Verma,54,Female,A+,9566232185
11352,Arjun Patel,51,Female,A+,9969710574
11353,Priya Kapoor,46,Male,O+,9167917093
11354,Pooja Patel,31,Male,A+,9252180960
11355,Aditya Gupta,29,Male,O-,9954843752
11356,Karan Reddy,59,Female,B+,9354479332
11357,Sneha Gupta,48,Male,A-,9256367398
11358,Sahil Sharma,41,Female,B+,9770391987
11359,Vikram Patel,42,Male,B-,9516314747
11360,Vikram Sharma,24,Male,AB+,9251899787
11361,Sneha Gupta,50,Female,O+,9346103848
11362,Rahul Singh,55,Female,B+,9639298256
11363,Sneha Verma,53,Male,B-,9228502496
11364,Sahil Mehta,30,Female,A-,9306006578
11365,Divya Singh,45,Male,O-,9887803482
11366,Pooja Reddy,51,Male,AB+,9455702806
11367,Sneha Reddy,52,Male,B-,9329085349
11368,Sneha Reddy,27,Male,B+,9694458996
11369,Anjali Kapoor,57,Male,O-,9443208962
11370,Pooja Verma,31,Female,A+,9499917583
11371,Arjun Gupta,36,Male,AB-,9840011815
11372,Pooja Reddy,38,Female,B-,9296380957
11373,Pooja Verma,30,Female,A+,9972364389
11374,Kavya Sharma,28,Female,A-,9397878606
11375,Sneha Sharma,48,Male,O-,9978671067
11376,Aditya Patel,49,Female,B-,9839233477
11377,Sahil Sharma,18,Female,AB-,9906231798
11378,Pooja Mehta,49,Female,B+,9632831101
11379,Divya Kapoor,47,Male,O-,9322950332
11380,Anjali Patel,54,Female,B-,9584276321
11381,Vikram Gupta,37,Female,O-,9876988707
11382,Sneha Singh,28,Female,AB-,9178506894
11383,Pooja Kapoor,44,Male,A+,9164565143
11384,Sneha Singh,40,Female,B-,9434983721
11385,Priya Singh,56,Female,A+,9645464501
11386,Divya Kapoor,50,Female,A+,9567380411
11387,Rohan Sharma,22,Male,O-,9389390642
11388,Sahil Reddy,53,Male,O+,9998323384
11389,Neha Reddy,42,Male,AB+,9527020729
11390,Aman Sharma,39,Male,A-,9686015094
11391,Rahul Gupta,60,Female,O-,9754037421
11392,Pooja Sharma,38,Male,AB-,9942074091
11393,Sneha Mehta,55,Female,A+,9539313578
11394,Priya Kapoor,39,Female,B+,9595318531
11395,Rahul Patel,22,Male,AB-,9142510813
11396,Priya Verma,49,Male,AB-,9362672934
11397,Aditya Singh,53,Male,O-,9618539432
11398,Rohan Sharma,53,Female,O-,9720024290
11399,Aditya Mehta,60,Male,A-,9941367549
11400,Sneha Mehta,36,Female,A-,9552109055
11401,Pooja Kapoor,33,Male,B-,9514189852
11402,Aditya Sharma,20,Female,AB+,9212788946
11403,Riya Singh,53,Female,AB-,9625641568
11404,Sneha Reddy,29,Male,A+,9837501343
11405,Aditya Mehta,40,Female,O+,9987573667
11406,Sneha Patel,38,Female,A-,9898090875
11407,Karan Sharma,20,Male,B+,9276198749
11408,Rahul Patel,36,Female,B+,9123104477
11409,Riya Patel,49,Male,B-,9547471467
11410,Aman Gupta,23,Male,B+,9640238523
11411,Anjali Patel,30,Male,B+,9567704845
11412,Pooja Singh,53,Male,B-,9180024320
11413,Divya Verma,58,Male,B+,9898221893
11414,Riya Mehta,59,Male,O-,9596863595
11415,Anjali Singh,40,Female,B-,9555503514
11416,Neha Patel,51,Male,B+,9338944137
11417,Rahul Mehta,32,Male,AB-,9248595986
11418,Riya Sharma,20,Male,A-,9679222868
11419,Sneha Singh,33,Male,O-,9328119204
11420,Priya Verma,58,Male,B+,9193744340
11421,Vikram Gupta,58,Male,O+,9475990638
11422,Vikram Verma,21,Male,A+,9575595245
11423,Rohan Mehta,29,Male,AB-,9855780525
11424,Priya Sharma,55,Male,A-,9752586649
11425,Aditya Verma,38,Male,AB-,9774070494
11426,Sneha Verma,22,Female,A+,9813110619
11427,Pooja Verma,28,Male,AB-,9163992202
11428,Aman Verma,28,Female,AB-,9164392714
11429,Anjali Patel,47,Male,B-,9707861157
11430,Priya Reddy,33,Male,O-,9761932874
11431,Sneha Gupta,56,Male,O-,9215395286
11432,Aman Sharma,35,Female,A-,9425334609
11433,Sneha Gupta,42,Male,O-,9441516425
11434,Riya Verma,20,Female,B-,9952308014
11435,Pooja Kapoor,39,Male,B+,9602049769
11436,Arjun Kapoor,44,Male,AB+,9607886777
11437,Priya Mehta,29,Male,B-,9885964509
11438,Pooja Reddy,39,Male,A-,9619719473
11439,Karan Mehta,44,Male,O+,9390061293
11440,Priya Mehta,51,Female,A-,9207757350
11441,Divya Mehta,46,Female,A-,9605622377
11442,Rahul Reddy,46,Female,O-,9557655708
11443,Riya Singh,47,Male,A+,9971507535
11444,Sahil Verma,20,Female,B+,9935500858
11445,Priya Kapoor,19,Female,B-,9856018334
11446,Divya Kapoor,53,Female,B+,9637524864
11447,Aman Mehta,57,Female,A+,9110054180
11448,Aditya Patel,25,Female,A+,9166675814
11449,Arjun Kapoor,34,Female,AB-,9437880405
11450,Priya Reddy,37,Male,AB+,9421207349
11451,Pooja Kapoor,55,Female,AB+,9541003629
11452,Anjali Patel,43,Male,O+,9928287244
11453,Karan Mehta,24,Male,B-,9673659541
11454,Neha Kapoor,35,Female,A-,9442360341
11455,Arjun Singh,54,Male,O-,9595157804
11456,Kavya Reddy,23,Male,AB-,9672724324
11457,Riya Verma,43,Male,A+,9186858441
11458,Karan Verma,25,Male,O-,9638543002
11459,Aditya Verma,52,Female,O-,9815045890
11460,Anjali Kapoor,21,Male,O-,9606757590
11461,Vikram Mehta,53,Female,A+,9975805368
11462,Priya Sharma,44,Male,AB-,9127864694
11463,Rohan Patel,42,Female,A+,9458929175
11464,Rahul Patel,51,Male,B+,9974545197
11465,Divya Mehta,28,Female,B-,9593992177
11466,Rohan Sharma,46,Male,AB+,9223525915
11467,Rahul Singh,35,Male,O+,9829202066
11468,Sneha Reddy,46,Male,B-,9635137469
11469,Aditya Kapoor,20,Male,AB-,9340884326
11470,Karan Sharma,25,Male,AB-,9233483194
11471,Riya Gupta,46,Male,AB+,9667186920
11472,Divya Mehta,20,Male,B-,9188455758
11473,Neha Reddy,36,Female,O-,9229128214
11474,Divya Patel,40,Male,B-,9981450275
11475,Kavya Verma,38,Male,A+,9619916619
11476,Rohan Kapoor,50,Male,O+,9677582832
11477,Vikram Sharma,23,Male,A+,9255111246
11478,Sneha Mehta,27,Female,B+,9151548626
11479,Kavya Patel,48,Female,O-,9436120286
11480,Aditya Verma,50,Female,O-,9251061860
11481,Divya Sharma,19,Female,O-,9362735331
11482,Riya Mehta,50,Female,AB+,9732906643
11483,Vikram Kapoor,25,Female,A-,9218213342
11484,Rahul Verma,49,Male,A-,9344931712
11485,Arjun Reddy,22,Male,B-,9843510111
11486,Riya Patel,25,Female,O+,9487082650
11487,Aman Kapoor,47,Female,A+,9551996099
11488,Aman Reddy,22,Male,AB-,9466476196
11489,Priya Reddy,40,Female,B-,9754367335
11490,Sneha Reddy,52,Male,O+,9385657445
11491,Priya Kapoor,35,Female,AB+,9322400273
11492,Rohan Sharma,29,Female,AB-,9737355281
11493,Aman Sharma,50,Female,O-,9216239398
11494,Kavya Mehta,45,Female,B-,9436561450
11495,Kavya Sharma,30,Male,O+,9916831713
11496,Karan Singh,21,Male,O-,9884420206
11497,Karan Patel,39,Female,B-,9577728576
11498,Rahul Verma,25,Male,O+,9972354986
11499,Anjali Reddy,59,Male,B+,9381510116
11500,Aditya Patel,23,Male,AB+,9976022491
11501,Kavya Reddy,59,Female,A+,9203785057
11502,Neha Verma,19,Female,B+,9380320641
11503,Divya Kapoor,23,Male,AB-,9910081388
11504,Kavya Verma,52,Male,O+,9460352558
11505,Vikram Singh,47,Male,A+,9532133811
11506,Rohan Patel,45,Female,AB-,9548239856
11507,Divya Gupta,20,Female,B+,9783261189
11508,Aman Sharma,31,Female,AB+,9726098790
11509,Aditya Kapoor,45,Female,AB-,9545613745
11510,Kavya Verma,28,Male,B+,9421475067
11511,Aditya Patel,58,Female,A-,9445210997
11512,Divya Reddy,60,Male,A-,9828480191
11513,Neha Verma,57,Male,B-,9725620067
11514,Sahil Kapoor,55,Male,B+,9945569649
11515,Anjali Reddy,45,Female,B+,9291887265
11516,Rahul Reddy,23,Male,B-,9492932906
11517,Rahul Kapoor,30,Female,O+,9657650136
11518,Pooja Gupta,56,Male,O-,9701869023
11519,Karan Patel,48,Female,AB+,9418230204
11520,Kavya Kapoor,28,Female,AB-,9584847368
11521,Sneha Mehta,41,Female,O+,9679886879
11522,Rohan Reddy,28,Female,O+,9145611251
11523,Rohan Verma,29,Male,O-,9636775085
11524,Sneha Reddy,23,Female,AB+,9391722256
11525,Pooja Singh,59,Male,O+,9328908020
11526,Anjali Gupta,49,Male,A+,9433158850
11527,Anjali Mehta,38,Female,O-,9223894524
11528,Anjali Sharma,20,Female,B-,9194691475
11529,Sahil Sharma,52,Male,O+,9950256848
11530,Anjali Gupta,27,Male,O-,9785648323
11531,Aditya Patel,48,Female,B-,9236541152
11532,Neha Verma,53,Female,AB-,9752012528
11533,Priya Mehta,50,Female,A-,9726820896
11534,Pooja Singh,35,Female,AB+,9832977726
11535,Sneha Verma,51,Male,B-,9878888463
11536,Rohan Patel,46,Male,A+,9553818561
11537,Sneha Patel,56,Male,AB+,9626573949
11538,Neha Verma,19,Female,B-,9635008097
11539,Rahul Reddy,28,Male,AB-,9139319292
11540,Vikram Singh,43,Male,O+,9366465992
11541,Pooja Sharma,39,Female,O+,9406738311
11542,Arjun Sharma,25,Female,AB-,9283095707
11543,Pooja Sharma,18,Male,O-,9493097412
11544,Divya Sharma,36,Male,AB-,9583070345
11545,Sneha Gupta,23,Male,O-,9621303871
11546,Rahul Verma,41,Male,B-,9659272833
11547,Kavya Singh,60,Male,B+,9738021580
11548,Sneha Singh,33,Male,A-,9804276701
11549,Kavya Gupta,59,Male,A+,9940479815
11550,Kavya Gupta,32,Male,O+,9276665443
11551,Rohan Kapoor,28,Male,O-,9512797602
11552,Priya Kapoor,38,Female,O-,9248807994
11553,Rohan Gupta,27,Female,O-,9284937172
11554,Vikram Singh,45,Female,O-,9260240281
11555,Neha Kapoor,32,Female,B-,9270290287
11556,Sahil Sharma,31,Male,B+,9261007193
11557,Aditya Mehta,42,Male,O-,9798399042
11558,Divya Kapoor,37,Female,A-,9980335963
11559,Aditya Kapoor,19,Male,A-,9871299293
11560,Vikram Gupta,60,Male,AB+,9217506097
11561,Anjali Patel,32,Female,O-,9497823573
11562,Anjali Singh,50,Male,B+,9133446181
11563,Neha Reddy,34,Male,A+,9981871594
11564,Anjali Kapoor,44,Female,O-,9672952229
11565,Divya Verma,35,Female,AB-,9389517649
11566,Pooja Gupta,35,Female,B+,9942961188
11567,Aditya Kapoor,49,Male,O+,9703608403
11568,Karan Singh,32,Male,AB+,9672291796
11569,Karan Kapoor,49,Female,AB-,9840513959
11570,Aditya Kapoor,49,Female,A-,9348959201
11571,Karan Verma,24,Female,AB-,9331481261
11572,Sneha Singh,44,Female,AB-,9509341908
11573,Sahil Reddy,40,Female,A+,9480468412
11574,Kavya Verma,48,Male,AB-,9767952099
11575,Aman Kapoor,32,Male,B-,9493048317
11576,Sahil Singh,58,Female,AB-,9118375212
11577,Sneha Kapoor,39,Female,A-,9916959365
11578,Priya Kapoor,34,Male,A-,9350197021
11579,Aditya Kapoor,60,Male,A+,9810659475
11580,Vikram Singh,20,Male,O-,9345363739
11581,Anjali Singh,58,Female,A+,9958224605
11582,Sahil Patel,58,Female,O+,9347350449
11583,Rahul Reddy,19,Female,AB+,9684047397
11584,Riya Kapoor,56,Female,AB-,9560854173
11585,Sneha Singh,57,Female,A-,9192784084
11586,Rahul Singh,57,Female,B-,9664810845
11587,Karan Mehta,18,Male,B+,9575956239
11588,Divya Kapoor,26,Female,AB+,9637555759
11589,Sahil Kapoor,60,Male,A+,9848199307
11590,Aman Kapoor,18,Female,AB-,9937925661
11591,Karan Kapoor,28,Male,O+,9999677818
11592,Aman Verma,60,Female,O+,9431900326
11593,Sneha Verma,39,Male,O+,9415066967
11594,Rohan Patel,39,Male,B-,9767684009
11595,Riya Mehta,56,Female,B+,9564425116
11596,Rahul Sharma,51,Male,A+,9402593051
11597,Aditya Sharma,30,Male,B+,9546890994
11598,Priya Sharma,51,Female,B-,9704737229
11599,Aman Kapoor,35,Female,B-,9226375654
11600,Rahul Mehta,31,Male,A-,9918777041
11601,Anjali Sharma,37,Female,B+,9639962340
11602,Vikram Kapoor,44,Male,O+,9135708936
11603,Aman Sharma,60,Female,B+,9901117514
11604,Karan Singh,22,Male,A-,9142107226
11605,Sneha Mehta,24,Male,O+,9150582698
11606,Kavya Gupta,54,Female,A+,9402266818
11607,Vikram Sharma,55,Female,O-,9994934272
11608,Sahil Patel,60,Male,A-,9135601515
11609,Priya Gupta,39,Male,A-,9740840512
11610,Rohan Singh,26,Male,O+,9451146800
11611,Neha Singh,48,Male,AB+,9617108954
11612,Anjali Mehta,18,Female,O+,9971009991
11613,Vikram Kapoor,32,Male,O-,9499901107
11614,Priya Gupta,37,Female,B-,9189303987
11615,Kavya Gupta,55,Male,O+,9109753568
11616,Aman Patel,23,Female,O-,9900524595
11617,Sahil Kapoor,19,Female,B-,9599449020
11618,Anjali Singh,60,Female,O-,9499628402
11619,Rohan Kapoor,43,Male,A-,9576653104
11620,Priya Verma,31,Male,A+,9254185242
11621,Arjun Reddy,53,Male,B+,9822039809
11622,Karan Kapoor,39,Female,B+,9330141151
11623,Rohan Singh,60,Male,B-,9985076488
11624,Pooja Singh,27,Female,AB+,9181752101
11625,Rahul Verma,34,Female,B+,9306483737
11626,Rahul Mehta,42,Female,AB-,9910594401
11627,Aditya Reddy,44,Male,O+,9215996861
11628,Vikram Mehta,25,Female,AB+,9355656213
11629,Pooja Singh,25,Male,AB+,9351796858
11630,Karan Sharma,33,Male,O+,9749264157
11631,Riya Gupta,42,Female,A+,9922095503
11632,Vikram Patel,60,Female,AB+,9897647407
11633,Divya Verma,58,Male,O-,9987867471
11634,Riya Patel,25,Male,AB+,9627876873
11635,Sahil Mehta,55,Female,O+,9557164780
11636,Pooja Patel,54,Male,O+,9494711504
11637,Priya Singh,53,Male,O-,9588490893
11638,Pooja Patel,57,Female,B+,9456537325
11639,Pooja Mehta,47,Female,B-,9416152920
11640,Pooja Reddy,60,Male,A+,9151343978
11641,Sneha Kapoor,49,Female,B-,9488745259
11642,Anjali Verma,33,Female,B+,9825104877
11643,Rohan Singh,20,Female,O+,9902901061
11644,Divya Kapoor,38,Male,A-,9803710034
11645,Kavya Sharma,39,Female,B+,9505851394
11646,Kavya Reddy,54,Male,A+,9966583532
11647,Priya Singh,21,Male,A+,9388265239
11648,Karan Kapoor,21,Female,O-,9706184374
11649,Rahul Sharma,58,Male,B+,9195515735
11650,Divya Kapoor,29,Male,AB+,9166925514
11651,Arjun Mehta,39,Male,O+,9995238754
11652,Anjali Reddy,25,Male,A+,9512549643
11653,Karan Verma,56,Female,AB+,9396032279
11654,Priya Patel,42,Female,O+,9390902814
11655,Riya Singh,58,Male,O+,9446364143
11656,Aman Patel,40,Male,B+,9530854988
11657,Arjun Gupta,48,Male,O-,9139967670
11658,Rohan Singh,59,Male,AB+,9228105053
11659,Divya Singh,33,Female,O-,9960563056
11660,Kavya Sharma,19,Male,AB-,9391079251
11661,Divya Sharma,44,Male,AB-,9771620287
11662,Kavya Patel,33,Male,A-,9299917991
11663,Karan Mehta,37,Male,B-,9561888233
11664,Priya Patel,27,Male,B-,9629839583
11665,Riya Sharma,26,Male,O-,9134424266
11666,Aditya Kapoor,48,Male,O+,9550190996
11667,Priya Kapoor,23,Female,O-,9567507633
11668,Rahul Reddy,56,Male,AB+,9512831069
11669,Riya Sharma,20,Female,AB-,9735364725
11670,Neha Verma,55,Female,B-,9393909130
11671,Rohan Verma,59,Female,A-,9490832059
11672,Priya Singh,53,Female,B+,9547222470
11673,Anjali Singh,38,Female,AB-,9578309819
11674,Pooja Verma,57,Female,AB-,9779984831
11675,Priya Sharma,45,Female,A+,9349254619
11676,Riya Kapoor,35,Male,A-,9861857410
11677,Sahil Verma,44,Male,A-,9363463999
11678,Karan Kapoor,42,Male,AB+,9446668318
11679,Anjali Sharma,35,Male,B-,9291029969
11680,Sahil Gupta,35,Female,AB-,9941435018
11681,Sneha Patel,37,Female,O+,9203009793
11682,Arjun Singh,58,Female,A-,9452030938
11683,Sneha Mehta,44,Female,AB+,9799607657
11684,Rahul Reddy,55,Female,A-,9571233110
11685,Rahul Patel,19,Male,B+,9469357874
11686,Aditya Sharma,43,Male,B+,9847405548
11687,Anjali Singh,34,Female,A-,9435091380
11688,Kavya Sharma,44,Female,AB-,9753600860
11689,Sahil Mehta,20,Male,A+,9296026647
11690,Sneha Reddy,57,Female,O+,9425805807
11691,Aditya Sharma,59,Female,O+,9811648218
11692,Rahul Verma,43,Female,O+,9174457859
11693,Vikram Gupta,45,Female,B+,9456738591
11694,Riya Mehta,22,Male,AB-,9171360313
11695,Riya Singh,50,Male,B+,9510164331
11696,Sneha Gupta,29,Male,AB+,9635941376
11697,Pooja Patel,55,Female,AB-,9231344188
11698,Karan Patel,51,Male,AB+,9932700892
11699,Rahul Gupta,35,Female,B-,9461456536
11700,Priya Sharma,58,Male,O-,9972813164
11701,Vikram Verma,46,Male,AB+,9233553868
11702,Sneha Singh,24,Male,A+,9472204957
11703,Pooja Verma,55,Male,O+,9779926406
11704,Anjali Patel,58,Male,A-,9930946554
11705,Neha Gupta,55,Female,O+,9129509953
11706,Aditya Verma,50,Male,AB-,9237459652
11707,Sneha Kapoor,52,Female,B+,9243806067
11708,Anjali Kapoor,25,Male,AB+,9298866466
11709,Neha Verma,23,Female,AB+,9618759421
11710,Aditya Sharma,34,Male,A-,9948797071
11711,Anjali Sharma,42,Male,AB-,9986554338
11712,Neha Mehta,37,Male,B+,9652294655
11713,Rohan Mehta,59,Male,B+,9995408093
11714,Karan Reddy,51,Female,B-,9182350839
11715,Rahul Reddy,36,Male,AB+,9666398604
11716,Aditya Patel,35,Male,O-,9332893136
11717,Rahul Sharma,55,Male,A+,9994580919
11718,Sneha Reddy,21,Female,B-,9258668392
11719,Vikram Gupta,21,Male,A-,9505234604
11720,Anjali Sharma,23,Female,A+,9598569115
11721,Neha Singh,51,Male,O-,9493842117
11722,Priya Reddy,49,Male,A-,9640720381
11723,Rahul Patel,44,Female,A+,9812868265
11724,Arjun Patel,41,Female,B-,9400175986
11725,Rahul Sharma,27,Female,O-,9188702557
11726,Riya Verma,47,Male,O-,9577801797
11727,Arjun Kapoor,57,Female,AB+,9325531943
11728,Aman Patel,24,Male,O+,9734051187
11729,Sneha Gupta,29,Male,AB-,9719050472
11730,Anjali Kapoor,21,Male,AB+,9825886591
11731,Rohan Singh,28,Female,O+,9956071254
11732,Aditya Patel,58,Male,O+,9982833863
11733,Riya Verma,25,Female,O-,9138986661
11734,Priya Verma,19,Male,A+,9956318536
11735,Kavya Kapoor,46,Female,O+,9445325906
11736,Divya Reddy,25,Female,AB-,9618115717
11737,Anjali Sharma,30,Female,A-,9801314782
11738,Neha Patel,38,Male,O-,9513124590
11739,Kavya Kapoor,59,Female,B+,9955743495
11740,Kavya Singh,40,Male,O+,9305445450
11741,Divya Kapoor,25,Male,A-,9849307633
11742,Divya Verma,60,Male,A+,9750396456
11743,Sneha Singh,57,Male,AB+,9661333651
11744,Riya Verma,31,Male,A-,9100107794
11745,Karan Mehta,51,Male,O-,9599507069
11746,Aman Sharma,55,Male,B+,9162134607
11747,Rohan Mehta,55,Male,O-,9752616203
11748,Divya Patel,32,Female,AB-,9368291306
11749,Arjun Gupta,43,Male,O+,9512600550
11750,Anjali Kapoor,21,Male,B-,9576421255
11751,Neha Patel,30,Female,AB-,9613679548
11752,Priya Verma,39,Male,A+,9884614648
11753,Aditya Reddy,52,Male,B-,9927765903
11754,Riya Singh,44,Male,AB+,9843826162
11755,Pooja Patel,34,Female,AB-,9581272788
11756,Divya Kapoor,22,Male,A+,9245945107
11757,Riya Patel,53,Female,AB+,9296138761
11758,Kavya Mehta,46,Male,AB+,9661979787
11759,Aman Singh,41,Female,B+,9765475757
11760,Sneha Patel,40,Male,O-,9709339298
11761,Rohan Gupta,46,Female,A+,9170555227
11762,Arjun Patel,44,Female,B+,9577403610
11763,Anjali Mehta,34,Female,B+,9668808703
11764,Karan Singh,35,Male,B+,9302210045
11765,Priya Verma,26,Male,AB+,9308909962
11766,Aditya Verma,38,Male,A-,9151248100
11767,Vikram Kapoor,54,Female,A-,9431358920
11768,Vikram Sharma,21,Female,A+,9230515458
11769,Aditya Reddy,34,Male,B+,9646964890
11770,Karan Singh,36,Female,A-,9220064052
11771,Rahul Patel,46,Male,B+,9417948026
11772,Aman Verma,44,Male,AB+,9874708515
11773,Aditya Reddy,47,Female,B+,9752891926
11774,Kavya Gupta,42,Female,B-,9102122326
11775,Aditya Singh,25,Female,B+,9178695968
11776,Vikram Reddy,56,Male,A+,9534195646
11777,Rohan Patel,36,Male,O-,9366278854
11778,Pooja Mehta,60,Female,O+,9304841055
11779,Divya Reddy,30,Male,A-,9191724937
11780,Karan Mehta,36,Male,AB-,9703061591
11781,Sahil Reddy,35,Female,O+,9951844434
11782,Pooja Gupta,32,Male,B-,9276079703
11783,Sneha Mehta,42,Male,B-,9550910864
11784,Anjali Kapoor,33,Male,A+,9860717676
11785,Pooja Patel,18,Female,O+,9833221976
11786,Aditya Gupta,20,Female,B+,9409001561
11787,Priya Verma,50,Female,O-,9209896026
11788,Kavya Sharma,52,Female,A-,9442183511
11789,Anjali Reddy,46,Male,A-,9485414944
11790,Anjali Reddy,38,Male,O-,9781021165
11791,Karan Patel,23,Male,B+,9138127504
11792,Pooja Sharma,43,Male,B+,9283359515
11793,Karan Patel,29,Male,O-,9704512473
11794,Aman Verma,23,Male,A+,9609868764
11795,Neha Patel,42,Male,O+,9591305966
11796,Sneha Reddy,55,Female,O-,9662936677
11797,Aman Patel,29,Female,O+,9625776241
11798,Sneha Gupta,22,Female,B+,9537008366
11799,Divya Reddy,20,Male,O-,9331076109
11800,Anjali Verma,26,Female,A-,9817026227
11801,Vikram Verma,40,Male,O-,9798805817
11802,Rahul Patel,27,Female,B-,9217311507
11803,Riya Reddy,31,Female,B+,9695014993
11804,Rohan Singh,45,Female,O+,9889143135
11805,Aman Reddy,50,Female,A+,9447941861
11806,Pooja Mehta,59,Male,B+,9118548700
11807,Riya Verma,26,Female,O-,9367303704
11808,Kavya Sharma,24,Female,AB+,9764226250
11809,Aditya Reddy,24,Female,B+,9915353119
11810,Kavya Verma,27,Female,B-,9330741621
11811,Aman Reddy,60,Male,O+,9638464746
11812,Riya Gupta,28,Male,AB-,9172671992
11813,Aman Singh,43,Male,A+,9731049650
11814,Aman Singh,51,Male,O-,9623092641
11815,Arjun Patel,60,Female,B-,9751655896
11816,Karan Reddy,45,Female,B-,9960451156
11817,Anjali Patel,37,Male,O+,9809169094
11818,Riya Reddy,46,Male,A+,9193391310
11819,Rohan Singh,30,Female,B+,9621621169
11820,Rohan Kapoor,36,Male,O-,9177742670
11821,Sahil Singh,49,Female,O+,9378541289
11822,Kavya Gupta,51,Female,A+,9788086341
11823,Arjun Patel,34,Male,B-,9185493957
11824,Rahul Patel,43,Female,A+,9877597654
11825,Vikram Reddy,27,Female,AB-,9226339053
11826,Karan Mehta,44,Male,A+,9181778669
11827,Rohan Sharma,43,Male,A+,9560753296
11828,Arjun Mehta,18,Male,O+,9999586779
11829,Karan Singh,45,Male,B-,9609843448
11830,Arjun Sharma,39,Female,B-,9265388911
11831,Anjali Patel,18,Male,O-,9701397390
11832,Rohan Patel,29,Female,A+,9503229326
11833,Karan Reddy,39,Female,AB-,9664068191
11834,Kavya Sharma,27,Male,A+,9605794170
11835,Aman Sharma,39,Female,AB+,9144553450
11836,Rahul Patel,46,Female,A-,9500234938
11837,Sahil Reddy,57,Female,B+,9408064904
11838,Rahul Reddy,35,Male,AB-,9911565682
11839,Divya Sharma,47,Female,O-,9545364858
11840,Rohan Gupta,54,Female,B-,9933199024
11841,Anjali Verma,37,Male,O+,9433480814
11842,Anjali Gupta,21,Female,B-,9530098245
11843,Divya Gupta,38,Male,A-,9864873702
11844,Riya Sharma,21,Male,B+,9262977855
11845,Riya Mehta,45,Female,B+,9550908040
11846,Sahil Singh,37,Male,AB+,9870442601
11847,Sneha Reddy,52,Male,AB+,9661444989
11848,Priya Patel,41,Female,A-,9420845035
11849,Riya Singh,60,Male,A-,9725579421
11850,Neha Patel,52,Female,AB-,9614223455
11851,Rohan Verma,28,Male,O-,9560273652
11852,Kavya Sharma,34,Female,AB+,9609230297
11853,Aman Patel,54,Female,A-,9344242673
11854,Priya Gupta,20,Male,O+,9250910956
11855,Neha Mehta,38,Female,A-,9402464409
11856,Anjali Reddy,20,Male,A-,9739506548
11857,Aman Singh,22,Male,AB-,9943802186
11858,Arjun Kapoor,39,Male,B+,9872591657
11859,Pooja Verma,28,Female,O+,9532880346
11860,Anjali Sharma,45,Female,O+,9542827648
11861,Priya Sharma,27,Female,AB+,9173685120
11862,Aman Verma,25,Male,A+,9196493662
11863,Divya Sharma,27,Female,A-,9460005025
11864,Divya Gupta,27,Female,O-,9820073230
11865,Aman Gupta,22,Male,AB+,9484233346
11866,Vikram Reddy,44,Female,O+,9644367842
11867,Rahul Sharma,34,Female,B+,9508732252
11868,Rahul Mehta,24,Female,AB+,9887812574
11869,Sahil Gupta,24,Male,O-,9255980753
11870,Sneha Verma,26,Male,B-,9183416786
11871,Pooja Gupta,53,Female,B-,9545949945
11872,Riya Sharma,29,Female,AB-,9387685958
11873,Arjun Reddy,39,Male,O+,9472238952
11874,Kavya Sharma,21,Female,O+,9249800422
11875,Pooja Gupta,30,Male,A+,9862992633
11876,Aman Verma,45,Male,O+,9291132381
11877,Neha Mehta,58,Female,A-,9309117860
11878,Sahil Verma,38,Male,A+,9925119242
11879,Rahul Kapoor,49,Female,B+,9233228806
11880,Vikram Sharma,57,Female,O+,9139070130
11881,Priya Reddy,47,Female,O-,9200116259
11882,Divya Mehta,39,Female,B+,9841167439
11883,Karan Gupta,49,Female,AB+,9538667981
11884,Aman Gupta,39,Female,AB-,9765063430
11885,Rahul Mehta,25,Male,AB-,9740484706
11886,Priya Mehta,42,Male,B-,9981997473
11887,Vikram Patel,43,Male,AB-,9887267677
11888,Sneha Sharma,32,Male,AB-,9366368313
11889,Rahul Reddy,20,Male,B-,9100834502
11890,Anjali Gupta,44,Female,O-,9549803726
11891,Riya Reddy,18,Female,AB+,9196391386
11892,Priya Sharma,57,Male,A+,9604494989
11893,Vikram Patel,49,Male,B+,9404701802
11894,Arjun Mehta,25,Female,O-,9138539516
11895,Karan Gupta,30,Female,A-,9571464938
11896,Aman Sharma,21,Male,AB-,9976910422
11897,Kavya Sharma,39,Male,B-,9795477154
11898,Pooja Gupta,33,Female,AB+,9626866885
11899,Divya Sharma,45,Male,O+,9699692083
11900,Arjun Kapoor,54,Male,O+,9874838548
11901,Karan Patel,55,Male,AB+,9823932615
11902,Aman Verma,41,Male,AB-,9549420508
11903,Rohan Verma,59,Female,AB-,9152863171
11904,Riya Gupta,31,Male,A+,9470723207
11905,Pooja Sharma,43,Female,AB-,9207276919
11906,Rohan Singh,42,Male,O-,9251664051
11907,Arjun Patel,33,Male,A+,9167054665
11908,Vikram Singh,35,Male,A-,9609115417
11909,Kavya Verma,41,Female,B-,9560671415
11910,Kavya Kapoor,25,Female,AB+,9268314049
11911,Aman Verma,39,Male,A-,9922502186
11912,Anjali Patel,56,Male,O+,9107676511
11913,Kavya Sharma,48,Male,AB-,9490794278
11914,Sneha Kapoor,23,Male,B-,9776580591
11915,Riya Patel,30,Female,AB+,9207813347
11916,Vikram Kapoor,18,Female,AB-,9506758921
11917,Aditya Gupta,38,Male,O-,9874910597
11918,Kavya Sharma,56,Female,AB+,9267102476
11919,Vikram Mehta,44,Male,AB-,9172933177
11920,Riya Sharma,30,Male,B+,9168318577
11921,Aman Gupta,34,Male,B-,9680975766
11922,Aman Gupta,39,Female,A+,9362898050
11923,Vikram Reddy,35,Male,AB-,9373670413
11924,Riya Gupta,29,Male,AB-,9497061019
11925,Vikram Singh,49,Male,B+,9776483320
11926,Rahul Reddy,37,Female,A-,9820267755
11927,Sneha Gupta,51,Female,B+,9753057466
11928,Kavya Kapoor,26,Female,AB-,9306630723
11929,Sneha Singh,54,Male,O+,9565894047
11930,Priya Gupta,18,Male,B-,9888917174
11931,Riya Reddy,20,Male,O-,9255529882
11932,Aman Mehta,23,Female,O-,9910730101
11933,Pooja Gupta,20,Male,A+,9441169323
11934,Rohan Kapoor,59,Male,B+,9236413494
11935,Anjali Patel,37,Male,B-,9267006544
11936,Aditya Singh,37,Female,AB-,9136707984
11937,Neha Kapoor,37,Female,O+,9801957317
11938,Rohan Mehta,29,Male,B+,9442683167
11939,Karan Reddy,48,Female,B+,9269287788
11940,Riya Reddy,22,Female,AB+,9688840256
11941,Rohan Kapoor,40,Male,AB+,9485868561
11942,Pooja Patel,26,Female,A+,9446663445
11943,Arjun Kapoor,50,Female,AB-,9475596337
11944,Arjun Verma,58,Male,B-,9387543098
11945,Kavya Reddy,34,Female,AB-,9943543096
11946,Arjun Kapoor,56,Male,A-,9908972926
11947,Aman Kapoor,21,Male,B+,9890819619
11948,Aman Singh,24,Female,A-,9917217014
11949,Aditya Patel,26,Female,A-,9915769608
11950,Aditya Kapoor,24,Male,B+,9952036144
11951,Neha Kapoor,24,Male,O+,9449880371
11952,Vikram Verma,18,Male,O-,9404333503
11953,Kavya Verma,18,Female,AB+,9661442410
11954,Pooja Sharma,35,Male,A+,9161482325
11955,Sahil Patel,44,Female,A-,9437754300
11956,Karan Kapoor,42,Male,B+,9359445860
11957,Neha Kapoor,42,Female,O+,9715264561
11958,Divya Gupta,54,Female,O+,9486219932
11959,Vikram Sharma,41,Female,AB-,9155209775
11960,Aditya Kapoor,27,Female,O-,9745526047
11961,Aman Patel,29,Male,O-,9611785898
11962,Anjali Patel,56,Male,AB-,9300156339
11963,Karan Singh,20,Female,O+,9257152232
11964,Aditya Singh,39,Male,O-,9112106714
11965,Aman Singh,20,Male,AB+,9149115423
11966,Kavya Mehta,51,Male,B+,9256483414
11967,Kavya Singh,37,Female,B-,9167982748
11968,Kavya Mehta,50,Female,O-,9320382845
11969,Rohan Sharma,40,Male,O+,9614720001
11970,Sahil Reddy,47,Male,B-,9616233821
11971,Karan Reddy,54,Female,O-,9982943841
11972,Vikram Sharma,30,Female,O-,9231549690
11973,Rohan Patel,41,Male,A-,9300039433
11974,Karan Mehta,48,Male,B+,9311500057
11975,Rohan Reddy,20,Male,AB+,9152319410
11976,Riya Singh,42,Male,AB-,9825847084
11977,Neha Patel,37,Female,A-,9391179007
11978,Kavya Reddy,46,Female,AB-,9712116773
11979,Rohan Verma,50,Male,O+,9653403010
11980,Rahul Sharma,55,Male,B+,9121166231
11981,Aditya Patel,36,Female,A-,9610900142
11982,Divya Mehta,26,Female,B-,9745029922
11983,Aman Singh,40,Female,B+,9444623299
11984,Rahul Sharma,30,Male,O-,9315186218
11985,Kavya Patel,21,Male,O-,9656582547
11986,Kavya Sharma,30,Male,B+,9949841787
11987,Sneha Mehta,50,Male,O+,9323575030
11988,Priya Kapoor,57,Male,AB-,9663467446
11989,Riya Reddy,35,Male,O+,9124223030
11990,Pooja Kapoor,33,Female,B+,9890015513
11991,Sneha Reddy,38,Male,O+,9142668745
11992,Pooja Reddy,22,Male,O+,9823185341
11993,Divya Verma,32,Male,A-,9925802989
11994,Rohan Singh,54,Female,O-,9315239156
11995,Rahul Reddy,34,Female,O+,9894506725
11996,Karan Patel,36,Female,A-,9165297829
11997,Aditya Verma,28,Female,O-,9745664702
11998,Rohan Verma,48,Female,AB-,9443514740
11999,Vikram Kapoor,56,Male,O+,9870322990
12000,Vikram Reddy,20,Female,A-,9405695962
12001,Sneha Mehta,44,Male,B-,9354354172
12002,Karan Kapoor,25,Female,O-,9292857691
12003,Priya Sharma,33,Female,B+,9980581261
12004,Pooja Reddy,21,Female,A-,9878952084
12005,Divya Verma,30,Male,O-,9419428895
12006,Arjun Mehta,27,Male,A+,9312627207
12007,Divya Singh,58,Male,AB-,9613441050
12008,Priya Kapoor,55,Male,B+,9546235349
12009,Neha Sharma,31,Male,O-,9642061626
12010,Neha Reddy,22,Female,AB+,9258447394
12011,Rohan Patel,24,Male,AB-,9793855972
12012,Kavya Verma,28,Male,B-,9939378751
12013,Sneha Patel,19,Male,A+,9679122328
12014,Anjali Mehta,43,Male,A-,9193823339
12015,Pooja Sharma,28,Male,AB-,9325322237
12016,Priya Sharma,36,Male,B+,9592835525
12017,Riya Verma,47,Female,A-,9281166510
12018,Neha Kapoor,26,Male,AB+,9500581021
12019,Rohan Singh,60,Male,B-,9818666468
12020,Aman Reddy,49,Male,O+,9290795667
12021,Sneha Gupta,28,Female,O+,9489854825
12022,Riya Mehta,46,Male,O-,9555395458
12023,Vikram Verma,34,Male,O+,9334693776
12024,Arjun Sharma,26,Male,AB+,9301065616
12025,Aman Sharma,42,Male,A-,9382954071
12026,Aman Sharma,42,Female,AB-,9462286625
12027,Anjali Sharma,19,Female,A-,9843554077
12028,Vikram Gupta,34,Female,A-,9503000293
12029,Sneha Gupta,44,Female,B-,9940667713
12030,Aditya Sharma,57,Male,B-,9900489505
12031,Kavya Kapoor,29,Male,B+,9908410017
12032,Neha Patel,46,Female,A+,9741612343
12033,Divya Kapoor,37,Male,AB-,9844353859
12034,Aman Reddy,21,Male,B-,9969871217
12035,Arjun Verma,28,Male,AB-,9501734772
12036,Divya Singh,34,Male,A+,9906960819
12037,Kavya Verma,31,Male,A-,9534059757
12038,Aman Sharma,37,Male,A-,9854723618
12039,Anjali Verma,60,Male,O+,9231640594
12040,Priya Sharma,45,Male,A+,9859435496
12041,Vikram Patel,48,Female,O+,9856387024
12042,Kavya Reddy,50,Male,B-,9405136478
12043,Karan Verma,45,Male,B-,9846787135
12044,Pooja Kapoor,41,Female,O-,9435002155
12045,Rahul Mehta,46,Female,O-,9189526108
12046,Kavya Reddy,24,Female,AB-,9540179169
12047,Pooja Patel,34,Male,B+,9262201563
12048,Rohan Patel,55,Female,B-,9214707810
12049,Sneha Mehta,52,Female,A+,9729677955
12050,Karan Singh,42,Male,AB+,9310759880
12051,Priya Singh,45,Male,A+,9972844836
12052,Pooja Singh,34,Male,A-,9965102754
12053,Divya Singh,22,Female,B-,9679470782
12054,Sneha Sharma,22,Female,B-,9896634164
12055,Karan Singh,36,Female,A-,9467521143
12056,Anjali Mehta,53,Female,O-,9988052089
12057,Neha Sharma,30,Male,O+,9710919367
12058,Aditya Singh,51,Male,AB-,9791901669
12059,Rohan Sharma,47,Male,AB+,9345744945
12060,Aman Sharma,53,Female,O-,9852069787
12061,Karan Gupta,43,Female,O-,9464758996
12062,Kavya Sharma,23,Female,AB+,9263075595
12063,Vikram Reddy,20,Female,AB-,9610693792
12064,Aditya Singh,20,Male,AB-,9846060346
12065,Neha Patel,53,Male,O+,9393555546
12066,Neha Mehta,33,Male,A+,9209885457
12067,Kavya Reddy,44,Female,A-,9275783813
12068,Rohan Gupta,22,Male,AB-,9336991723
12069,Rahul Verma,27,Female,A+,9964287856
12070,Aditya Kapoor,42,Female,B+,9155467289
12071,Riya Singh,49,Male,AB+,9399071947
12072,Aditya Sharma,54,Female,O-,9379143613
12073,Divya Sharma,47,Male,O+,9255845620
12074,Neha Singh,40,Male,O+,9825972633
12075,Divya Mehta,39,Female,AB-,9576763443
12076,Riya Verma,25,Male,A+,9138933687
12077,Divya Patel,38,Female,AB-,9361805834
12078,Priya Gupta,19,Female,AB+,9313899777
12079,Karan Reddy,28,Female,A+,9610466914
12080,Divya Kapoor,32,Female,B+,9407105953
12081,Anjali Kapoor,53,Female,AB+,9695015259
12082,Vikram Kapoor,27,Male,A-,9898752610
12083,Kavya Verma,20,Female,B-,9622683858
12084,Aman Verma,52,Female,B-,9683645923
12085,Karan Mehta,34,Male,AB+,9773717914
12086,Arjun Reddy,22,Male,AB+,9159495845
12087,Karan Gupta,21,Female,O-,9940816743
12088,Rahul Gupta,57,Male,B-,9970920261
12089,Sneha Reddy,32,Male,B-,9894389231
12090,Karan Mehta,24,Female,A+,9760768163
12091,Riya Singh,30,Male,AB+,9393511666
12092,Rahul Mehta,54,Male,B-,9360982613
12093,Karan Kapoor,46,Female,B-,9817859471
12094,Neha Mehta,51,Male,AB-,9994052310
12095,Anjali Mehta,54,Male,AB+,9655627666
12096,Rahul Mehta,57,Female,A-,9475801209
12097,Arjun Patel,49,Female,O+,9423208201
12098,Vikram Singh,47,Male,A+,9139940862
12099,Riya Kapoor,43,Female,O-,9140969210
12100,Rohan Reddy,21,Female,B+,9669547890
12101,Priya Gupta,60,Male,B+,9766293869
12102,Pooja Gupta,46,Female,B-,9310030833
12103,Aditya Reddy,56,Male,A+,9372916426
12104,Aditya Sharma,25,Male,A+,9313905804
12105,Aditya Patel,18,Female,A-,9729496719
12106,Sneha Reddy,56,Female,A+,9943869149
12107,Arjun Reddy,55,Female,B-,9207045207
12108,Rahul Sharma,29,Female,A-,9344883720
12109,Riya Singh,29,Female,AB-,9622016820
12110,Pooja Verma,54,Male,B-,9259597370
12111,Vikram Singh,22,Male,B-,9985497840
12112,Riya Verma,53,Female,O+,9132453295
12113,Kavya Sharma,57,Female,A-,9841995428
12114,Arjun Reddy,28,Female,A-,9541336769
12115,Arjun Gupta,40,Male,O+,9708333732
12116,Aman Sharma,40,Male,AB+,9110031866
12117,Divya Kapoor,36,Female,AB+,9712096508
12118,Anjali Kapoor,20,Male,A+,9605858310
12119,Neha Gupta,40,Female,AB-,9176798936
12120,Neha Sharma,48,Male,O+,9588255431
12121,Pooja Mehta,33,Male,O+,9241553902
12122,Arjun Verma,46,Male,B+,9616325072
12123,Sneha Mehta,29,Male,O-,9352046260
12124,Kavya Singh,26,Female,B-,9918130097
12125,Riya Verma,47,Male,O+,9703509100
12126,Aman Kapoor,53,Male,AB-,9664279731
12127,Sneha Reddy,50,Male,A+,9935577095
12128,Divya Singh,37,Female,A+,9301850712
12129,Arjun Reddy,59,Male,AB-,9433584532
12130,Anjali Verma,25,Male,AB-,9608353337
12131,Sahil Verma,37,Female,AB+,9124822591
12132,Priya Mehta,47,Female,AB+,9336853188
12133,Aman Mehta,28,Male,O-,9863271767
12134,Aman Verma,18,Female,AB+,9566912273
12135,Divya Mehta,20,Female,AB-,9919597534
12136,Neha Sharma,29,Male,A+,9554764778
12137,Sahil Mehta,59,Male,B-,9268013407
12138,Priya Gupta,26,Male,AB+,9271500531
12139,Vikram Gupta,47,Male,AB+,9268061062
12140,Pooja Mehta,21,Male,B-,9533227651
12141,Kavya Singh,36,Female,A+,9701957718
12142,Neha Singh,21,Male,AB-,9896194076
12143,Aditya Mehta,27,Male,B-,9271833961
12144,Sahil Gupta,35,Female,AB+,9335911817
12145,Sneha Sharma,26,Male,B+,9128951959
12146,Kavya Patel,59,Female,B-,9776819735
12147,Divya Reddy,25,Female,O+,9246036720
12148,Rahul Singh,47,Female,B-,9369242832
12149,Karan Singh,54,Female,A+,9628693987
12150,Rohan Singh,43,Male,A-,9580364423
12151,Divya Sharma,24,Female,O-,9473827891
12152,Rohan Reddy,40,Male,B-,9792177282
12153,Aman Patel,58,Male,AB-,9591471613
12154,Karan Patel,45,Female,A+,9818808872
12155,Riya Sharma,25,Male,A+,9120305013
12156,Karan Sharma,51,Male,O-,9883059507
12157,Priya Gupta,46,Female,AB-,9768377675
12158,Arjun Gupta,36,Male,AB-,9111540904
12159,Karan Reddy,28,Male,B-,9129064452
12160,Pooja Verma,53,Male,AB+,9698644458
12161,Vikram Patel,19,Female,O+,9268325375
12162,Priya Reddy,32,Female,B-,9249070896
12163,Anjali Verma,41,Female,B-,9947416252
12164,Pooja Kapoor,56,Female,O+,9640958205
12165,Vikram Mehta,26,Male,A-,9468233781
12166,Pooja Reddy,37,Male,B+,9947590543
12167,Divya Mehta,46,Female,AB-,9355400046
12168,Neha Mehta,19,Female,AB-,9845941643
12169,Rohan Verma,30,Male,O-,9787183133
12170,Rohan Gupta,33,Male,O-,9710621934
12171,Vikram Sharma,29,Male,B+,9232543139
12172,Vikram Kapoor,46,Male,B-,9267615060
12173,Vikram Reddy,21,Male,O+,9132572013
12174,Priya Mehta,26,Male,O+,9916895438
12175,Sneha Sharma,51,Female,A-,9125959714
12176,Sahil Reddy,48,Female,AB-,9302000795
12177,Vikram Kapoor,53,Female,B-,9813597142
12178,Kavya Reddy,31,Female,AB+,9256111492
12179,Sneha Reddy,52,Female,O-,9272283057
12180,Anjali Sharma,35,Male,O+,9746422438
12181,Aman Reddy,36,Male,B-,9695234496
12182,Priya Patel,56,Male,A-,9661031614
12183,Priya Verma,48,Female,AB-,9453384605
12184,Vikram Reddy,38,Male,O-,9110485062
12185,Rahul Gupta,25,Male,B+,9889029947
12186,Karan Kapoor,42,Male,O+,9407537154
12187,Aman Verma,43,Male,O-,9606257678
12188,Priya Kapoor,53,Male,A-,9819598242
12189,Neha Patel,59,Female,A+,9964711784
12190,Neha Patel,38,Female,A-,9554662903
12191,Kavya Singh,55,Male,A-,9745112005
12192,Rahul Verma,20,Male,AB-,9478538112
12193,Rohan Sharma,41,Female,AB+,9407599256
12194,Kavya Sharma,32,Male,O-,9204695061
12195,Kavya Gupta,48,Female,A+,9954834371
12196,Kavya Singh,33,Male,AB-,9317835939
12197,Neha Reddy,33,Female,B+,9313457810
12198,Rahul Mehta,46,Female,B+,9956307289
12199,Priya Reddy,28,Female,O+,9978710289
12200,Neha Verma,52,Female,AB-,9285972968
12201,Sneha Patel,27,Female,B-,9745880455
12202,Divya Patel,31,Female,O-,9402743410
12203,Anjali Singh,34,Male,AB+,9728684051
12204,Priya Kapoor,34,Male,O+,9910610616
12205,Anjali Patel,32,Female,AB+,9421598694
12206,Karan Sharma,34,Male,A+,9497877283
12207,Pooja Mehta,59,Female,A+,9175342192
12208,Neha Reddy,49,Male,O+,9636056909
12209,Arjun Patel,43,Male,O-,9309003790
12210,Pooja Mehta,47,Male,A+,9598348522
12211,Sneha Reddy,50,Male,O+,9477554421
12212,Arjun Sharma,29,Female,AB+,9611445821
12213,Vikram Singh,30,Male,AB+,9542520847
12214,Pooja Singh,20,Male,A+,9578881483
12215,Sahil Mehta,49,Female,O+,9911656480
12216,Aditya Mehta,51,Male,B-,9421511371
12217,Neha Gupta,35,Female,O-,9996198681
12218,Sahil Singh,32,Female,O+,9537963031
12219,Neha Reddy,53,Female,A-,9295194837
12220,Rahul Gupta,40,Female,O-,9930735581
12221,Riya Reddy,59,Female,A+,9371186077
12222,Divya Sharma,43,Male,AB-,9991057860
12223,Aman Verma,23,Female,AB-,9560440789
12224,Arjun Singh,57,Male,O-,9817806629
12225,Sneha Kapoor,43,Male,AB+,9831458883
12226,Rahul Gupta,45,Female,O-,9753472160
12227,Neha Kapoor,53,Male,AB-,9945721694
12228,Priya Singh,58,Female,O+,9810303017
12229,Anjali Patel,30,Male,AB+,9196401767
12230,Neha Mehta,20,Male,O-,9662517906
12231,Arjun Verma,37,Male,B+,9116969085
12232,Aman Verma,55,Male,O+,9630088648
12233,Kavya Kapoor,44,Female,B+,9826658850
12234,Neha Reddy,59,Female,O-,9546301752
12235,Sneha Verma,39,Female,AB+,9727198209
12236,Kavya Kapoor,50,Female,A+,9103445634
12237,Sneha Verma,21,Female,B+,9197791339
12238,Anjali Gupta,19,Female,O+,9876866280
12239,Riya Reddy,51,Female,A-,9759161190
12240,Sahil Patel,36,Female,B-,9361425307
12241,Karan Reddy,32,Male,A-,9149075182
12242,Aditya Gupta,46,Female,A+,9307348211
12243,Aman Sharma,48,Female,O-,9304684020
12244,Divya Kapoor,33,Female,AB+,9185018805
12245,Rohan Gupta,23,Male,O-,9949127836
12246,Divya Reddy,54,Male,B+,9591317245
12247,Vikram Sharma,57,Male,AB-,9276033154
12248,Divya Verma,27,Male,O-,9992264450
12249,Divya Mehta,37,Female,O-,9871137806
12250,Priya Sharma,36,Female,AB-,9833918809
12251,Aditya Sharma,24,Male,A+,9703224946
12252,Aditya Sharma,30,Female,A-,9229282532
12253,Sahil Kapoor,52,Female,A-,9137785587
12254,Aman Sharma,51,Male,A+,9210935900
12255,Divya Kapoor,39,Male,O-,9697579876
12256,Rahul Sharma,38,Female,A+,9646329211
12257,Riya Kapoor,53,Female,A-,9745455846
12258,Sahil Singh,52,Female,A-,9969724737
12259,Rohan Gupta,46,Female,O+,9766147791
12260,Rahul Mehta,49,Male,B-,9280400235
12261,Aman Kapoor,54,Female,O-,9545951790
12262,Divya Kapoor,51,Male,B-,9451342241
12263,Sahil Singh,35,Male,AB-,9188828194
12264,Aditya Patel,33,Male,B+,9597029452
12265,Sahil Mehta,44,Female,O+,9844916461
12266,Aditya Kapoor,47,Female,O+,9673851063
12267,Priya Mehta,56,Female,O+,9474599970
12268,Vikram Verma,42,Male,AB+,9664473132
12269,Kavya Patel,35,Male,A-,9155223796
12270,Arjun Verma,59,Male,AB+,9959093697
12271,Vikram Patel,37,Male,A+,9268538664
12272,Vikram Sharma,41,Male,AB-,9720765190
12273,Arjun Reddy,53,Male,B-,9471962652
12274,Vikram Patel,29,Female,B-,9813265114
12275,Anjali Reddy,43,Male,O+,9862481408
12276,Aditya Sharma,43,Male,AB-,9104784454
12277,Aman Reddy,59,Male,O+,9205663417
12278,Sneha Sharma,56,Female,O+,9854853044
12279,Priya Patel,59,Male,B+,9363162410
12280,Vikram Kapoor,45,Female,B-,9529257989
12281,Arjun Gupta,21,Male,O-,9329813089
12282,Sneha Verma,23,Male,A+,9886097853
12283,Vikram Reddy,28,Male,A-,9523435771
12284,Neha Verma,49,Female,A-,9763965190
12285,Neha Singh,60,Female,B-,9340442683
12286,Rohan Sharma,56,Female,O+,9362433366
12287,Arjun Gupta,45,Male,B-,9939717871
12288,Vikram Patel,45,Male,AB+,9263473544
12289,Riya Patel,32,Male,O-,9397666339
12290,Vikram Patel,45,Male,B-,9638788728
12291,Aman Singh,27,Male,A+,9298887958
12292,Neha Reddy,21,Female,A+,9770155582
12293,Karan Verma,36,Male,O-,9818652894
12294,Neha Kapoor,42,Male,B+,9351500594
12295,Karan Kapoor,53,Male,AB+,9468622916
12296,Rohan Reddy,40,Male,AB-,9269401165
12297,Neha Mehta,53,Female,B+,9473726370
12298,Rahul Patel,47,Male,B-,9252164608
12299,Vikram Kapoor,46,Male,A+,9355784278
12300,Sneha Kapoor,37,Female,AB+,9413104138
12301,Neha Sharma,23,Female,B-,9337903612
12302,Arjun Kapoor,30,Male,O+,9487423312
12303,Priya Sharma,25,Male,A-,9642554480
12304,Pooja Kapoor,58,Female,AB+,9458098197
12305,Priya Kapoor,21,Male,O+,9600092945
12306,Aman Kapoor,36,Female,A+,9509807559
12307,Rahul Patel,40,Female,A-,9255408033
12308,Sneha Reddy,37,Female,B+,9543028467
12309,Kavya Singh,31,Female,A+,9566099083
12310,Aditya Reddy,27,Female,AB-,9787673014
12311,Karan Patel,42,Female,A+,9577464416
12312,Karan Gupta,59,Male,A-,9677041073
12313,Rahul Kapoor,24,Female,B+,9940263366
12314,Karan Reddy,54,Female,B-,9867411638
12315,Pooja Singh,58,Male,AB-,9541067218
12316,Sahil Sharma,47,Male,AB-,9971730363
12317,Anjali Patel,46,Female,O+,9478545919
12318,Anjali Sharma,41,Male,A+,9957827139
12319,Karan Patel,25,Male,A+,9388561282
12320,Riya Sharma,39,Male,A+,9124680321
12321,Sneha Mehta,18,Male,O-,9282101079
12322,Sahil Gupta,44,Male,O-,9209292895
12323,Riya Reddy,40,Male,A+,9487915224
12324,Neha Mehta,34,Male,AB-,9634014597
12325,Anjali Kapoor,55,Female,AB+,9298708333
12326,Rohan Reddy,36,Male,AB-,9680709659
12327,Sneha Mehta,57,Female,AB+,9560190662
12328,Arjun Verma,54,Female,O+,9831506908
12329,Divya Patel,31,Male,O+,9131771534
12330,Karan Singh,59,Female,O-,9699195960
12331,Pooja Verma,49,Male,O+,9921544641
12332,Neha Mehta,26,Male,A+,9829113542
12333,Anjali Kapoor,24,Female,B-,9810989088
12334,Priya Singh,40,Male,A+,9112437624
12335,Vikram Sharma,36,Male,O+,9716216147
12336,Priya Reddy,52,Male,AB-,9353932722
12337,Rohan Patel,49,Male,O-,9809842985
12338,Arjun Sharma,45,Male,O+,9172340592
12339,Neha Verma,59,Male,A-,9593198248
12340,Aman Patel,59,Male,O+,9553516506
12341,Sahil Reddy,35,Male,B+,9353864027
12342,Neha Gupta,37,Female,O+,9173458686
12343,Aman Reddy,54,Female,AB+,9737693092
12344,Divya Reddy,22,Male,O-,9937285618
12345,Rahul Gupta,57,Female,AB+,9798017087
12346,Aman Mehta,30,Female,A-,9376674832
12347,Arjun Verma,60,Male,A-,9989493196
12348,Neha Singh,24,Male,O+,9962033242
12349,Kavya Sharma,37,Male,AB-,9522168483
12350,Sneha Sharma,21,Female,B+,9563684875
12351,Priya Reddy,42,Female,A-,9551964677
12352,Pooja Sharma,59,Female,AB+,9135780118
12353,Priya Mehta,53,Female,AB+,9472648739
12354,Sneha Singh,50,Male,O-,9939058302
12355,Vikram Gupta,28,Male,A-,9553905993
12356,Riya Gupta,56,Female,B+,9820195210
12357,Rohan Kapoor,27,Female,AB-,9631822928
12358,Pooja Mehta,57,Male,B-,9321317918
12359,Kavya Mehta,55,Male,B-,9374494058
12360,Divya Singh,31,Male,O-,9220030384
12361,Sahil Gupta,42,Female,AB-,9564264901
12362,Vikram Singh,37,Female,O+,9657436023
12363,Priya Reddy,26,Female,O-,9811393445
12364,Aditya Mehta,58,Male,B-,9199828849
12365,Arjun Gupta,44,Male,O+,9635457030
12366,Riya Singh,24,Male,O+,9976783947
12367,Rahul Patel,27,Female,AB+,9386226297
12368,Aditya Singh,49,Male,AB+,9480704040
12369,Arjun Reddy,42,Female,AB-,9172299544
12370,Sneha Gupta,51,Male,B-,9870488470
12371,Neha Patel,31,Female,A+,9171986706
12372,Pooja Gupta,49,Male,AB-,9835638781
12373,Aditya Reddy,60,Male,AB+,9775721496
12374,Rohan Mehta,57,Female,O+,9184336466
12375,Rohan Sharma,57,Female,O-,9978156091
12376,Pooja Verma,50,Female,A-,9990564435
12377,Vikram Patel,34,Male,AB-,9365218335
12378,Divya Singh,56,Male,B+,9244832336
12379,Aditya Patel,55,Female,B-,9847066936
12380,Priya Mehta,47,Male,A-,9647706257
12381,Riya Gupta,39,Male,B+,9805875023
12382,Riya Verma,43,Male,O-,9971016730
12383,Rohan Kapoor,58,Female,AB-,9790014563
12384,Anjali Singh,46,Male,A+,9480373396
12385,Arjun Gupta,49,Male,A+,9859821042
12386,Riya Reddy,33,Male,B+,9970530264
12387,Riya Singh,19,Female,O+,9795240840
12388,Neha Kapoor,43,Female,A+,9928454292
12389,Aditya Patel,27,Male,O-,9191440292
12390,Anjali Singh,44,Male,A-,9121077149
12391,Sahil Reddy,29,Female,AB+,9149956286
12392,Aditya Reddy,34,Male,O+,9645143910
12393,Vikram Sharma,35,Male,B+,9657144968
12394,Aman Singh,47,Female,B-,9221454769
12395,Aditya Reddy,36,Male,O-,9675604123
12396,Rohan Kapoor,48,Female,B+,9389906930
12397,Vikram Reddy,40,Male,AB+,9126858674
12398,Sahil Mehta,21,Female,A+,9988942855
12399,Divya Kapoor,24,Female,AB+,9573730855
12400,Priya Mehta,57,Female,O-,9463331520
12401,Karan Gupta,20,Female,B-,9293328794
12402,Pooja Mehta,42,Male,B+,9248773072
12403,Aman Reddy,23,Male,B+,9253572585
12404,Sneha Gupta,21,Male,B-,9375803031
12405,Kavya Reddy,40,Male,B-,9512311436
12406,Aditya Kapoor,40,Female,AB-,9394102760
12407,Priya Patel,49,Male,B-,9640611517
12408,Vikram Kapoor,24,Male,O+,9968872283
12409,Kavya Patel,60,Female,O-,9438674828
12410,Neha Kapoor,40,Female,O+,9364384769
12411,Anjali Singh,29,Female,A+,9528509803
12412,Kavya Reddy,47,Female,B-,9135623512
12413,Pooja Singh,55,Female,A+,9583693800
12414,Aditya Sharma,58,Male,B-,9564348499
12415,Aman Sharma,60,Female,O+,9942143920
12416,Neha Patel,60,Male,B+,9898669499
12417,Rahul Verma,40,Female,O+,9176521858
12418,Vikram Verma,34,Male,B+,9787048355
12419,Anjali Patel,46,Male,A-,9812541723
12420,Rohan Verma,58,Female,B+,9792099719
12421,Riya Mehta,24,Male,AB-,9851098632
12422,Priya Singh,18,Male,B-,9198944532
12423,Arjun Singh,24,Male,O+,9174990436
12424,Vikram Gupta,57,Male,A+,9220471381
12425,Pooja Kapoor,38,Female,B-,9112905858
12426,Priya Patel,38,Female,B+,9618296525
12427,Karan Sharma,24,Female,AB-,9693406430
12428,Pooja Mehta,44,Male,B+,9833406447
12429,Rohan Mehta,36,Male,AB-,9342942500
12430,Riya Sharma,43,Female,O+,9643946654
12431,Sneha Mehta,34,Male,AB-,9834751007
12432,Anjali Verma,46,Female,B+,9779481251
12433,Riya Singh,27,Male,B-,9875785561
12434,Pooja Patel,48,Male,AB+,9392232910
12435,Riya Verma,60,Female,B-,9250671241
12436,Aditya Gupta,33,Male,O-,9523445006
12437,Sahil Reddy,59,Female,A+,9113828397
12438,Sneha Gupta,47,Female,O+,9729035788
12439,Divya Kapoor,40,Female,A+,9576471961
12440,Aman Singh,35,Male,AB+,9820596967
12441,Kavya Patel,40,Male,A+,9923414720
12442,Divya Patel,29,Male,AB+,9917675945
12443,Aditya Verma,52,Male,B-,9784267300
12444,Aman Gupta,58,Male,O-,9210861033
12445,Priya Gupta,38,Male,O+,9164392640
12446,Sahil Sharma,19,Female,AB-,9159037037
12447,Aditya Reddy,39,Male,B+,9973096742
12448,Aman Reddy,50,Male,O+,9539650917
12449,Kavya Reddy,37,Male,B-,9112151761
12450,Aman Patel,30,Female,AB+,9234651184
12451,Riya Kapoor,31,Female,A-,9687461159
12452,Sneha Kapoor,38,Female,O+,9490656757
12453,Aditya Singh,47,Male,O-,9989297602
12454,Sneha Gupta,25,Female,O-,9508064261
12455,Anjali Kapoor,50,Male,B+,9522010304
12456,Kavya Sharma,56,Female,O+,9174820876
12457,Riya Reddy,48,Male,O+,9921879468
12458,Rohan Verma,51,Male,AB+,9550941847
12459,Priya Gupta,60,Male,B+,9729237151
12460,Neha Patel,30,Male,B+,9656945822
12461,Rahul Singh,56,Female,A+,9942541465
12462,Aman Kapoor,37,Female,B+,9902643789
12463,Priya Patel,49,Male,O+,9515889350
12464,Kavya Mehta,22,Female,AB-,9325277393
12465,Aditya Patel,47,Male,B-,9770056098
12466,Anjali Reddy,37,Male,AB+,9348806087
12467,Neha Reddy,38,Male,AB-,9335678469
12468,Rahul Kapoor,31,Female,A+,9210468690
12469,Pooja Patel,49,Male,AB-,9181324857
12470,Aman Singh,49,Male,B-,9270931330
12471,Anjali Gupta,50,Male,B-,9504373243
12472,Priya Gupta,30,Female,AB+,9469709282
12473,Divya Reddy,59,Female,O+,9934083207
12474,Neha Gupta,19,Male,B+,9633425648
12475,Arjun Gupta,51,Male,O-,9573208186
12476,Divya Gupta,46,Male,B+,9598522406
12477,Priya Verma,55,Male,AB+,9801242984
12478,Sahil Reddy,40,Female,O-,9996488133
12479,Sahil Kapoor,33,Female,A-,9839839928
12480,Aman Kapoor,38,Male,O-,9132961955
12481,Aditya Verma,44,Female,A+,9667248639
12482,Sneha Reddy,21,Male,O-,9524592553
12483,Aman Kapoor,38,Male,AB+,9263928205
12484,Sneha Patel,55,Female,AB-,9358042210
12485,Rohan Mehta,39,Female,B+,9782387347
12486,Aditya Singh,35,Female,O-,9471300938
12487,Karan Reddy,58,Male,A+,9196441086
12488,Pooja Singh,57,Male,B-,9618842419
12489,Anjali Mehta,54,Female,O+,9815921000
12490,Arjun Sharma,42,Female,A+,9229579103
12491,Aman Patel,40,Female,O+,9479943010
12492,Sneha Verma,40,Male,B-,9447858113
12493,Divya Mehta,53,Male,A+,9823439982
12494,Priya Patel,43,Male,AB-,9554621679
12495,Kavya Reddy,60,Male,A-,9301648759
12496,Riya Sharma,20,Female,B-,9679756440
12497,Priya Sharma,45,Male,B-,9630474750
12498,Vikram Kapoor,45,Male,A+,9747793095
12499,Kavya Reddy,28,Male,A-,9970665893
12500,Sahil Kapoor,60,Male,A-,9563903282
12501,Arjun Verma,44,Male,A+,9389697354
12502,Kavya Singh,24,Female,B-,9454830985
12503,Kavya Sharma,19,Male,AB-,9646102811
12504,Aditya Verma,49,Male,B+,9110622363
12505,Priya Mehta,38,Female,A+,9800771649
12506,Sneha Reddy,51,Male,A+,9800576828
12507,Arjun Singh,55,Female,B+,9341465232
12508,Vikram Mehta,40,Female,B-,9793913591
12509,Karan Gupta,56,Male,B-,9286968990
12510,Aman Singh,37,Male,A+,9251453268
12511,Arjun Kapoor,33,Male,B-,9529385942
12512,Aman Kapoor,26,Male,O-,9553709474
12513,Rahul Gupta,59,Female,AB+,9420085633
12514,Kavya Kapoor,18,Male,A-,9132927400
12515,Aditya Sharma,53,Female,O+,9985749763
12516,Sahil Reddy,51,Female,AB-,9321283392
12517,Karan Gupta,58,Male,B-,9476503239
12518,Aditya Gupta,32,Female,A+,9938636202
12519,Aman Verma,50,Male,B-,9312375584
12520,Sahil Verma,31,Female,B-,9616260954
12521,Arjun Sharma,44,Male,AB-,9164592500
12522,Neha Kapoor,41,Male,A-,9524225308
12523,Neha Reddy,53,Female,AB-,9830613592
12524,Aditya Kapoor,44,Male,AB-,9358910735
12525,Rahul Kapoor,35,Male,O+,9942216317
12526,Rahul Singh,46,Male,B+,9237843674
12527,Sahil Singh,46,Male,O-,9127973338
12528,Vikram Singh,56,Female,A+,9117454055
12529,Kavya Mehta,23,Male,A+,9936369312
12530,Anjali Kapoor,56,Female,A+,9717148652
12531,Riya Mehta,44,Female,AB-,9778215043
12532,Sahil Gupta,40,Male,O-,9168776934
12533,Karan Sharma,32,Male,B+,9942593028
12534,Pooja Gupta,29,Male,A-,9327652634
12535,Pooja Kapoor,31,Male,A-,9927435733
12536,Neha Kapoor,20,Male,A+,9410654610
12537,Anjali Mehta,42,Male,B-,9131017887
12538,Vikram Kapoor,18,Female,O-,9789699545
12539,Anjali Sharma,28,Male,O-,9481767667
12540,Vikram Sharma,19,Male,AB-,9483534508
12541,Sahil Kapoor,23,Female,A+,9567237837
12542,Anjali Kapoor,58,Male,AB+,9359618037
12543,Kavya Gupta,37,Male,O-,9363699810
12544,Rahul Mehta,32,Female,O+,9241831218
12545,Kavya Patel,33,Male,A+,9889970347
12546,Kavya Patel,32,Male,AB-,9247291120
12547,Aditya Kapoor,56,Female,O+,9621603629
12548,Rohan Verma,32,Male,AB+,9257056250
12549,Rahul Kapoor,49,Female,O+,9761379259
12550,Pooja Verma,37,Male,A-,9997658840
12551,Pooja Sharma,24,Male,O-,9850402367
12552,Pooja Singh,57,Female,B-,9862700232
12553,Karan Reddy,24,Female,B+,9675189323
12554,Pooja Sharma,52,Female,O+,9822757495
12555,Neha Sharma,29,Female,B+,9174102449
12556,Vikram Sharma,21,Female,A-,9533931492
12557,Rohan Mehta,23,Female,AB-,9709271990
12558,Sahil Gupta,52,Female,A+,9302179060
12559,Vikram Verma,51,Female,A+,9356588919
12560,Divya Sharma,60,Female,B+,9947987293
12561,Neha Mehta,57,Female,A+,9245169015
12562,Aman Patel,54,Male,O+,9692486583
12563,Aman Kapoor,39,Female,B-,9835233860
12564,Sahil Singh,27,Female,AB+,9564642058
12565,Anjali Patel,39,Female,O+,9230619182
12566,Divya Reddy,60,Female,B+,9980797081
12567,Neha Mehta,60,Female,A-,9615152101
12568,Vikram Reddy,35,Female,O-,9738987890
12569,Anjali Reddy,20,Female,AB+,9398732795
12570,Sahil Verma,46,Male,AB-,9343245525
12571,Sahil Sharma,44,Female,AB+,9635205554
12572,Rahul Patel,49,Female,A+,9753586980
12573,Aman Singh,42,Male,B+,9782644735
12574,Aditya Sharma,19,Female,A-,9215554785
12575,Rahul Patel,36,Male,B+,9933767618
12576,Karan Singh,40,Female,A+,9166528832
12577,Sneha Gupta,51,Female,AB+,9515966650
12578,Arjun Gupta,22,Male,B+,9397754923
12579,Anjali Singh,56,Female,A+,9555796408
12580,Aman Kapoor,53,Male,A-,9608956096
12581,Anjali Mehta,27,Male,O+,9562332964
12582,Aditya Singh,31,Female,O-,9446939808
12583,Riya Reddy,44,Female,AB+,9835363333
12584,Sahil Kapoor,46,Female,AB-,9458735292
12585,Aditya Verma,23,Female,B+,9403052387
12586,Sneha Reddy,19,Female,B-,9333703031
12587,Kavya Reddy,34,Female,B+,9860793676
12588,Riya Reddy,31,Male,O+,9901756083
12589,Sneha Kapoor,44,Male,AB-,9806010687
12590,Neha Patel,37,Male,O-,9843036548
12591,Sahil Singh,20,Male,B+,9988136466
12592,Rahul Reddy,37,Female,O+,9295006322
12593,Rohan Verma,59,Male,B+,9400325212
12594,Arjun Verma,26,Male,A-,9406620458
12595,Aman Gupta,28,Male,AB-,9659000622
12596,Vikram Mehta,34,Female,A-,9369544928
12597,Neha Gupta,31,Male,AB-,9165413940
12598,Priya Patel,56,Male,A+,9474358322
12599,Aman Sharma,30,Female,A-,9486355893
12600,Pooja Singh,52,Male,AB+,9722619859
12601,Pooja Singh,51,Male,AB-,9992973480
12602,Vikram Reddy,21,Female,A+,9578969607
12603,Kavya Verma,35,Female,O+,9412951679
12604,Vikram Kapoor,43,Male,O-,9997929796
12605,Priya Kapoor,26,Female,B+,9295623260
12606,Neha Gupta,22,Female,O-,9730543824
12607,Vikram Verma,24,Female,A+,9138679349
12608,Divya Singh,36,Female,O+,9114318297
12609,Rahul Verma,28,Female,A-,9616894897
12610,Anjali Sharma,54,Female,A+,9267958820
12611,Aditya Sharma,59,Female,B-,9197600478
12612,Divya Singh,25,Male,O-,9231733565
12613,Kavya Patel,29,Female,O+,9846374123
12614,Aman Mehta,44,Male,O+,9696329908
12615,Sahil Gupta,60,Female,AB-,9794949667
12616,Rahul Gupta,38,Female,O+,9105650498
12617,Riya Singh,51,Female,B-,9514644970
12618,Kavya Gupta,56,Male,A-,9667569274
12619,Kavya Verma,22,Male,O+,9350624356
12620,Divya Gupta,30,Male,B-,9361596074
12621,Sneha Verma,27,Female,A+,9569000247
12622,Pooja Mehta,37,Female,B-,9960382797
12623,Rahul Gupta,55,Female,A-,9119439144
12624,Neha Sharma,31,Male,O-,9731231755
12625,Sneha Patel,22,Female,A+,9272687304
12626,Aditya Patel,46,Male,O+,9376357801
12627,Pooja Sharma,56,Male,A+,9853728393
12628,Arjun Reddy,46,Female,A-,9412448393
12629,Rahul Patel,55,Male,O+,9123803672
12630,Priya Mehta,36,Male,O+,9330726852
12631,Divya Reddy,35,Male,AB-,9214755805
12632,Aditya Gupta,34,Female,AB+,9180219779
12633,Neha Singh,38,Male,B-,9932983910
12634,Divya Mehta,27,Female,B-,9593729562
12635,Karan Kapoor,52,Male,O+,9920575997
12636,Sneha Reddy,48,Male,AB+,9916509824
12637,Karan Verma,21,Male,O+,9331633364
12638,Sneha Sharma,38,Female,A+,9595600173
12639,Sahil Verma,34,Male,AB+,9652597847
12640,Riya Reddy,25,Female,A+,9616698597
12641,Neha Kapoor,53,Male,A-,9161080742
12642,Anjali Sharma,20,Male,A-,9399408379
12643,Vikram Verma,42,Female,A+,9716289861
12644,Rohan Reddy,57,Male,B-,9821234736
12645,Sahil Gupta,43,Male,O+,9781118071
12646,Sneha Sharma,57,Female,A+,9337207841
12647,Neha Singh,27,Male,B+,9296183191
12648,Neha Mehta,31,Female,AB-,9449889497
12649,Kavya Singh,47,Male,AB-,9757329809
12650,Vikram Mehta,19,Male,O-,9262818475
12651,Priya Patel,57,Female,AB-,9927520200
12652,Aditya Reddy,43,Female,O-,9687089838
12653,Kavya Verma,30,Male,AB+,9977458520
12654,Karan Reddy,26,Male,A+,9520710414
12655,Riya Kapoor,26,Female,O+,9645594981
12656,Sahil Mehta,46,Female,B-,9530255613
12657,Aditya Sharma,45,Male,O-,9484431257
12658,Rahul Sharma,31,Male,AB+,9795903112
12659,Priya Gupta,31,Male,A-,9479612348
12660,Karan Verma,40,Male,A+,9907565083
12661,Divya Kapoor,41,Male,AB+,9838203932
12662,Arjun Gupta,29,Female,AB-,9526967130
12663,Aman Gupta,22,Female,AB+,9334658372
12664,Aditya Patel,19,Male,B-,9300700790
12665,Divya Reddy,54,Male,O+,9740364468
12666,Divya Kapoor,59,Female,B+,9380285757
12667,Riya Kapoor,45,Male,AB+,9915858102
12668,Anjali Mehta,54,Male,AB+,9895672979
12669,Rahul Verma,57,Male,AB-,9880402714
12670,Aman Gupta,33,Male,AB+,9975679016
12671,Pooja Mehta,49,Female,B-,9434982841
12672,Anjali Mehta,55,Female,A-,9269309942
12673,Vikram Patel,55,Female,B+,9727358307
12674,Neha Singh,24,Male,O+,9265559794
12675,Sahil Mehta,26,Male,A+,9142588931
12676,Aditya Kapoor,39,Male,A-,9317194776
12677,Anjali Mehta,47,Male,AB+,9408205047
12678,Aman Gupta,50,Male,B+,9399819053
12679,Karan Sharma,29,Female,AB-,9641503025
12680,Divya Mehta,46,Male,B-,9750215992
12681,Kavya Gupta,28,Female,A+,9683645486
12682,Divya Mehta,20,Male,O+,9269053552
12683,Divya Verma,35,Male,AB-,9333781214
12684,Divya Mehta,44,Male,O-,9273549101
12685,Rahul Reddy,21,Male,O+,9854058969
12686,Kavya Kapoor,48,Male,O+,9336331870
12687,Priya Verma,40,Male,O-,9618979342
12688,Karan Reddy,36,Male,A-,9670735718
12689,Pooja Gupta,52,Female,A+,9483719300
12690,Vikram Verma,52,Female,AB+,9153891053
12691,Rahul Sharma,28,Female,AB-,9653947365
12692,Aditya Singh,38,Female,B-,9217451772
12693,Karan Sharma,29,Male,A+,9348634629
12694,Aditya Kapoor,58,Female,AB+,9145268287
12695,Divya Kapoor,30,Female,A+,9961538335
12696,Sneha Patel,35,Female,AB-,9813295821
12697,Priya Patel,20,Male,B-,9636323453
12698,Aman Patel,40,Female,A-,9122698917
12699,Vikram Verma,36,Female,AB-,9379353757
12700,Sneha Kapoor,29,Male,A+,9948786031
12701,Sahil Verma,40,Male,AB-,9131927224
12702,Aman Verma,46,Female,O-,9705693335
12703,Arjun Sharma,37,Female,A+,9112280932
12704,Sahil Singh,26,Female,A+,9181580727
12705,Aditya Reddy,39,Male,O-,9836238310
12706,Pooja Sharma,56,Male,B-,9704438653
12707,Neha Patel,19,Female,AB+,9620554686
12708,Rahul Reddy,58,Male,O+,9565111467
12709,Priya Mehta,49,Female,AB-,9237433257
12710,Kavya Kapoor,54,Male,A-,9884785779
12711,Sneha Singh,38,Male,B+,9976453640
12712,Aman Reddy,18,Male,O+,9267428940
12713,Pooja Gupta,35,Female,A-,9524973146
12714,Riya Verma,31,Female,A+,9361635095
12715,Rohan Sharma,52,Female,O-,9659289924
12716,Arjun Kapoor,25,Female,A+,9959451225
12717,Vikram Reddy,58,Female,B-,9704713922
12718,Neha Verma,54,Male,O+,9478381600
12719,Rohan Mehta,55,Female,A+,9540476459
12720,Vikram Sharma,54,Female,B+,9891824170
12721,Kavya Mehta,50,Female,A+,9582344491
12722,Anjali Mehta,21,Male,B-,9783314618
12723,Neha Sharma,27,Male,O+,9927233823
12724,Anjali Singh,18,Female,B-,9943650811
12725,Pooja Mehta,28,Male,B-,9368720863
12726,Aditya Mehta,46,Female,B+,9339903373
12727,Vikram Patel,42,Male,A+,9325284781
12728,Vikram Verma,25,Female,B+,9108000739
12729,Arjun Sharma,26,Female,AB-,9170676322
12730,Neha Sharma,54,Female,B+,9753866436
12731,Pooja Singh,60,Female,AB+,9790305692
12732,Kavya Reddy,19,Female,A+,9334878496
12733,Pooja Mehta,42,Male,A-,9482216846
12734,Divya Mehta,26,Female,AB+,9264511681
12735,Sneha Patel,54,Male,AB-,9914713236
12736,Kavya Mehta,54,Female,A-,9811786243
12737,Rahul Gupta,38,Female,A+,9566830535
12738,Arjun Gupta,49,Male,B+,9422901349
12739,Priya Patel,45,Female,A-,9808413784
12740,Sneha Reddy,21,Male,O-,9389286671
12741,Rahul Sharma,44,Male,A+,9264162493
12742,Priya Kapoor,25,Female,AB-,9563804227
12743,Aditya Reddy,38,Male,A-,9541186817
12744,Karan Mehta,57,Male,AB+,9888360027
12745,Rohan Gupta,40,Male,O-,9566501731
12746,Arjun Gupta,47,Male,AB-,9951522304
12747,Divya Kapoor,57,Female,O-,9489316115
12748,Sneha Gupta,26,Female,A+,9633873608
12749,Pooja Singh,28,Male,B+,9101351330
12750,Karan Reddy,31,Female,A+,9111881520
12751,Sneha Gupta,38,Male,B-,9289918453
12752,Neha Singh,57,Male,AB+,9243602626
12753,Priya Gupta,24,Female,B-,9871526331
12754,Arjun Kapoor,50,Female,B-,9116022848
12755,Kavya Verma,50,Female,O+,9562826470
12756,Rahul Sharma,33,Female,A-,9797021152
12757,Rohan Sharma,59,Male,B-,9349797625
12758,Sneha Kapoor,54,Male,O+,9893897994
12759,Priya Mehta,48,Male,A+,9829797480
12760,Aditya Kapoor,23,Male,AB-,9999269201
12761,Riya Reddy,44,Male,B-,9639911911
12762,Riya Mehta,52,Male,O+,9351556815
12763,Rahul Verma,42,Male,A+,9302850227
12764,Priya Kapoor,51,Female,AB+,9269269046
12765,Sahil Kapoor,36,Male,AB-,9416599678
12766,Kavya Mehta,41,Male,AB-,9913530624
12767,Sahil Kapoor,28,Male,A-,9853940906
12768,Aman Singh,50,Male,A-,9968304861
12769,Aman Reddy,48,Male,A-,9717809788
12770,Anjali Reddy,47,Male,O-,9734284757
12771,Arjun Patel,49,Female,O-,9976942876
12772,Sahil Patel,25,Male,A-,9863688580
12773,Aditya Reddy,36,Female,AB+,9216352301
12774,Divya Patel,41,Female,AB+,9330142111
12775,Kavya Mehta,56,Male,AB+,9672226066
12776,Aman Kapoor,27,Male,A+,9941296410
12777,Sneha Singh,57,Female,AB-,9639038047
12778,Rohan Gupta,38,Female,B-,9448682875
12779,Anjali Patel,34,Male,O-,9216072088
12780,Pooja Verma,30,Male,A+,9384215144
12781,Riya Mehta,27,Female,AB+,9159465323
12782,Rohan Mehta,45,Female,AB-,9400456186
12783,Karan Verma,58,Male,A+,9355374549
12784,Anjali Patel,38,Male,B+,9912498648
12785,Rohan Reddy,29,Male,O+,9927658383
12786,Neha Kapoor,46,Male,A+,9743231090
12787,Divya Verma,22,Male,A-,9829237264
12788,Anjali Singh,27,Female,O+,9206129398
12789,Divya Gupta,27,Female,A-,9193495890
12790,Kavya Gupta,29,Male,B-,9228961770
12791,Arjun Kapoor,23,Male,B+,9769055120
12792,Kavya Mehta,49,Male,B-,9412830207
12793,Rahul Reddy,25,Male,AB+,9987652501
12794,Divya Gupta,32,Female,B+,9785561446
12795,Aditya Gupta,51,Male,O-,9303521043
12796,Sneha Reddy,53,Female,B+,9736161741
12797,Kavya Patel,36,Male,AB+,9803568140
12798,Sahil Mehta,25,Male,O+,9170626580
12799,Kavya Mehta,52,Female,B+,9583745594
12800,Pooja Singh,60,Male,A+,9341050544
12801,Sneha Patel,25,Male,B+,9649629578
12802,Aman Verma,24,Male,O-,9136042007
12803,Pooja Sharma,36,Female,O-,9347145373
12804,Kavya Gupta,50,Male,AB-,9245683812
12805,Sneha Reddy,18,Male,A+,9636418037
12806,Neha Reddy,21,Male,O+,9828974146
12807,Neha Verma,45,Male,AB-,9652388534
12808,Aman Sharma,46,Female,A-,9724727646
12809,Sahil Reddy,45,Female,AB+,9171189188
12810,Sahil Patel,21,Female,AB+,9688574930
12811,Arjun Gupta,58,Female,AB+,9814844294
12812,Vikram Gupta,39,Male,AB+,9887286748
12813,Sahil Gupta,40,Male,O+,9700231846
12814,Pooja Mehta,24,Male,O+,9454224152
12815,Anjali Reddy,44,Female,O-,9354924177
12816,Sneha Mehta,41,Male,AB-,9999755980
12817,Rohan Verma,47,Male,B+,9195157230
12818,Aman Singh,42,Male,O+,9655568692
12819,Divya Sharma,43,Male,AB+,9449849616
12820,Arjun Patel,55,Female,O-,9168058334
12821,Rahul Gupta,41,Female,B+,9566329685
12822,Neha Gupta,29,Female,B+,9321193546
12823,Divya Singh,51,Female,A+,9117660159
12824,Arjun Singh,40,Male,B-,9523419252
12825,Anjali Reddy,29,Female,O+,9226072725
12826,Anjali Verma,22,Female,A+,9861433917
12827,Rohan Reddy,34,Male,O+,9222045543
12828,Divya Gupta,47,Male,B+,9173645567
12829,Sahil Singh,48,Female,O-,9777129804
12830,Karan Kapoor,29,Male,A+,9550970417
12831,Sneha Verma,59,Male,O+,9694532921
12832,Divya Singh,57,Female,AB+,9969930550
12833,Rahul Singh,30,Male,AB-,9271791034
12834,Neha Mehta,51,Female,AB-,9741535351
12835,Riya Kapoor,53,Male,AB+,9520134535
12836,Priya Reddy,36,Male,O+,9902706492
12837,Sneha Mehta,38,Female,O+,9209442379
12838,Karan Patel,21,Female,O-,9793697774
12839,Arjun Verma,58,Male,AB+,9298296950
12840,Rohan Singh,38,Female,O+,9501880747
12841,Karan Kapoor,33,Female,O-,9199254949
12842,Aditya Patel,53,Female,B-,9645234575
12843,Rohan Gupta,19,Female,O-,9598882558
12844,Vikram Reddy,57,Female,B+,9648814683
12845,Rahul Singh,49,Female,A-,9418895303
12846,Rahul Sharma,36,Female,AB+,9156412576
12847,Kavya Verma,48,Male,O+,9218020771
12848,Arjun Reddy,39,Male,AB+,9490301124
12849,Anjali Verma,42,Female,B+,9796490952
12850,Priya Verma,25,Male,B+,9930621562
12851,Arjun Gupta,58,Female,B+,9189982956
12852,Aman Singh,25,Female,AB+,9944618580
12853,Riya Kapoor,30,Male,A-,9905928015
12854,Kavya Gupta,27,Female,O+,9736782103
12855,Priya Verma,47,Female,A+,9503112573
12856,Priya Mehta,32,Male,O-,9165990272
12857,Sneha Kapoor,42,Male,O+,9888770652
12858,Arjun Verma,34,Male,O+,9369295861
12859,Riya Singh,54,Female,A+,9470265502
12860,Pooja Mehta,29,Male,A+,9940047988
12861,Anjali Patel,48,Male,B+,9442558962
12862,Rohan Sharma,36,Female,O+,9970123636
12863,Priya Kapoor,19,Female,B-,9454140097
12864,Rohan Patel,21,Male,O-,9724115034
12865,Aditya Gupta,21,Female,O+,9654137583
12866,Divya Patel,35,Female,B+,9436161925
12867,Arjun Kapoor,33,Female,O+,9709668377
12868,Arjun Gupta,44,Male,A+,9234687461
12869,Anjali Sharma,60,Female,O+,9394690261
12870,Sahil Mehta,30,Male,O-,9814271092
12871,Divya Mehta,54,Female,B+,9837063593
12872,Kavya Gupta,26,Male,B-,9422698597
12873,Sneha Singh,52,Male,AB+,9982059233
12874,Neha Reddy,19,Male,O-,9465751303
12875,Anjali Patel,57,Female,AB-,9612773247
12876,Divya Kapoor,56,Male,O+,9790245140
12877,Sneha Kapoor,57,Female,O+,9691454788
12878,Neha Kapoor,26,Female,O+,9525996093
12879,Aman Patel,31,Female,A-,9944943060
12880,Sneha Reddy,27,Male,AB-,9226099381
12881,Anjali Mehta,48,Female,A-,9475076260
12882,Karan Singh,37,Female,A+,9783916642
12883,Sahil Kapoor,56,Male,A+,9665375989
12884,Arjun Mehta,35,Male,A+,9931037224
12885,Sahil Sharma,57,Male,O+,9157124409
12886,Priya Reddy,53,Female,B-,9463639067
12887,Rahul Patel,24,Female,O-,9294208892
12888,Karan Singh,20,Female,AB-,9177710827
12889,Sneha Kapoor,37,Female,AB-,9584012059
12890,Riya Verma,18,Male,B+,9165075880
12891,Vikram Singh,34,Male,A-,9622689511
12892,Neha Singh,53,Male,AB-,9757963262
12893,Arjun Gupta,31,Male,B+,9379074844
12894,Riya Reddy,34,Male,A+,9763501263
12895,Pooja Sharma,37,Male,O-,9689227843
12896,Sneha Gupta,22,Male,AB-,9667754743
12897,Aditya Kapoor,44,Male,O+,9849369787
12898,Neha Gupta,20,Female,A-,9316859546
12899,Priya Sharma,40,Female,B+,9350188136
12900,Divya Kapoor,29,Female,A-,9645188037
12901,Anjali Kapoor,32,Male,O+,9622095963
12902,Sneha Patel,26,Female,A-,9807754316
12903,Aditya Mehta,37,Male,AB+,9416483907
12904,Vikram Kapoor,32,Female,B+,9815187030
12905,Sneha Mehta,43,Male,B+,9333174744
12906,Anjali Gupta,49,Female,O+,9665781840
12907,Kavya Singh,49,Male,AB-,9480463120
12908,Aman Kapoor,47,Male,B-,9854566950
12909,Divya Reddy,56,Female,A+,9700038714
12910,Kavya Gupta,24,Female,O+,9606049581
12911,Neha Kapoor,45,Male,AB+,9892669905
12912,Arjun Reddy,29,Male,B+,9155146249
12913,Karan Mehta,28,Male,A+,9424621026
12914,Sneha Verma,34,Female,A-,9360273244
12915,Neha Kapoor,22,Male,O+,9313572860
12916,Pooja Singh,31,Female,B+,9899198396
12917,Rohan Kapoor,49,Male,A+,9399350210
12918,Sneha Reddy,43,Male,AB-,9999472047
12919,Sneha Sharma,33,Male,A-,9542138018
12920,Rohan Sharma,35,Male,B-,9758802748
12921,Aditya Patel,26,Male,A-,9667249781
12922,Rahul Patel,57,Male,AB+,9362661803
12923,Aman Verma,37,Male,A-,9753390782
12924,Sneha Singh,18,Female,B+,9972510562
12925,Rohan Gupta,22,Female,A+,9174269725
12926,Riya Patel,36,Male,AB-,9982407258
12927,Rahul Mehta,49,Female,O+,9665729378
12928,Aman Verma,59,Male,AB+,9338501287
12929,Aman Mehta,32,Male,B-,9200709961
12930,Rohan Kapoor,56,Male,B+,9936402982
12931,Anjali Kapoor,41,Female,B-,9397776479
12932,Kavya Singh,45,Male,AB+,9998785916
12933,Aditya Verma,56,Male,A-,9551626532
12934,Arjun Singh,46,Female,B-,9105866950
12935,Kavya Singh,34,Male,B-,9525203354
12936,Pooja Sharma,18,Male,AB-,9983971960
12937,Pooja Sharma,45,Female,O+,9818630191
12938,Aditya Patel,41,Male,O-,9256741811
12939,Kavya Reddy,38,Male,B+,9720742257
12940,Sneha Singh,31,Female,AB-,9890090397
12941,Arjun Patel,36,Female,A-,9379628704
12942,Karan Sharma,19,Male,AB-,9762403797
12943,Rahul Kapoor,53,Male,AB+,9113389532
12944,Neha Sharma,55,Male,B+,9822927311
12945,Neha Gupta,30,Female,AB+,9422713668
12946,Divya Patel,45,Male,A+,9737244720
12947,Priya Patel,45,Female,A+,9904697357
12948,Pooja Gupta,19,Female,O+,9423619928
12949,Pooja Patel,41,Male,AB-,9597225134
12950,Sneha Reddy,60,Male,B-,9154022034
12951,Rahul Singh,51,Male,AB+,9720750441
12952,Vikram Gupta,36,Female,AB-,9910613801
12953,Priya Reddy,37,Male,B+,9685019385
12954,Rahul Kapoor,49,Female,AB+,9132344412
12955,Priya Sharma,22,Male,AB-,9565357503
12956,Kavya Reddy,56,Male,B-,9876583632
12957,Riya Gupta,56,Female,AB+,9423702271
12958,Vikram Singh,25,Female,O+,9991600199
12959,Anjali Patel,54,Female,O-,9973306081
12960,Neha Gupta,50,Female,O+,9301563413
12961,Divya Reddy,26,Male,B-,9878205518
12962,Aman Mehta,26,Female,A+,9486719377
12963,Aditya Gupta,53,Male,AB-,9590948174
12964,Arjun Verma,19,Male,A-,9902438148
12965,Divya Gupta,37,Female,AB-,9168174454
12966,Anjali Gupta,41,Female,B-,9611901731
12967,Rohan Sharma,21,Male,A+,9967800503
12968,Neha Singh,51,Female,A+,9574401618
12969,Sahil Verma,48,Male,B+,9811887203
12970,Vikram Mehta,60,Male,A-,9944808294
12971,Divya Mehta,46,Male,B+,9290843938
12972,Vikram Singh,33,Male,O+,9139693468
12973,Aman Reddy,40,Female,B+,9522324606
12974,Karan Singh,21,Male,B+,9392664583
12975,Vikram Kapoor,37,Male,A+,9872112850
12976,Riya Verma,51,Female,AB-,9535412847
12977,Kavya Singh,46,Female,O-,9311412338
12978,Rahul Singh,31,Female,AB+,9615471039
12979,Aditya Verma,35,Female,O-,9350947804
12980,Karan Sharma,57,Male,A-,9360684383
12981,Aditya Sharma,25,Male,B+,9621640154
12982,Rohan Sharma,30,Male,O+,9733845559
12983,Pooja Reddy,35,Male,AB+,9192241327
12984,Sneha Mehta,58,Female,O+,9994398329
12985,Divya Verma,41,Male,B+,9203896448
12986,Sahil Gupta,39,Male,A-,9717544900
12987,Pooja Verma,41,Male,O-,9538308941
12988,Neha Patel,23,Male,AB-,9423311118
12989,Rahul Kapoor,21,Male,B+,9485131827
12990,Neha Mehta,38,Female,AB-,9310370543
12991,Aditya Singh,18,Female,O+,9117000263
12992,Rahul Patel,36,Male,A+,9750969081
12993,Anjali Singh,41,Female,B-,9763723354
12994,Riya Reddy,21,Female,A-,9145845702
12995,Sahil Sharma,24,Male,B-,9777653196
12996,Rahul Kapoor,26,Male,B-,9815189542
12997,Anjali Kapoor,40,Female,B-,9313478599
12998,Kavya Gupta,38,Male,O+,9853458628
12999,Arjun Patel,20,Male,O+,9610641885
13000,Pooja Verma,29,Male,O+,9336748695
13001,Anjali Gupta,38,Female,B+,9280051670
13002,Neha Reddy,27,Female,AB+,9333837261
13003,Riya Sharma,56,Female,A+,9954106574
13004,Aditya Kapoor,55,Male,A+,9475666922
13005,Sneha Mehta,58,Male,O-,9174876421
13006,Priya Verma,44,Female,B-,9842292434
13007,Arjun Mehta,60,Male,AB-,9790817163
13008,Karan Singh,21,Male,B-,9802345389
13009,Divya Kapoor,35,Male,AB+,9786614291
13010,Arjun Sharma,23,Female,B+,9869425809
13011,Rahul Sharma,44,Female,O+,9231169209
13012,Arjun Reddy,60,Female,B-,9826101806
13013,Anjali Gupta,43,Female,AB+,9749709878
13014,Anjali Patel,30,Female,A+,9210937317
13015,Anjali Patel,42,Male,A+,9136437767
13016,Arjun Gupta,46,Female,AB+,9948926210
13017,Anjali Gupta,57,Female,AB+,9252400885
13018,Anjali Verma,50,Male,B+,9462153445
13019,Divya Verma,28,Female,O+,9949292979
13020,Aman Reddy,59,Male,O-,9268815057
13021,Aditya Singh,25,Male,O+,9761124622
13022,Rahul Patel,45,Male,B+,9238655288
13023,Sahil Kapoor,22,Female,AB-,9151532177
13024,Sneha Singh,35,Male,AB+,9813705442
13025,Rahul Kapoor,37,Male,O-,9548525045
13026,Rahul Reddy,25,Male,O-,9612548546
13027,Kavya Kapoor,51,Female,AB+,9123670232
13028,Rohan Reddy,19,Female,B+,9146513661
13029,Riya Patel,37,Female,O+,9302471810
13030,Divya Gupta,33,Male,A-,9954301520
13031,Vikram Singh,42,Female,A-,9448317309
13032,Neha Mehta,34,Male,A-,9641622066
13033,Kavya Sharma,59,Female,A+,9766691247
13034,Anjali Singh,22,Female,B+,9876698436
13035,Divya Kapoor,29,Male,AB+,9109353032
13036,Pooja Sharma,59,Female,AB+,9716540424
13037,Karan Kapoor,34,Male,O+,9250387163
13038,Neha Singh,38,Male,O-,9396668123
13039,Pooja Sharma,26,Male,B-,9326277856
13040,Vikram Singh,48,Female,A+,9322261124
13041,Anjali Verma,54,Male,O+,9958838179
13042,Arjun Sharma,42,Female,B-,9771793191
13043,Divya Mehta,22,Male,O+,9533283115
13044,Neha Verma,51,Male,AB-,9645989666
13045,Neha Sharma,57,Female,O+,9727657341
13046,Rahul Gupta,42,Male,AB-,9124780175
13047,Kavya Reddy,32,Male,AB-,9767061608
13048,Neha Reddy,47,Female,B-,9334143268
13049,Divya Gupta,58,Male,AB-,9802606975
13050,Neha Kapoor,28,Female,B-,9311648410
13051,Arjun Sharma,43,Female,AB+,9361176028
13052,Karan Sharma,28,Female,AB+,9635801814
13053,Aman Singh,48,Male,O+,9505515318
13054,Rohan Gupta,53,Female,O+,9970347506
13055,Kavya Patel,50,Male,O+,9904108902
13056,Divya Mehta,25,Male,O-,9923159325
13057,Priya Verma,24,Male,O+,9160114498
13058,Sahil Kapoor,49,Male,AB-,9461648426
13059,Pooja Mehta,44,Female,A-,9458959150
13060,Rohan Verma,35,Male,B-,9849848901
13061,Riya Verma,37,Female,A+,9752667942
13062,Pooja Verma,32,Male,B+,9959722322
13063,Divya Verma,35,Male,A-,9782809475
13064,Rahul Verma,60,Male,A+,9469696741
13065,Priya Gupta,37,Male,A-,9550607683
13066,Pooja Mehta,50,Male,A-,9136854207
13067,Sahil Kapoor,39,Female,A-,9721662410
13068,Kavya Singh,43,Male,AB+,9861207131
13069,Rohan Mehta,38,Female,AB-,9692386630
13070,Anjali Gupta,49,Female,B+,9841187125
13071,Arjun Gupta,40,Female,B+,9260011837
13072,Priya Mehta,20,Male,A-,9511739659
13073,Rahul Sharma,26,Female,AB+,9824301599
13074,Riya Reddy,47,Female,O+,9895732382
13075,Sneha Singh,21,Male,O-,9531397403
13076,Neha Reddy,46,Female,AB-,9994350990
13077,Divya Reddy,57,Female,B-,9211340158
13078,Karan Patel,42,Female,A-,9198347925
13079,Sahil Singh,40,Male,AB-,9292138472
13080,Vikram Kapoor,53,Female,B+,9716770010
13081,Aman Reddy,58,Male,O-,9465042696
13082,Neha Reddy,58,Male,O-,9480491321
13083,Sneha Kapoor,22,Female,O+,9253202265
13084,Rahul Reddy,22,Male,AB+,9611078663
13085,Aditya Mehta,37,Male,O-,9728526186
13086,Rohan Mehta,33,Male,AB+,9190998334
13087,Sneha Singh,31,Female,AB+,9983579773
13088,Riya Singh,59,Female,A+,9502944650
13089,Sahil Reddy,27,Male,O+,9915378166
13090,Rohan Reddy,37,Male,AB-,9497883394
13091,Rahul Kapoor,48,Female,A+,9233205835
13092,Riya Sharma,38,Female,O-,9901223466
13093,Priya Gupta,48,Female,A-,9242361375
13094,Neha Reddy,29,Female,B-,9488303137
13095,Kavya Patel,51,Female,O+,9371894643
13096,Vikram Patel,40,Male,A+,9765599833
13097,Arjun Gupta,48,Male,O-,9840299250
13098,Aditya Gupta,24,Female,O+,9623952391
13099,Pooja Gupta,51,Female,A-,9840382822
13100,Arjun Verma,60,Female,A+,9118646100
13101,Rahul Gupta,36,Male,AB-,9890722286
13102,Neha Mehta,24,Male,A+,9547551267
13103,Kavya Sharma,46,Female,A+,9364505068
13104,Rohan Mehta,32,Male,A+,9803160121
13105,Aditya Kapoor,35,Male,AB-,9266428006
13106,Kavya Gupta,60,Male,A-,9251865154
13107,Sneha Kapoor,30,Male,AB+,9358789329
13108,Priya Verma,53,Male,O-,9858751226
13109,Divya Kapoor,47,Female,A-,9286852226
13110,Riya Sharma,19,Male,O+,9779221927
13111,Aditya Gupta,39,Female,A-,9984075430
13112,Rohan Singh,19,Female,B+,9416128956
13113,Aditya Singh,60,Male,B+,9905817088
13114,Vikram Mehta,30,Female,AB-,9953844271
13115,Arjun Singh,27,Male,AB-,9303391452
13116,Pooja Sharma,32,Male,B+,9478806978
13117,Sneha Mehta,47,Male,O+,9989316932
13118,Aman Mehta,37,Female,O-,9262558823
13119,Karan Sharma,60,Female,AB+,9214127160
13120,Divya Sharma,46,Male,A-,9322715846
13121,Karan Mehta,22,Female,O+,9364981688
13122,Divya Gupta,47,Female,AB-,9675368246
13123,Rohan Mehta,37,Female,O+,9291337136
13124,Rahul Patel,54,Male,AB+,9937170706
13125,Sahil Reddy,31,Female,A+,9829406664
13126,Anjali Verma,56,Female,O+,9953734189
13127,Sneha Reddy,34,Male,B+,9951345703
13128,Riya Gupta,23,Female,B+,9959260024
13129,Anjali Mehta,41,Male,AB+,9475384770
13130,Arjun Sharma,25,Male,A+,9756645235
13131,Aman Sharma,24,Male,B+,9506365592
13132,Neha Sharma,18,Male,A+,9581257863
13133,Neha Gupta,53,Male,AB+,9100406729
13134,Karan Sharma,45,Male,O-,9804830867
13135,Kavya Verma,52,Female,B+,9971008553
13136,Kavya Sharma,30,Female,AB-,9159043431
13137,Divya Singh,60,Male,B+,9368652941
13138,Rohan Patel,60,Female,B-,9758576630
13139,Kavya Gupta,29,Male,AB-,9626532598
13140,Kavya Kapoor,18,Female,B+,9211979046
13141,Rohan Mehta,31,Male,B-,9357610061
13142,Anjali Verma,31,Male,A-,9737434458
13143,Karan Patel,58,Male,B+,9526564022
13144,Aditya Singh,33,Female,O+,9207828969
13145,Aman Gupta,30,Female,A-,9403682627
13146,Kavya Mehta,42,Male,O-,9698812079
13147,Vikram Kapoor,40,Female,B-,9175976632
13148,Rohan Gupta,37,Female,A+,9420952106
13149,Karan Mehta,43,Male,AB+,9624704960
13150,Sneha Patel,53,Male,A-,9989525852
13151,Kavya Reddy,23,Male,O+,9737923438
13152,Sahil Mehta,34,Male,O+,9488941022
13153,Rahul Sharma,27,Male,AB-,9532460695
13154,Pooja Verma,37,Male,O-,9586938159
13155,Sneha Gupta,27,Male,A+,9441185293
13156,Pooja Kapoor,39,Male,B-,9575060977
13157,Sneha Kapoor,34,Female,B+,9945735103
13158,Vikram Verma,21,Male,O-,9578959538
13159,Divya Mehta,57,Male,B+,9652180817
13160,Vikram Verma,47,Female,O+,9956744034
13161,Priya Kapoor,52,Male,AB+,9627204712
13162,Riya Singh,44,Female,O+,9943904699
13163,Aman Patel,25,Female,A+,9171618451
13164,Riya Sharma,39,Male,B-,9451119489
13165,Priya Sharma,59,Female,O+,9173516365
13166,Sneha Gupta,19,Female,O+,9585223529
13167,Rahul Kapoor,37,Female,A+,9136619867
13168,Vikram Patel,30,Female,AB+,9821891325
13169,Riya Gupta,42,Male,B+,9811697208
13170,Divya Sharma,59,Female,AB+,9590981321
13171,Riya Singh,23,Male,B-,9898618591
13172,Arjun Kapoor,18,Male,O+,9644420332
13173,Rohan Reddy,21,Female,A-,9733494303
13174,Vikram Mehta,48,Female,A-,9210980306
13175,Aditya Verma,34,Female,A+,9306551604
13176,Pooja Singh,52,Female,AB-,9778562595
13177,Sahil Reddy,30,Male,A-,9922153424
13178,Priya Verma,47,Female,O+,9102614175
13179,Anjali Reddy,57,Male,B+,9545091868
13180,Aman Mehta,35,Male,AB-,9530341664
13181,Aman Sharma,32,Male,AB+,9700735879
13182,Sneha Sharma,21,Male,B-,9435127857
13183,Arjun Kapoor,54,Male,A-,9781937018
13184,Kavya Gupta,26,Male,A-,9565337785
13185,Divya Verma,23,Female,O-,9933552872
13186,Aman Kapoor,42,Female,AB-,9365422134
13187,Aditya Singh,52,Male,O+,9358081705
13188,Sahil Singh,34,Male,O-,9971023615
13189,Anjali Reddy,24,Male,A-,9199188339
13190,Arjun Singh,38,Male,AB+,9957907861
13191,Karan Gupta,60,Male,A-,9887439396
13192,Sneha Singh,24,Male,B+,9730531148
13193,Sneha Gupta,40,Female,O-,9147051547
13194,Arjun Gupta,33,Male,B+,9200261026
13195,Vikram Mehta,55,Female,AB+,9306466872
13196,Vikram Gupta,36,Male,B+,9286672505
13197,Priya Reddy,50,Male,A+,9454685581
13198,Rahul Gupta,21,Male,O+,9774337096
13199,Aditya Singh,33,Male,O+,9727982447
13200,Neha Mehta,24,Male,O-,9332998428
13201,Divya Verma,38,Male,AB+,9774820342
13202,Karan Mehta,45,Female,AB+,9176662169
13203,Divya Gupta,60,Male,AB+,9549795816
13204,Sneha Reddy,35,Female,AB-,9540131852
13205,Karan Reddy,53,Male,A-,9658663020
13206,Kavya Verma,38,Male,B-,9971238977
13207,Rahul Sharma,43,Male,AB+,9138040838
13208,Riya Verma,29,Male,O+,9961633141
13209,Vikram Kapoor,42,Male,A-,9492773998
13210,Aditya Reddy,46,Female,AB+,9241487905
13211,Karan Reddy,51,Female,A+,9586286147
13212,Rahul Gupta,47,Female,AB-,9268100731
13213,Karan Sharma,33,Male,AB-,9778842689
13214,Rahul Verma,29,Male,B+,9711060107
13215,Rahul Sharma,24,Male,B+,9966257580
13216,Rohan Kapoor,35,Male,AB-,9836283464
13217,Vikram Singh,23,Male,A-,9908627926
13218,Divya Verma,24,Male,A+,9852423477
13219,Arjun Sharma,42,Female,AB-,9745490478
13220,Neha Mehta,43,Male,AB+,9162913195
13221,Rahul Verma,37,Female,B+,9789948364
13222,Sahil Sharma,43,Male,A-,9619164938
13223,Pooja Gupta,49,Male,O-,9370046903
13224,Arjun Singh,26,Female,AB+,9809442229
13225,Aditya Patel,32,Male,O+,9131980924
13226,Priya Reddy,43,Female,A-,9844089503
13227,Riya Mehta,53,Female,A+,9903638521
13228,Aman Mehta,26,Female,A+,9912983246
13229,Riya Kapoor,39,Female,A-,9781532953
13230,Riya Reddy,51,Female,B-,9128112689
13231,Rohan Gupta,38,Female,O-,9934932113
13232,Divya Verma,53,Female,B-,9245992685
13233,Pooja Kapoor,30,Female,A+,9675974754
13234,Divya Verma,25,Male,O-,9379016978
13235,Sneha Patel,27,Female,AB-,9286315703
13236,Rahul Mehta,45,Female,A+,9458090285
13237,Karan Singh,59,Male,O-,9924241312
13238,Rohan Patel,41,Female,B-,9777438810
13239,Vikram Mehta,44,Male,B+,9930393345
13240,Aditya Patel,23,Female,O+,9951430089
13241,Aman Kapoor,50,Male,A+,9239774471
13242,Priya Reddy,37,Male,B+,9671909945
13243,Neha Patel,39,Male,A+,9890821333
13244,Neha Verma,57,Male,AB-,9590444315
13245,Anjali Mehta,51,Female,B+,9297823824
13246,Rahul Patel,40,Male,A+,9587553459
13247,Kavya Gupta,51,Female,A+,9293014561
13248,Divya Patel,32,Female,A-,9196449925
13249,Sahil Sharma,56,Female,B+,9574234609
13250,Neha Singh,59,Female,AB-,9931826607
13251,Kavya Reddy,55,Female,AB+,9696935801
13252,Rohan Sharma,51,Female,B+,9905802573
13253,Anjali Patel,23,Male,O-,9258149398
13254,Riya Sharma,42,Female,O-,9565625091
13255,Anjali Patel,48,Male,B+,9979851006
13256,Pooja Verma,57,Female,O+,9643845933
13257,Priya Gupta,28,Female,B+,9451286542
13258,Sahil Reddy,27,Female,A-,9750376558
13259,Divya Gupta,25,Female,O-,9174483180
13260,Kavya Patel,28,Female,O+,9596894913
13261,Anjali Singh,41,Female,O+,9949899030
13262,Divya Mehta,39,Male,AB+,9562662984
13263,Divya Kapoor,22,Female,B-,9160840908
13264,Divya Kapoor,28,Male,B-,9213752030
13265,Divya Kapoor,20,Female,O+,9922564753
13266,Divya Gupta,52,Male,B-,9817948421
13267,Priya Patel,49,Male,A-,9629197862
13268,Pooja Singh,41,Male,O+,9770009386
13269,Aditya Mehta,60,Female,O+,9817447238
13270,Kavya Verma,46,Female,B+,9422355456
13271,Priya Reddy,40,Female,A-,9952976577
13272,Neha Kapoor,35,Female,AB+,9814598680
13273,Divya Sharma,21,Female,AB+,9168849654
13274,Divya Sharma,18,Female,A+,9307927711
13275,Rahul Reddy,59,Female,B-,9911883253
13276,Sahil Kapoor,35,Female,A-,9446204347
13277,Riya Mehta,52,Female,B-,9413542963
13278,Rahul Gupta,53,Female,B-,9682790410
13279,Rohan Verma,30,Female,A+,9575074050
13280,Kavya Sharma,32,Male,A+,9921993810
13281,Aman Gupta,22,Male,B+,9516148133
13282,Priya Patel,20,Female,B+,9864156265
13283,Aman Reddy,57,Female,O+,9393496639
13284,Sahil Reddy,19,Female,O-,9956210243
13285,Pooja Singh,18,Female,A+,9795071576
13286,Priya Sharma,18,Male,A-,9667317469
13287,Vikram Patel,18,Female,B+,9166795330
13288,Sneha Verma,57,Male,O+,9994217122
13289,Kavya Sharma,56,Male,A+,9955697174
13290,Pooja Singh,33,Male,O+,9890048247
13291,Riya Kapoor,35,Female,O+,9431448258
13292,Arjun Sharma,58,Female,A+,9855295803
13293,Kavya Gupta,27,Female,B+,9235053138
13294,Rahul Singh,22,Male,AB-,9940969304
13295,Vikram Sharma,48,Female,AB+,9831108126
13296,Neha Mehta,54,Male,B+,9492251230
13297,Riya Verma,59,Male,O-,9142980758
13298,Sneha Mehta,47,Female,AB+,9433794286
13299,Aman Patel,45,Male,A-,9407472624
13300,Arjun Gupta,59,Female,O-,9793553552
13301,Aman Patel,58,Male,O+,9882428041
13302,Sneha Reddy,38,Female,B+,9821451733
13303,Sahil Verma,34,Male,AB-,9452620497
13304,Rahul Verma,58,Female,AB-,9588824133
13305,Rahul Sharma,36,Male,A-,9620926352
13306,Karan Kapoor,47,Female,A-,9210819495
13307,Anjali Patel,22,Male,A-,9918043066
13308,Karan Mehta,39,Female,A+,9197115044
13309,Riya Sharma,24,Female,A-,9809365430
13310,Divya Gupta,28,Female,B-,9448863541
13311,Vikram Mehta,33,Female,A+,9758361529
13312,Pooja Singh,19,Female,AB-,9769633612
13313,Arjun Gupta,35,Male,A+,9884975553
13314,Arjun Singh,59,Male,A-,9792274643
13315,Arjun Gupta,55,Female,B-,9112439006
13316,Neha Reddy,48,Male,AB-,9221829952
13317,Neha Kapoor,53,Female,B-,9424129943
13318,Aman Sharma,29,Female,B-,9741419257
13319,Riya Gupta,55,Male,AB-,9416326093
13320,Rohan Reddy,18,Female,AB-,9442564148
13321,Pooja Mehta,30,Male,B+,9358898417
13322,Rohan Sharma,54,Male,O-,9135879426
13323,Arjun Reddy,37,Male,B+,9559591911
13324,Kavya Singh,53,Male,O-,9478753036
13325,Aditya Patel,51,Male,O-,9717544521
13326,Aman Sharma,40,Male,B-,9217005667
13327,Pooja Patel,55,Male,B-,9318348641
13328,Sahil Kapoor,34,Female,O-,9282291387
13329,Neha Patel,33,Female,B+,9663846472
13330,Arjun Gupta,59,Male,A-,9981337788
13331,Rohan Mehta,49,Female,O-,9339890758
13332,Riya Sharma,41,Male,O-,9423786995
13333,Arjun Verma,25,Female,B+,9414954499
13334,Aditya Verma,51,Female,A-,9969339152
13335,Rahul Sharma,19,Male,A+,9156139086
13336,Neha Mehta,60,Male,O-,9448516646
13337,Sneha Reddy,58,Male,O+,9338221839
13338,Vikram Gupta,57,Female,O-,9936106695
13339,Neha Patel,20,Male,B+,9752495385
13340,Pooja Mehta,59,Female,B+,9965614367
13341,Aman Gupta,43,Male,O-,9889602207
13342,Anjali Reddy,19,Male,A-,9325093884
13343,Kavya Singh,25,Female,B+,9835859960
13344,Neha Patel,18,Female,O+,9553497134
13345,Rohan Gupta,52,Female,AB+,9754765936
13346,Neha Verma,46,Male,B-,9243711362
13347,Vikram Sharma,44,Male,AB+,9859566415
13348,Rahul Reddy,28,Female,AB+,9332883992
13349,Arjun Mehta,42,Male,B+,9639750510
13350,Kavya Gupta,33,Female,B+,9156068738
13351,Arjun Sharma,28,Female,A+,9975621184
13352,Rahul Mehta,20,Male,AB+,9473534886
13353,Priya Kapoor,46,Male,AB-,9113276237
13354,Anjali Patel,54,Male,AB-,9848834821
13355,Anjali Patel,22,Female,AB-,9189804357
13356,Divya Gupta,23,Male,B+,9837920458
13357,Aditya Sharma,21,Male,A-,9333745136
13358,Riya Verma,31,Male,B-,9266401441
13359,Karan Reddy,35,Female,AB-,9201858334
13360,Anjali Singh,47,Female,A+,9999569543
13361,Aditya Patel,45,Male,O-,9849633991
13362,Sahil Gupta,36,Male,A+,9587326918
13363,Priya Reddy,49,Male,B-,9793346057
13364,Divya Singh,33,Male,A-,9287833294
13365,Arjun Verma,23,Female,A+,9472770606
13366,Rohan Singh,30,Male,A-,9803077675
13367,Anjali Patel,26,Female,O-,9390571011
13368,Rohan Patel,43,Female,AB+,9514845076
13369,Arjun Mehta,19,Female,O-,9436447514
13370,Aman Gupta,32,Female,B+,9461033562
13371,Rohan Singh,58,Female,A+,9675227916
13372,Divya Verma,23,Female,AB+,9951936588
13373,Rohan Reddy,41,Male,AB+,9554287424
13374,Divya Kapoor,34,Male,AB-,9422441793
13375,Vikram Singh,50,Male,B-,9857970638
13376,Vikram Patel,18,Male,O-,9794991164
13377,Pooja Sharma,38,Female,O+,9842657265
13378,Aditya Kapoor,31,Female,B+,9138532622
13379,Sneha Reddy,43,Male,A-,9155628244
13380,Aditya Patel,30,Male,B+,9984055247
13381,Riya Patel,59,Female,B-,9491594875
13382,Aman Mehta,47,Male,O-,9269905886
13383,Aman Gupta,51,Female,B+,9782854128
13384,Neha Mehta,40,Male,AB-,9209281572
13385,Rahul Kapoor,34,Female,O+,9570522504
13386,Neha Sharma,50,Male,AB+,9683001432
13387,Rahul Verma,29,Female,B+,9629030619
13388,Rohan Patel,18,Male,A-,9910089593
13389,Sneha Verma,41,Female,O+,9352816676
13390,Sneha Verma,19,Female,AB-,9466170837
13391,Aditya Kapoor,56,Male,A-,9259339427
13392,Rohan Sharma,24,Female,O-,9535814951
13393,Sahil Patel,35,Female,O+,9193482059
13394,Arjun Verma,19,Male,AB+,9443657205
13395,Anjali Reddy,59,Male,O-,9812472852
13396,Karan Sharma,35,Male,A-,9924055334
13397,Aman Kapoor,50,Female,AB-,9107605769
13398,Karan Verma,58,Male,O+,9867219740
13399,Sneha Reddy,32,Female,AB-,9813650154
13400,Kavya Verma,48,Female,O-,9268082548
13401,Sneha Patel,42,Female,A+,9951570519
13402,Aman Patel,29,Female,AB-,9310320956
13403,Rohan Mehta,35,Female,O-,9249493511
13404,Rahul Kapoor,49,Male,AB-,9717912879
13405,Divya Patel,24,Female,B-,9632789375
13406,Arjun Sharma,24,Female,A-,9909395669
13407,Priya Singh,49,Male,B-,9526429694
13408,Rohan Patel,40,Female,O+,9172605339
13409,Priya Mehta,26,Female,B+,9303521496
13410,Kavya Mehta,37,Male,AB-,9428434607
13411,Kavya Reddy,53,Male,A-,9442740237
13412,Anjali Patel,60,Male,O-,9418653078
13413,Sahil Kapoor,39,Male,O-,9872113561
13414,Rohan Reddy,56,Male,O+,9529170395
13415,Arjun Verma,36,Female,AB+,9478647747
13416,Rahul Kapoor,29,Male,A-,9260095213
13417,Rohan Verma,34,Male,O-,9383935677
13418,Vikram Mehta,50,Male,AB-,9943253624
13419,Sahil Mehta,37,Female,B+,9963479730
13420,Kavya Kapoor,47,Male,A+,9377165901
13421,Sneha Patel,50,Male,AB+,9280197974
13422,Rohan Verma,51,Female,A+,9411016416
13423,Priya Sharma,42,Male,O+,9628513351
13424,Rahul Reddy,43,Male,AB+,9133155006
13425,Vikram Kapoor,31,Male,A+,9823441741
13426,Anjali Reddy,31,Male,AB-,9264484620
13427,Anjali Mehta,49,Male,B+,9865777273
13428,Sahil Reddy,28,Male,B+,9478539977
13429,Kavya Verma,41,Female,O-,9349303502
13430,Sneha Reddy,39,Male,O+,9343582401
13431,Aditya Patel,59,Male,B-,9521586985
13432,Sneha Gupta,33,Female,B+,9271637024
13433,Karan Kapoor,44,Male,AB-,9573861984
13434,Sneha Reddy,53,Male,A+,9154993791
13435,Karan Sharma,58,Female,O+,9431354727
13436,Rohan Verma,38,Female,O-,9428834020
13437,Vikram Reddy,38,Male,B-,9910772794
13438,Sneha Kapoor,60,Male,B+,9193078972
13439,Arjun Reddy,33,Male,A+,9673789332
13440,Karan Patel,24,Female,B+,9252513449
13441,Kavya Gupta,48,Male,A-,9168883532
13442,Rahul Singh,21,Female,A-,9536393252
13443,Sneha Verma,30,Male,O+,9285297564
13444,Divya Reddy,59,Male,A-,9500055115
13445,Riya Reddy,24,Female,AB-,9271280330
13446,Riya Kapoor,18,Male,O+,9551888054
13447,Priya Kapoor,26,Female,B-,9704501609
13448,Riya Patel,42,Male,A+,9719909508
13449,Aman Kapoor,47,Female,A-,9998890211
13450,Anjali Kapoor,55,Male,O-,9470278710
13451,Sahil Reddy,31,Female,A+,9833345720
13452,Anjali Singh,18,Female,O-,9806541910
13453,Neha Sharma,24,Male,AB+,9718168712
13454,Rahul Reddy,35,Male,AB+,9206273748
13455,Karan Kapoor,40,Female,O-,9257945288
13456,Rahul Reddy,22,Male,A-,9390556400
13457,Kavya Kapoor,35,Male,O-,9285765746
13458,Anjali Sharma,51,Female,A+,9760287973
13459,Rahul Verma,41,Male,O-,9404360926
13460,Riya Singh,26,Male,O+,9675948891
13461,Riya Reddy,33,Female,AB+,9356255231
13462,Rohan Verma,41,Male,B-,9484191567
13463,Anjali Sharma,26,Male,A-,9523223165
13464,Sahil Mehta,24,Female,A-,9597231702
13465,Rohan Reddy,46,Male,B-,9820290025
13466,Pooja Kapoor,45,Female,O+,9403296246
13467,Aditya Gupta,58,Female,AB-,9957676070
13468,Rahul Kapoor,33,Female,A+,9385912417
13469,Sahil Sharma,24,Female,B+,9581228417
13470,Sahil Mehta,20,Female,A+,9364577770
13471,Priya Reddy,41,Female,O+,9753153902
13472,Karan Patel,32,Male,B+,9731506411
13473,Sneha Gupta,58,Female,O-,9504407298
13474,Neha Gupta,31,Male,O-,9174496082
13475,Anjali Kapoor,44,Male,A+,9568428207
13476,Sneha Kapoor,46,Female,A+,9525718949
13477,Sneha Reddy,52,Male,A-,9689399139
13478,Aditya Verma,44,Female,B-,9386665580
13479,Aman Sharma,39,Female,O+,9623384215
13480,Anjali Gupta,26,Female,AB+,9241429534
13481,Priya Reddy,50,Female,B+,9780370315
13482,Aditya Verma,47,Male,B-,9571526901
13483,Arjun Patel,37,Female,O-,9901306528
13484,Sneha Gupta,32,Female,AB+,9671577726
13485,Neha Patel,23,Female,AB-,9742007724
13486,Rahul Reddy,18,Male,B+,9495866300
13487,Sneha Singh,53,Male,O+,9148619022
13488,Anjali Mehta,33,Male,AB+,9412895850
13489,Aman Verma,18,Male,B+,9135806326
13490,Aman Kapoor,54,Male,A-,9541552803
13491,Rahul Singh,27,Male,O-,9101876960
13492,Kavya Singh,44,Male,B-,9259467942
13493,Karan Kapoor,60,Male,A+,9264153968
13494,Karan Singh,52,Female,B+,9228772545
13495,Vikram Gupta,18,Male,O+,9248124050
13496,Vikram Gupta,24,Female,AB+,9897122119
13497,Sahil Sharma,19,Female,AB+,9959102822
13498,Anjali Gupta,47,Female,A+,9783036437
13499,Anjali Sharma,29,Female,O+,9729079801
13500,Rahul Gupta,38,Male,B+,9117615750
13501,Anjali Patel,57,Male,O-,9691699817
13502,Anjali Reddy,28,Female,B-,9719220609
13503,Karan Reddy,36,Female,B-,9576580229
13504,Rohan Sharma,22,Male,O+,9682426871
13505,Rohan Sharma,52,Female,O+,9414069797
13506,Karan Singh,59,Male,O+,9947840593
13507,Arjun Kapoor,25,Male,AB+,9656699102
13508,Neha Singh,46,Male,O+,9776889731
13509,Arjun Gupta,39,Female,B-,9382971506
13510,Arjun Gupta,25,Male,B+,9350533936
13511,Riya Patel,22,Female,B+,9997512938
13512,Divya Singh,32,Male,A-,9741361136
13513,Aditya Kapoor,30,Female,AB+,9457719394
13514,Vikram Sharma,34,Female,B+,9400903133
13515,Vikram Sharma,40,Male,O+,9832958469
13516,Kavya Kapoor,51,Male,O-,9924625663
13517,Sahil Verma,33,Male,O-,9853249084
13518,Sahil Kapoor,60,Female,AB+,9870390610
13519,Priya Sharma,28,Male,A+,9858675536
13520,Anjali Patel,47,Female,AB-,9210138544
13521,Anjali Reddy,18,Female,O-,9130807311
13522,Anjali Reddy,30,Male,B-,9657741438
13523,Anjali Sharma,21,Male,A+,9333968210
13524,Rahul Verma,25,Male,A+,9154276704
13525,Anjali Singh,25,Male,B-,9683961258
13526,Kavya Verma,39,Male,AB+,9212851982
13527,Aditya Singh,45,Female,AB+,9159309116
13528,Aman Patel,29,Female,B+,9738462886
13529,Divya Mehta,41,Male,O-,9153030311
13530,Kavya Verma,38,Female,B+,9287876896
13531,Priya Mehta,53,Male,B+,9860946113
13532,Neha Reddy,22,Female,O-,9453653251
13533,Pooja Gupta,57,Female,B-,9294958774
13534,Rohan Singh,36,Female,O+,9162364455
13535,Pooja Reddy,29,Female,AB+,9265131847
13536,Anjali Sharma,57,Male,A+,9214374478
13537,Pooja Kapoor,24,Male,A-,9565885005
13538,Priya Reddy,19,Female,O-,9797261127
13539,Priya Gupta,33,Male,B+,9393176906
13540,Sneha Kapoor,40,Male,A+,9498345104
13541,Rohan Singh,31,Male,AB-,9636722661
13542,Pooja Verma,40,Male,A-,9905460141
13543,Neha Gupta,29,Male,AB-,9190025929
13544,Rohan Reddy,33,Male,AB-,9340120823
13545,Aditya Verma,40,Female,O-,9260525721
13546,Kavya Patel,53,Female,A-,9660299417
13547,Sneha Patel,26,Male,O+,9223583969
13548,Karan Patel,27,Female,B-,9779539460
13549,Pooja Verma,54,Male,O-,9820039348
13550,Karan Mehta,54,Male,B+,9736481953
13551,Divya Gupta,35,Male,AB-,9882069342
13552,Arjun Gupta,58,Female,B-,9836612789
13553,Vikram Verma,53,Male,O-,9122222436
13554,Rahul Patel,26,Female,O+,9201741942
13555,Priya Gupta,37,Female,O+,9140803401
13556,Kavya Reddy,56,Female,B+,9659009362
13557,Riya Reddy,36,Male,B-,9312605415
13558,Arjun Singh,38,Male,AB+,9712591001
13559,Sahil Singh,40,Male,AB-,9877276777
13560,Arjun Sharma,33,Male,AB-,9337120107
13561,Arjun Kapoor,22,Male,A-,9327737099
13562,Divya Singh,22,Female,AB-,9810689619
13563,Kavya Mehta,22,Female,AB+,9352058682
13564,Aman Singh,58,Female,B+,9184348862
13565,Aditya Kapoor,24,Female,AB-,9585185842
13566,Anjali Patel,59,Female,AB+,9300028541
13567,Arjun Patel,43,Male,A-,9712106651
13568,Rohan Patel,24,Male,O+,9100527418
13569,Sneha Sharma,49,Female,AB-,9271314422
13570,Divya Gupta,58,Female,A-,9792548767
13571,Arjun Sharma,51,Female,AB-,9219228841
13572,Aman Sharma,58,Male,B-,9116016764
13573,Sahil Verma,40,Female,O-,9200432160
13574,Priya Mehta,47,Female,A+,9366081585
13575,Aditya Verma,31,Male,A-,9918027398
13576,Pooja Singh,47,Male,A+,9165537657
13577,Karan Patel,42,Female,A+,9566105156
13578,Karan Singh,53,Female,A-,9917269244
13579,Divya Gupta,60,Female,O+,9893995520
13580,Priya Patel,54,Female,AB-,9797552829
13581,Sneha Mehta,29,Female,B+,9609014178
13582,Arjun Sharma,56,Male,A-,9504152622
13583,Sneha Mehta,30,Female,AB+,9399373505
13584,Neha Verma,42,Male,B-,9116051379
13585,Rahul Kapoor,18,Male,AB+,9824025572
13586,Divya Singh,20,Male,B-,9435595721
13587,Rahul Patel,50,Male,A-,9193870742
13588,Pooja Patel,30,Female,O-,9537866921
13589,Rohan Gupta,35,Male,B+,9220642983
13590,Aman Reddy,21,Female,B+,9254785383
13591,Sneha Reddy,52,Female,B+,9921953842
13592,Riya Sharma,30,Male,A+,9107585496
13593,Karan Sharma,28,Male,AB-,9432302907
13594,Vikram Mehta,56,Female,B+,9644264877
13595,Neha Verma,25,Male,A-,9135580727
13596,Arjun Reddy,18,Male,B+,9834672672
13597,Rohan Gupta,27,Male,O+,9107762938
13598,Vikram Mehta,44,Female,B-,9292445780
13599,Anjali Verma,46,Male,B+,9367969742
13600,Anjali Sharma,56,Female,AB-,9428811480
13601,Rahul Kapoor,35,Male,O+,9868958126
13602,Riya Verma,35,Male,B-,9129690977
13603,Sahil Patel,41,Female,B-,9121215008
13604,Rahul Sharma,33,Female,AB-,9788415407
13605,Arjun Patel,46,Female,A-,9351541739
13606,Rohan Singh,53,Male,B-,9307227443
13607,Rohan Gupta,33,Male,AB+,9609706560
13608,Aman Gupta,29,Female,B+,9880161727
13609,Rahul Mehta,23,Male,AB-,9406140976
13610,Sneha Gupta,54,Male,O+,9226006676
13611,Aman Verma,27,Female,B+,9442011490
13612,Riya Verma,56,Female,B+,9359225277
13613,Vikram Patel,52,Female,B+,9494555341
13614,Aman Kapoor,47,Female,B+,9608907326
13615,Sahil Sharma,40,Female,AB-,9744947239
13616,Rahul Gupta,60,Male,A-,9116084788
13617,Karan Gupta,37,Female,AB+,9331212593
13618,Priya Reddy,36,Male,A+,9750324970
13619,Kavya Patel,50,Male,B+,9603232106
13620,Rahul Verma,59,Male,B+,9535408402
13621,Divya Verma,56,Male,O+,9282410776
13622,Pooja Gupta,27,Male,AB-,9286166636
13623,Rahul Kapoor,20,Female,AB-,9622197989
13624,Sneha Singh,53,Female,AB-,9871537866
13625,Karan Kapoor,60,Female,A+,9798360863
13626,Rahul Verma,30,Female,A+,9979582920
13627,Pooja Gupta,49,Female,B+,9228945617
13628,Rohan Singh,39,Female,B+,9587108428
13629,Sneha Sharma,36,Female,O-,9943339130
13630,Sahil Singh,28,Female,B+,9482561432
13631,Pooja Reddy,58,Male,O-,9836044784
13632,Vikram Verma,48,Female,AB-,9770452968
13633,Priya Mehta,32,Male,AB+,9387760410
13634,Neha Verma,59,Female,AB+,9160375714
13635,Sahil Kapoor,59,Female,A+,9614981790
13636,Rahul Sharma,57,Female,AB+,9166268969
13637,Aditya Kapoor,33,Female,B-,9450637148
13638,Sneha Sharma,55,Male,B-,9813585296
13639,Karan Verma,51,Female,B-,9817017544
13640,Arjun Verma,34,Female,B-,9521546713
13641,Sahil Patel,32,Male,A+,9145263845
13642,Sneha Sharma,48,Male,B+,9924340305
13643,Sneha Mehta,25,Female,A-,9758964253
13644,Kavya Kapoor,35,Female,A+,9585190830
13645,Aman Reddy,49,Female,AB+,9492955129
13646,Rahul Reddy,58,Female,O+,9640332872
13647,Riya Sharma,36,Female,O-,9849181029
13648,Priya Sharma,23,Male,AB-,9718870578
13649,Aditya Reddy,22,Male,B-,9768609435
13650,Anjali Verma,25,Female,A+,9896233337
13651,Arjun Gupta,42,Female,O+,9214457205
13652,Rohan Reddy,55,Female,B-,9647527259
13653,Vikram Patel,56,Female,A-,9342680377
13654,Neha Mehta,26,Female,AB+,9777955995
13655,Priya Sharma,40,Female,AB-,9349188518
13656,Rahul Gupta,26,Male,AB+,9873572262
13657,Neha Verma,44,Female,AB-,9222851109
13658,Rohan Sharma,30,Female,AB+,9148330185
13659,Vikram Verma,45,Female,B-,9327865621
13660,Anjali Patel,28,Male,A+,9124876517
13661,Neha Mehta,50,Female,O-,9239081990
13662,Sneha Mehta,41,Male,AB-,9813707136
13663,Anjali Verma,55,Male,O+,9850234423
13664,Vikram Kapoor,19,Male,O-,9251775025
13665,Sahil Sharma,48,Female,A-,9234664471
13666,Rohan Singh,21,Female,AB+,9181529713
13667,Arjun Patel,52,Male,A+,9956874346
13668,Kavya Singh,48,Female,AB+,9951866147
13669,Priya Verma,51,Male,O+,9555389368
13670,Anjali Kapoor,59,Female,O-,9370468312
13671,Priya Patel,41,Female,A+,9133433979
13672,Anjali Singh,55,Female,O-,9126715640
13673,Neha Gupta,55,Male,AB-,9902182159
13674,Divya Kapoor,35,Male,O-,9517503194
13675,Priya Reddy,56,Female,O+,9610630676
13676,Neha Patel,53,Male,AB-,9300941483
13677,Priya Gupta,42,Male,AB+,9628275536
13678,Aditya Reddy,34,Male,AB-,9421685672
13679,Riya Kapoor,58,Male,AB+,9830272302
13680,Pooja Verma,57,Male,A-,9290002354
13681,Rahul Singh,55,Male,AB+,9315801468
13682,Rohan Singh,21,Female,AB+,9637945252
13683,Priya Verma,39,Female,O-,9278162325
13684,Priya Mehta,42,Female,B+,9283525690
13685,Aditya Verma,56,Male,O+,9776188505
13686,Rahul Reddy,41,Male,A+,9712749112
13687,Sahil Reddy,18,Male,B-,9659086177
13688,Rahul Patel,54,Female,B-,9931596393
13689,Karan Singh,50,Female,A-,9835690352
13690,Aditya Singh,30,Female,B+,9699726111
13691,Sneha Mehta,24,Male,O+,9739970382
13692,Anjali Reddy,24,Male,A+,9292720228
13693,Karan Reddy,46,Male,AB+,9337361084
13694,Aman Kapoor,36,Female,AB-,9167854167
13695,Riya Kapoor,51,Male,B+,9641156415
13696,Aditya Verma,20,Female,O-,9445371365
13697,Rohan Verma,25,Male,A+,9760826067
13698,Aman Patel,45,Male,A-,9868566060
13699,Sneha Singh,50,Male,AB+,9619046890
13700,Sneha Gupta,33,Female,A+,9215237074
13701,Aman Mehta,58,Female,A+,9836503819
13702,Karan Kapoor,39,Female,A+,9165128024
13703,Aditya Sharma,39,Female,B-,9118010736
13704,Riya Singh,49,Female,A-,9693489711
13705,Riya Patel,52,Male,A+,9219427013
13706,Aditya Reddy,45,Male,O+,9157263929
13707,Rohan Singh,48,Female,AB-,9363985911
13708,Kavya Mehta,59,Female,O+,9690531833
13709,Anjali Patel,21,Female,B+,9701995199
13710,Rahul Gupta,25,Female,AB-,9696879906
13711,Karan Sharma,33,Male,AB-,9154863034
13712,Rahul Kapoor,46,Female,O+,9141943517
13713,Priya Singh,51,Female,AB-,9164844492
13714,Karan Gupta,46,Male,A+,9550683436
13715,Kavya Kapoor,22,Female,B-,9563039269
13716,Aditya Singh,33,Male,A+,9822772935
13717,Sneha Sharma,57,Female,AB-,9996911503
13718,Aditya Mehta,60,Male,B-,9132822040
13719,Sneha Singh,18,Female,B-,9124179190
13720,Aman Patel,30,Female,A-,9188904970
13721,Rahul Mehta,19,Male,O-,9921464317
13722,Anjali Mehta,59,Female,O-,9937005976
13723,Anjali Patel,23,Female,AB+,9936764554
13724,Neha Patel,25,Male,O-,9304153822
13725,Divya Mehta,52,Male,AB+,9309187273
13726,Pooja Singh,27,Male,AB-,9580932614
13727,Sahil Singh,60,Male,O+,9283434079
13728,Neha Verma,44,Male,B-,9897465928
13729,Arjun Sharma,27,Female,AB-,9440947645
13730,Anjali Mehta,43,Female,A+,9664107530
13731,Priya Patel,31,Female,O-,9942382409
13732,Vikram Singh,20,Female,AB+,9200378987
13733,Neha Reddy,29,Male,A-,9289874686
13734,Aditya Verma,43,Female,B-,9218737567
13735,Sahil Mehta,59,Male,A+,9941407219
13736,Riya Gupta,22,Male,O+,9136669762
13737,Anjali Sharma,22,Male,B+,9214150160
13738,Vikram Mehta,52,Female,O-,9923897681
13739,Vikram Kapoor,51,Female,AB+,9652931408
13740,Pooja Kapoor,59,Female,A+,9854633033
13741,Vikram Singh,39,Male,A-,9332815947
13742,Divya Reddy,60,Male,B-,9604590425
13743,Rohan Singh,24,Female,A-,9440080539
13744,Kavya Sharma,54,Female,B+,9231501201
13745,Priya Gupta,43,Male,AB-,9766973051
13746,Anjali Patel,25,Male,A+,9822741445
13747,Pooja Gupta,49,Female,A-,9854727157
13748,Pooja Gupta,30,Female,A+,9472903807
13749,Priya Verma,32,Female,A-,9992610975
13750,Pooja Mehta,47,Female,AB+,9854883688
13751,Divya Singh,32,Female,AB-,9908707060
13752,Aditya Singh,55,Female,AB-,9103292604
13753,Divya Mehta,27,Female,A-,9206494019
13754,Rahul Reddy,59,Male,AB-,9427992727
13755,Rahul Singh,29,Male,AB+,9539415498
13756,Sahil Singh,56,Female,B+,9493645462
13757,Pooja Kapoor,40,Female,AB-,9868935286
13758,Arjun Reddy,29,Female,B-,9422913980
13759,Divya Mehta,60,Male,A+,9265963460
13760,Neha Sharma,56,Female,B+,9738944262
13761,Sahil Reddy,52,Male,O+,9506616632
13762,Aman Singh,50,Female,A+,9388787449
13763,Priya Patel,26,Male,AB+,9335133672
13764,Pooja Verma,18,Male,B-,9871085701
13765,Rahul Verma,60,Male,A+,9896799693
13766,Sneha Verma,33,Male,O+,9359785762
13767,Neha Patel,50,Female,O+,9557492516
13768,Riya Patel,48,Male,AB+,9889359797
13769,Sneha Mehta,33,Male,B+,9280745797
13770,Aman Sharma,34,Male,O+,9134828591
13771,Arjun Patel,54,Male,AB+,9914834730
13772,Neha Patel,37,Female,AB+,9877799150
13773,Sahil Gupta,37,Male,A-,9868372765
13774,Aman Sharma,44,Female,A+,9760777809
13775,Priya Mehta,31,Male,B-,9283695770
13776,Riya Verma,39,Male,O-,9210116393
13777,Priya Gupta,19,Female,AB+,9559575341
13778,Rohan Patel,32,Male,B+,9655500200
13779,Pooja Sharma,22,Female,AB+,9892458594
13780,Kavya Sharma,59,Female,O-,9789377712
13781,Neha Mehta,50,Male,AB-,9389058500
13782,Sneha Patel,33,Male,B+,9576239401
13783,Divya Sharma,18,Female,B+,9210172378
13784,Arjun Kapoor,57,Male,A+,9449868338
13785,Rahul Patel,48,Female,A-,9931555927
13786,Aditya Sharma,30,Male,A+,9358487750
13787,Neha Reddy,40,Male,B-,9854527160
13788,Rahul Verma,26,Male,O-,9124730158
13789,Pooja Gupta,55,Female,O-,9175148717
13790,Aman Kapoor,34,Male,A+,9298101251
13791,Rahul Patel,25,Female,A-,9989689300
13792,Arjun Kapoor,44,Male,A+,9544872136
13793,Kavya Sharma,47,Female,O+,9616471012
13794,Rahul Singh,38,Male,B+,9609863178
13795,Sneha Reddy,48,Male,B+,9527229461
13796,Arjun Reddy,52,Male,A+,9943784471
13797,Divya Singh,50,Female,A-,9539520025
13798,Riya Kapoor,22,Female,AB-,9236068242
13799,Arjun Patel,47,Female,O-,9679593464
13800,Aditya Sharma,38,Female,A-,9187011419
13801,Riya Patel,56,Male,A-,9484174555
13802,Karan Gupta,19,Female,B+,9923970321
13803,Pooja Singh,45,Female,O+,9712213289
13804,Aditya Patel,51,Female,A+,9154608397
13805,Aditya Singh,50,Male,O+,9982357991
13806,Rahul Gupta,25,Male,O-,9733755668
13807,Riya Gupta,60,Male,AB+,9707318469
13808,Kavya Sharma,31,Male,AB+,9201950886
13809,Rahul Kapoor,22,Male,A-,9496873953
13810,Divya Reddy,58,Female,A+,9174694725
13811,Neha Sharma,60,Female,AB+,9757600163
13812,Rahul Singh,34,Female,O+,9114688903
13813,Pooja Kapoor,27,Male,A-,9311301894
13814,Priya Singh,26,Male,B-,9797422684
13815,Divya Gupta,21,Male,AB-,9584191192
13816,Aman Kapoor,30,Female,AB+,9622092330
13817,Anjali Reddy,53,Male,B+,9955149013
13818,Sneha Patel,59,Female,O-,9349290782
13819,Divya Verma,38,Female,O+,9151658843
13820,Sahil Patel,21,Female,O+,9540330065
13821,Rohan Reddy,23,Male,AB+,9324707709
13822,Pooja Patel,59,Male,AB+,9665768974
13823,Arjun Gupta,55,Female,AB-,9215109824
13824,Arjun Reddy,56,Male,A+,9436826863
13825,Neha Singh,45,Female,B-,9534947878
13826,Priya Patel,32,Male,A-,9571402480
13827,Vikram Verma,20,Female,B+,9636250213
13828,Neha Kapoor,29,Female,O+,9984919755
13829,Neha Gupta,38,Male,A-,9558238066
13830,Aman Sharma,42,Female,A-,9436746519
13831,Sneha Kapoor,50,Male,B+,9277000737
13832,Riya Singh,57,Male,O+,9919563462
13833,Arjun Kapoor,35,Female,A+,9455936514
13834,Vikram Sharma,37,Male,AB-,9256210696
13835,Sahil Reddy,56,Male,B-,9961125382
13836,Divya Verma,40,Female,AB+,9140588187
13837,Pooja Reddy,22,Male,A-,9781710736
13838,Aditya Sharma,49,Female,O+,9206216162
13839,Divya Gupta,40,Male,O+,9213123940
13840,Aditya Sharma,19,Male,B-,9543838285
13841,Arjun Verma,27,Male,A+,9168091910
13842,Riya Kapoor,41,Female,O+,9747515668
13843,Sneha Kapoor,43,Female,O-,9295895585
13844,Arjun Mehta,42,Female,B+,9971048920
13845,Sneha Singh,26,Female,B-,9922525443
13846,Arjun Gupta,24,Female,B-,9139661481
13847,Sneha Gupta,29,Female,O-,9349640484
13848,Sahil Kapoor,27,Female,A-,9480471148
13849,Neha Verma,20,Female,B-,9124701915
13850,Rahul Gupta,38,Male,A-,9135944492
13851,Priya Singh,38,Male,AB+,9581768081
13852,Divya Gupta,48,Female,A-,9600086012
13853,Sneha Kapoor,40,Female,A-,9789671825
13854,Rohan Patel,55,Male,O-,9260957098
13855,Pooja Reddy,23,Male,O-,9219836268
13856,Vikram Reddy,28,Female,A-,9749499896
13857,Kavya Kapoor,33,Male,B-,9159449110
13858,Riya Mehta,40,Female,O+,9174579713
13859,Neha Mehta,39,Male,B+,9104886312
13860,Vikram Singh,46,Female,A-,9807354198
13861,Kavya Reddy,60,Male,A+,9193801223
13862,Anjali Sharma,53,Female,AB-,9841904288
13863,Aman Reddy,29,Female,B-,9338016097
13864,Sneha Verma,54,Female,B-,9489214182
13865,Pooja Sharma,41,Male,AB-,9789827970
13866,Sahil Gupta,19,Female,A+,9778951009
13867,Arjun Patel,37,Male,B+,9751919498
13868,Rahul Sharma,50,Female,A+,9962502087
13869,Aman Mehta,49,Male,O-,9450115581
13870,Rahul Patel,33,Female,B+,9263733165
13871,Anjali Singh,39,Male,AB-,9362327732
13872,Sahil Mehta,30,Male,B+,9310219563
13873,Arjun Gupta,51,Female,B+,9165497954
13874,Rohan Verma,51,Female,AB+,9396508207
13875,Riya Singh,20,Female,B+,9430416011
13876,Arjun Reddy,58,Female,B+,9580967158
13877,Karan Verma,33,Male,A-,9215602166
13878,Priya Singh,60,Male,A+,9591574634
13879,Rohan Kapoor,51,Female,O-,9995692864
13880,Anjali Sharma,32,Male,A-,9807425192
13881,Riya Mehta,25,Female,AB-,9558462082
13882,Aditya Kapoor,30,Female,O+,9178335216
13883,Priya Reddy,26,Female,O-,9807767882
13884,Kavya Patel,58,Female,O-,9352373936
13885,Vikram Gupta,44,Male,AB-,9812245929
13886,Kavya Sharma,40,Male,B+,9843623056
13887,Aman Verma,56,Male,AB-,9111276530
13888,Divya Kapoor,43,Male,AB-,9927143163
13889,Aman Reddy,21,Male,AB+,9798117758
13890,Divya Mehta,59,Male,O+,9587506554
13891,Rohan Patel,54,Male,AB+,9426135977
13892,Karan Singh,26,Male,B-,9578247371
13893,Anjali Verma,30,Male,B+,9822242129
13894,Kavya Kapoor,29,Male,A+,9423253108
13895,Pooja Gupta,18,Male,A+,9393560573
13896,Divya Kapoor,37,Female,AB+,9522216378
13897,Anjali Singh,49,Male,A-,9629896238
13898,Vikram Reddy,29,Female,B-,9311953462
13899,Rohan Reddy,46,Male,A+,9385197065
13900,Rohan Gupta,33,Female,O+,9964209821
13901,Vikram Singh,39,Female,AB+,9956674169
13902,Pooja Singh,49,Female,O+,9491383038
13903,Divya Reddy,45,Female,A-,9355391930
13904,Rahul Sharma,50,Female,A-,9157004229
13905,Riya Singh,32,Female,A-,9523339590
13906,Karan Verma,50,Male,AB+,9899358650
13907,Rohan Patel,36,Female,O+,9852211494
13908,Sahil Mehta,43,Female,A+,9297612017
13909,Rahul Reddy,45,Male,AB+,9957918704
13910,Arjun Verma,33,Male,O+,9220114396
13911,Vikram Reddy,32,Female,AB-,9985495282
13912,Kavya Gupta,57,Female,A-,9924946879
13913,Pooja Gupta,28,Female,AB-,9825642539
13914,Rohan Mehta,32,Female,A+,9495296422
13915,Kavya Mehta,35,Female,A-,9454938695
13916,Aditya Gupta,35,Male,AB-,9815204435
13917,Rahul Singh,27,Male,AB-,9172202353
13918,Divya Reddy,42,Male,A-,9508050121
13919,Arjun Mehta,18,Male,AB+,9739440102
13920,Priya Reddy,45,Male,AB-,9599453621
13921,Rohan Sharma,21,Female,O+,9928575132
13922,Priya Sharma,27,Female,O-,9882153769
13923,Vikram Singh,34,Male,B-,9433074405
13924,Vikram Reddy,35,Female,AB+,9590986735
13925,Arjun Singh,28,Male,AB-,9462377604
13926,Aman Mehta,43,Male,AB+,9759488072
13927,Neha Reddy,26,Female,B+,9137062929
13928,Rohan Kapoor,20,Male,O+,9161649959
13929,Pooja Singh,44,Male,O-,9497498509
13930,Kavya Singh,54,Female,O+,9774173741
13931,Divya Mehta,47,Female,A+,9498350386
13932,Rahul Mehta,48,Female,O-,9486997039
13933,Karan Singh,54,Male,A-,9767494464
13934,Rohan Sharma,40,Female,AB+,9544145529
13935,Divya Singh,55,Male,B-,9487465999
13936,Priya Mehta,52,Male,A+,9576594826
13937,Sahil Singh,18,Female,AB+,9245777578
13938,Sahil Sharma,27,Female,AB+,9235241953
13939,Sneha Verma,48,Male,AB+,9759761102
13940,Sahil Singh,46,Female,B-,9865795831
13941,Riya Gupta,52,Female,A+,9575399705
13942,Rahul Verma,33,Female,B+,9956804225
13943,Anjali Kapoor,38,Female,A+,9396911394
13944,Pooja Sharma,41,Female,A-,9156401106
13945,Riya Singh,20,Male,B+,9103181763
13946,Sneha Verma,21,Female,A-,9254749391
13947,Divya Patel,20,Female,O+,9100268270
13948,Vikram Singh,38,Male,B+,9836294515
13949,Rahul Verma,24,Female,AB-,9275627349
13950,Sahil Verma,49,Male,B+,9625719579
13951,Priya Singh,42,Male,B+,9501288620
13952,Vikram Reddy,55,Female,O+,9104852638
13953,Rohan Sharma,29,Female,A-,9672214457
13954,Karan Sharma,25,Male,A+,9653616212
13955,Rohan Mehta,27,Female,AB+,9141763051
13956,Rahul Kapoor,41,Male,B-,9397722193
13957,Arjun Reddy,42,Female,AB+,9575247626
13958,Aditya Singh,42,Male,A-,9535139740
13959,Aman Patel,60,Female,O+,9510127928
13960,Sahil Kapoor,29,Female,O+,9339668084
13961,Aman Singh,56,Female,O-,9510324249
13962,Vikram Gupta,41,Female,AB-,9192613331
13963,Sahil Patel,29,Female,B-,9468684752
13964,Aditya Mehta,36,Female,AB-,9285750259
13965,Pooja Sharma,40,Female,A-,9543508379
13966,Karan Kapoor,25,Female,B+,9222702672
13967,Pooja Reddy,29,Male,A+,9304268932
13968,Anjali Reddy,21,Female,AB-,9420870441
13969,Rohan Sharma,28,Female,AB+,9200298759
13970,Anjali Gupta,32,Male,A+,9978086753
13971,Arjun Singh,19,Female,A+,9792994828
13972,Rohan Singh,42,Female,A-,9828556874
13973,Neha Patel,59,Female,O+,9308010307
13974,Pooja Mehta,26,Female,B+,9753645021
13975,Arjun Sharma,31,Male,B+,9127562961
13976,Sneha Kapoor,28,Female,O+,9650464868
13977,Arjun Mehta,54,Female,AB-,9777928426
13978,Anjali Verma,23,Female,O-,9873416621
13979,Rahul Sharma,28,Male,A+,9443792354
13980,Karan Sharma,33,Male,O+,9434819845
13981,Sneha Patel,49,Male,B+,9902504050
13982,Aman Gupta,54,Male,A+,9955221319
13983,Aditya Kapoor,35,Male,A-,9121115268
13984,Aditya Reddy,60,Male,AB-,9826409150
13985,Rahul Singh,25,Male,AB-,9726845905
13986,Karan Sharma,58,Female,A+,9648893839
13987,Rohan Kapoor,50,Male,A-,9361701547
13988,Divya Kapoor,55,Female,A-,9834786114
13989,Sneha Reddy,27,Female,AB+,9286802313
13990,Karan Kapoor,23,Female,AB-,9564276293
13991,Aman Kapoor,45,Male,A-,9222374386
13992,Divya Patel,59,Female,AB-,9426432707
13993,Aman Reddy,53,Male,AB-,9467277218
13994,Kavya Patel,33,Female,A-,9904461164
13995,Riya Singh,41,Male,A-,9558609869
13996,Rohan Sharma,59,Male,B-,9584065946
13997,Neha Kapoor,21,Female,AB-,9866009620
13998,Aditya Gupta,24,Male,O+,9122132072
13999,Neha Reddy,48,Male,AB-,9378165308
14000,Vikram Mehta,32,Male,O-,9782917852
14001,Rahul Singh,49,Female,O-,9285418167
14002,Sneha Reddy,60,Female,B+,9679758585
14003,Aditya Singh,42,Female,A+,9151027469
14004,Karan Verma,28,Male,AB-,9404249782
14005,Neha Patel,44,Male,AB-,9344040545
14006,Sahil Reddy,25,Male,B+,9936153834
14007,Karan Mehta,30,Male,B+,9175888927
14008,Arjun Mehta,54,Female,B+,9267652530
14009,Karan Kapoor,24,Female,A-,9137666966
14010,Divya Verma,52,Female,A+,9803231489
14011,Kavya Reddy,26,Male,A-,9153229044
14012,Sneha Reddy,18,Female,A+,9144702103
14013,Priya Kapoor,51,Male,A-,9899143611
14014,Neha Singh,20,Male,O+,9123518705
14015,Sahil Sharma,30,Male,O-,9396252924
14016,Sahil Verma,28,Female,A+,9583723710
14017,Vikram Sharma,48,Male,AB+,9999515578
14018,Pooja Patel,56,Female,A+,9785781721
14019,Sneha Sharma,28,Male,A-,9720186112
14020,Neha Reddy,55,Male,AB+,9387834807
14021,Sahil Sharma,18,Female,A-,9749126128
14022,Rohan Singh,31,Female,B+,9164541532
14023,Anjali Reddy,31,Male,AB+,9720120709
14024,Kavya Sharma,39,Female,A+,9214367783
14025,Pooja Gupta,32,Male,A-,9212093425
14026,Aman Patel,49,Male,AB-,9212896079
14027,Vikram Verma,21,Female,AB-,9363411743
14028,Arjun Kapoor,40,Female,B+,9899293888
14029,Neha Patel,41,Male,O-,9473477797
14030,Divya Gupta,56,Male,B+,9782351929
14031,Anjali Patel,37,Male,AB+,9709289075
14032,Aman Gupta,51,Female,O+,9222904166
14033,Pooja Patel,38,Female,AB+,9886436230
14034,Aditya Kapoor,57,Male,A+,9189941623
14035,Riya Verma,29,Female,B+,9420052364
14036,Anjali Patel,26,Male,A-,9986679986
14037,Arjun Sharma,46,Male,O+,9670768618
14038,Vikram Kapoor,27,Male,O-,9220035321
14039,Aman Gupta,42,Female,AB-,9324807680
14040,Priya Verma,38,Female,A+,9454497781
14041,Divya Reddy,20,Male,AB+,9363038494
14042,Rahul Singh,46,Female,O-,9802189737
14043,Sneha Singh,35,Female,A+,9401197412
14044,Vikram Kapoor,26,Female,B+,9127946310
14045,Priya Mehta,35,Male,A+,9645470925
14046,Pooja Singh,56,Female,O+,9608777643
14047,Sahil Gupta,26,Female,B-,9875606146
14048,Neha Kapoor,25,Male,B+,9483046489
14049,Riya Singh,23,Male,O-,9394876291
14050,Aman Gupta,18,Female,AB-,9208496023
14051,Riya Singh,56,Female,O-,9948991542
14052,Vikram Verma,43,Male,O+,9731753142
14053,Neha Gupta,54,Female,A-,9594748483
14054,Pooja Patel,34,Female,B+,9160475891
14055,Kavya Mehta,27,Male,O-,9463339541
14056,Kavya Sharma,35,Female,AB+,9671632648
14057,Karan Reddy,23,Female,B-,9913724175
14058,Priya Kapoor,49,Female,B-,9829561119
14059,Sneha Reddy,35,Male,O+,9592259358
14060,Rohan Kapoor,24,Male,A-,9890305135
14061,Anjali Reddy,27,Female,O+,9588099246
14062,Neha Gupta,60,Female,AB-,9304826775
14063,Sneha Reddy,53,Female,A-,9985850902
14064,Riya Gupta,47,Female,O+,9124974582
14065,Sneha Mehta,47,Female,AB+,9212294110
14066,Divya Reddy,57,Female,A-,9811305543
14067,Rohan Singh,53,Male,B-,9395264017
14068,Vikram Singh,21,Female,O+,9234333670
14069,Vikram Kapoor,38,Male,AB+,9879640738
14070,Anjali Singh,25,Male,B+,9863359065
14071,Riya Reddy,55,Female,B-,9276196946
14072,Arjun Patel,21,Male,AB+,9630697112
14073,Divya Mehta,57,Male,AB+,9379434163
14074,Neha Singh,50,Male,A-,9739782259
14075,Rohan Sharma,57,Female,AB-,9179129548
14076,Aditya Reddy,55,Male,A-,9625382823
14077,Aman Mehta,36,Female,AB-,9158061914
14078,Divya Kapoor,42,Male,B-,9562981913
14079,Rahul Reddy,44,Male,O+,9344755012
14080,Aditya Gupta,19,Female,AB-,9712046396
14081,Riya Gupta,44,Female,B+,9972041795
14082,Aman Mehta,48,Male,AB+,9677433664
14083,Arjun Patel,43,Female,AB+,9553318896
14084,Pooja Kapoor,56,Female,B-,9104376888
14085,Aditya Sharma,18,Female,O+,9539696030
14086,Riya Sharma,41,Male,B+,9851485723
14087,Riya Verma,26,Female,O-,9219562907
14088,Karan Sharma,39,Male,A+,9524015109
14089,Rohan Sharma,54,Male,A-,9879122149
14090,Aditya Sharma,43,Female,B-,9441248519
14091,Pooja Verma,59,Male,B+,9944733651
14092,Aman Verma,34,Male,A-,9437464749
14093,Arjun Verma,43,Female,B-,9661621871
14094,Karan Kapoor,56,Female,A+,9413739924
14095,Karan Mehta,44,Male,B+,9610303179
14096,Kavya Sharma,31,Female,A-,9956898748
14097,Neha Singh,50,Female,AB-,9247107515
14098,Arjun Reddy,45,Female,AB-,9808124573
14099,Anjali Patel,35,Male,O-,9739812428
14100,Kavya Reddy,39,Male,AB-,9426422517
14101,Vikram Verma,47,Male,A-,9546104139
14102,Rohan Mehta,54,Male,O+,9333934908
14103,Pooja Gupta,59,Female,A+,9449809135
14104,Karan Reddy,41,Female,A+,9395860929
14105,Arjun Verma,22,Female,A-,9111108781
14106,Aman Sharma,53,Female,B+,9503646262
14107,Rahul Mehta,57,Female,O-,9204305270
14108,Karan Reddy,30,Male,O+,9985842235
14109,Sahil Patel,55,Female,A-,9797407384
14110,Karan Reddy,18,Male,AB+,9631671926
14111,Neha Verma,29,Female,AB+,9768104900
14112,Kavya Sharma,49,Female,A-,9416330541
14113,Kavya Patel,49,Female,A+,9161580740
14114,Vikram Patel,49,Female,A-,9545823956
14115,Rahul Reddy,33,Male,AB-,9148621344
14116,Rohan Reddy,52,Male,AB-,9489244855
14117,Sahil Patel,24,Male,B+,9914211231
14118,Pooja Sharma,51,Male,O-,9885884538
14119,Vikram Reddy,58,Female,A+,9505804979
14120,Pooja Reddy,20,Female,A+,9373711838
14121,Pooja Verma,59,Female,A+,9617564957
14122,Karan Sharma,27,Female,AB-,9789416697
14123,Kavya Gupta,30,Male,A+,9484366326
14124,Priya Sharma,20,Female,B-,9518235845
14125,Arjun Patel,18,Female,AB-,9399468592
14126,Divya Gupta,29,Male,B-,9327612677
14127,Riya Sharma,44,Female,B-,9933675864
14128,Pooja Reddy,26,Female,B-,9269050957
14129,Sneha Mehta,26,Female,O+,9184798262
14130,Aditya Sharma,50,Female,AB+,9683477084
14131,Sneha Singh,45,Female,A+,9828680085
14132,Rohan Verma,29,Female,AB+,9619422980
14133,Vikram Gupta,45,Male,B-,9135991730
14134,Karan Gupta,39,Female,A+,9730273903
14135,Rohan Kapoor,20,Female,B-,9786983079
14136,Riya Patel,44,Female,O-,9821998989
14137,Priya Mehta,37,Female,A-,9952181799
14138,Sahil Verma,32,Male,O+,9740200122
14139,Divya Reddy,21,Female,A-,9339332601
14140,Rahul Sharma,27,Female,AB-,9271360432
14141,Kavya Singh,35,Female,A+,9547207418
14142,Arjun Kapoor,41,Male,O-,9186169677
14143,Aditya Verma,25,Male,B+,9183274740
14144,Neha Verma,46,Male,B-,9503130676
14145,Aman Kapoor,26,Male,A+,9149092579
14146,Sneha Mehta,56,Female,A+,9660408851
14147,Kavya Gupta,57,Female,A+,9333938976
14148,Karan Gupta,44,Female,A+,9494859123
14149,Aditya Reddy,30,Female,AB+,9220957688
14150,Pooja Sharma,29,Male,O+,9748606280
14151,Divya Patel,29,Male,AB+,9647339860
14152,Pooja Patel,23,Male,B+,9664997184
14153,Vikram Kapoor,54,Female,B-,9610312284
14154,Kavya Singh,24,Male,B-,9778587660
14155,Aman Mehta,23,Female,AB-,9802021230
14156,Neha Sharma,57,Female,B+,9835823600
14157,Rahul Gupta,50,Female,A-,9688282738
14158,Vikram Sharma,35,Male,B+,9918002421
14159,Vikram Mehta,20,Female,B-,9290849691
14160,Aman Gupta,59,Female,AB-,9809542104
14161,Riya Patel,31,Male,AB+,9539724517
14162,Kavya Sharma,35,Male,A-,9490201227
14163,Sneha Patel,44,Female,AB-,9313865340
14164,Vikram Verma,52,Male,A-,9829322392
14165,Vikram Gupta,43,Female,A+,9583282544
14166,Priya Reddy,21,Female,O-,9352089072
14167,Rahul Kapoor,57,Male,B+,9293490173
14168,Vikram Verma,58,Male,B+,9226175450
14169,Divya Singh,30,Female,AB+,9231112544
14170,Aditya Verma,54,Male,B+,9274940153
14171,Arjun Reddy,23,Female,O-,9744208930
14172,Aman Mehta,20,Female,AB+,9217366580
14173,Aditya Reddy,32,Male,A+,9333031523
14174,Sahil Sharma,48,Male,AB+,9720865541
14175,Aditya Sharma,31,Female,AB+,9934389089
14176,Rohan Mehta,48,Female,O-,9565847072
14177,Karan Verma,36,Male,B-,9824139176
14178,Sneha Singh,57,Male,B+,9290600755
14179,Neha Gupta,49,Male,A+,9153039260
14180,Divya Sharma,45,Female,A-,9487526445
14181,Sahil Patel,31,Female,AB-,9562107508
14182,Priya Verma,20,Female,B-,9382623436
14183,Anjali Sharma,35,Female,A+,9487126700
14184,Kavya Kapoor,26,Female,O+,9313137622
14185,Priya Mehta,44,Male,AB-,9904937912
14186,Aditya Singh,26,Male,O-,9126082653
14187,Sneha Gupta,37,Male,AB+,9461289145
14188,Karan Verma,45,Male,AB+,9743128621
14189,Sahil Sharma,57,Male,B-,9319223489
14190,Rahul Reddy,47,Male,O+,9888988435
14191,Vikram Singh,50,Female,AB-,9158652902
14192,Pooja Mehta,32,Male,B+,9986560241
14193,Pooja Mehta,50,Male,B+,9869492739
14194,Arjun Reddy,43,Female,B-,9747204275
14195,Kavya Singh,40,Male,A+,9675347740
14196,Riya Patel,37,Male,O-,9282338721
14197,Arjun Mehta,23,Female,AB-,9347327264
14198,Rohan Mehta,30,Female,AB-,9280635818
14199,Karan Mehta,28,Male,AB+,9540970412
14200,Sneha Verma,23,Male,AB-,9472480344
14201,Aditya Gupta,29,Male,B-,9946931417
14202,Rohan Verma,33,Male,AB+,9273357426
14203,Riya Singh,50,Male,O+,9440942688
14204,Sneha Mehta,44,Female,AB+,9483660595
14205,Riya Sharma,32,Female,O+,9510207594
14206,Sneha Reddy,30,Female,AB+,9169072694
14207,Kavya Patel,60,Female,O-,9104228852
14208,Kavya Reddy,56,Female,A-,9284691902
14209,Rahul Sharma,30,Male,AB-,9650004033
14210,Sahil Patel,30,Female,A+,9289734622
14211,Aman Patel,54,Female,A+,9704448122
14212,Aman Singh,45,Female,O-,9217785220
14213,Kavya Kapoor,53,Male,B-,9320232429
14214,Kavya Reddy,24,Male,A+,9940421033
14215,Anjali Reddy,22,Female,A-,9332379472
14216,Karan Singh,45,Male,A-,9683234051
14217,Kavya Kapoor,44,Male,O-,9502694016
14218,Anjali Reddy,37,Male,A+,9679543989
14219,Sahil Sharma,20,Male,A-,9768989987
14220,Sneha Singh,37,Male,O+,9791120177
14221,Pooja Gupta,59,Female,O+,9659025428
14222,Anjali Gupta,52,Male,B+,9311362398
14223,Aman Reddy,58,Female,AB+,9833108477
14224,Kavya Gupta,25,Female,B+,9971027334
14225,Rahul Kapoor,24,Female,O-,9501600304
14226,Pooja Sharma,42,Male,O-,9426821963
14227,Kavya Kapoor,50,Male,O+,9941808816
14228,Riya Gupta,49,Male,B-,9405559518
14229,Rohan Mehta,42,Female,O-,9265890251
14230,Divya Mehta,33,Female,AB-,9834418809
14231,Divya Mehta,43,Male,AB-,9730283308
14232,Anjali Kapoor,30,Male,AB-,9215380952
14233,Riya Verma,32,Male,O+,9682426914
14234,Neha Verma,58,Male,B+,9663558292
14235,Arjun Sharma,33,Female,A-,9306994952
14236,Arjun Sharma,49,Male,O+,9599224168
14237,Aman Mehta,23,Female,B+,9492135274
14238,Sahil Singh,25,Female,A+,9115942192
14239,Kavya Verma,30,Male,A-,9200869387
14240,Sneha Verma,52,Male,O-,9750477744
14241,Pooja Sharma,41,Male,O-,9351469316
14242,Rohan Mehta,56,Female,AB-,9861184448
14243,Anjali Sharma,53,Female,B+,9387930309
14244,Arjun Mehta,18,Male,A-,9563273333
14245,Neha Sharma,48,Male,B-,9471742000
14246,Arjun Reddy,58,Female,A-,9242077218
14247,Anjali Mehta,30,Female,O+,9789648861
14248,Pooja Singh,53,Male,AB+,9197340044
14249,Priya Gupta,26,Male,O-,9198643432
14250,Priya Verma,58,Female,O+,9338007321
14251,Neha Verma,51,Male,O-,9473693152
14252,Kavya Patel,59,Female,AB+,9766399141
14253,Karan Singh,27,Male,B-,9135388425
14254,Kavya Gupta,28,Male,B+,9689872097
14255,Neha Verma,20,Female,A+,9550246323
14256,Pooja Gupta,20,Female,B-,9595002284
14257,Vikram Verma,60,Male,O+,9562020640
14258,Sneha Mehta,56,Male,B+,9294506593
14259,Rohan Patel,33,Male,AB-,9971663004
14260,Sahil Reddy,24,Female,A-,9586920901
14261,Arjun Mehta,60,Female,A-,9360296252
14262,Karan Sharma,50,Male,AB-,9826045874
14263,Aman Verma,59,Male,A+,9141154326
14264,Aman Sharma,39,Male,A-,9956974449
14265,Rohan Gupta,32,Female,B+,9369533285
14266,Rohan Verma,39,Female,A-,9307511621
14267,Divya Gupta,42,Female,B-,9704046782
14268,Rahul Reddy,30,Female,AB-,9567592800
14269,Arjun Patel,25,Male,A-,9938989881
14270,Anjali Gupta,59,Male,AB+,9903551272
14271,Priya Verma,27,Female,B+,9428397602
14272,Sneha Reddy,40,Male,B+,9646321744
14273,Aditya Kapoor,33,Male,O-,9381269110
14274,Divya Gupta,57,Female,O+,9293890845
14275,Aditya Mehta,46,Female,O-,9815177421
14276,Aditya Kapoor,28,Male,O+,9586225209
14277,Karan Kapoor,46,Male,O+,9439351429
14278,Riya Kapoor,46,Male,A+,9165365949
14279,Pooja Mehta,22,Female,AB-,9482786047
14280,Aman Mehta,22,Female,B+,9572110548
14281,Neha Kapoor,39,Male,B+,9222045806
14282,Pooja Singh,24,Female,B+,9193960334
14283,Vikram Kapoor,46,Male,B+,9374916149
14284,Vikram Singh,30,Female,AB+,9892878045
14285,Vikram Sharma,46,Male,B+,9255763194
14286,Neha Sharma,28,Female,B-,9818411969
14287,Rahul Sharma,48,Male,B-,9964223927
14288,Vikram Gupta,52,Female,AB+,9376754425
14289,Rohan Sharma,39,Male,B-,9811038076
14290,Aditya Gupta,58,Female,A+,9484046985
14291,Arjun Gupta,51,Male,A+,9483940145
14292,Aditya Singh,39,Male,AB+,9428936227
14293,Neha Sharma,54,Male,B-,9311438133
14294,Vikram Verma,40,Male,B+,9656187888
14295,Anjali Kapoor,33,Male,A+,9190659811
14296,Riya Verma,42,Male,O+,9785890650
14297,Pooja Mehta,42,Male,A+,9591491444
14298,Aditya Singh,59,Male,A-,9339934931
14299,Pooja Reddy,58,Male,AB+,9158369531
14300,Anjali Singh,49,Female,B-,9109883658
14301,Priya Kapoor,50,Male,AB-,9495279056
14302,Neha Patel,59,Male,A-,9473015952
14303,Aditya Kapoor,47,Male,B-,9696838267
14304,Arjun Reddy,46,Male,O+,9104189448
14305,Karan Kapoor,30,Female,A+,9554106850
14306,Karan Mehta,54,Male,O+,9570610190
14307,Rahul Singh,32,Male,O-,9924853725
14308,Arjun Sharma,51,Male,A+,9444203810
14309,Neha Mehta,26,Male,O+,9290633947
14310,Vikram Patel,40,Male,B+,9211643763
14311,Sneha Patel,37,Female,O-,9189763744
14312,Karan Kapoor,35,Male,A-,9270987951
14313,Sneha Patel,52,Female,A+,9506287245
14314,Anjali Mehta,31,Female,A-,9321481034
14315,Sneha Gupta,50,Female,O+,9636252221
14316,Kavya Reddy,22,Male,A+,9724209852
14317,Priya Kapoor,30,Male,A+,9586452789
14318,Sahil Singh,41,Female,B-,9192803501
14319,Sahil Mehta,45,Male,AB-,9704291384
14320,Aman Patel,57,Male,AB-,9683771600
14321,Vikram Sharma,57,Male,A+,9112018839
14322,Neha Patel,45,Female,AB-,9676029560
14323,Priya Singh,48,Male,B-,9625666408
14324,Aditya Reddy,58,Male,A-,9855400761
14325,Divya Kapoor,43,Female,O-,9405773193
14326,Arjun Patel,51,Female,O-,9851895162
14327,Neha Singh,41,Female,AB+,9432945655
14328,Neha Kapoor,52,Female,B+,9303737181
14329,Rohan Verma,34,Male,B-,9719649111
14330,Sneha Verma,54,Female,O+,9300182939
14331,Sneha Verma,33,Female,AB-,9748534185
14332,Riya Gupta,50,Female,B+,9136188529
14333,Sahil Reddy,56,Female,B+,9314339257
14334,Pooja Singh,50,Male,B+,9526380751
14335,Divya Gupta,55,Male,A+,9179939490
14336,Rahul Kapoor,51,Male,A-,9292706547
14337,Sneha Singh,34,Female,O+,9903703192
14338,Karan Kapoor,21,Male,O-,9344599199
14339,Arjun Singh,49,Female,A+,9315852811
14340,Neha Singh,22,Male,B+,9666174551
14341,Karan Sharma,44,Female,A+,9161052896
14342,Arjun Verma,38,Female,B-,9713228498
14343,Neha Mehta,25,Male,A+,9350485978
14344,Pooja Singh,20,Male,B-,9926159813
14345,Karan Sharma,31,Female,B+,9282253647
14346,Arjun Verma,53,Male,AB+,9341159542
14347,Vikram Mehta,42,Female,A+,9862402152
14348,Pooja Gupta,44,Female,AB-,9487282701
14349,Riya Sharma,31,Male,O+,9476960298
14350,Rohan Mehta,33,Male,AB-,9613269043
14351,Pooja Kapoor,37,Female,O-,9497866886
14352,Riya Gupta,58,Male,B+,9609705580
14353,Karan Kapoor,27,Female,A+,9398318555
14354,Neha Singh,21,Female,A-,9953132967
14355,Aman Singh,25,Female,A+,9390635640
14356,Karan Reddy,54,Female,AB-,9127610022
14357,Pooja Kapoor,30,Female,B+,9368934149
14358,Sneha Reddy,37,Male,O-,9690636787
14359,Anjali Reddy,44,Male,O-,9837827848
14360,Sneha Patel,36,Male,A+,9802940425
14361,Kavya Gupta,32,Female,AB-,9831932408
14362,Aman Reddy,48,Female,AB+,9242318339
14363,Divya Verma,20,Male,O+,9464531721
14364,Kavya Reddy,22,Male,O+,9978750536
14365,Kavya Gupta,60,Female,O-,9466173198
14366,Karan Verma,42,Male,O-,9758586129
14367,Kavya Sharma,45,Female,AB-,9476931728
14368,Aman Mehta,36,Male,B-,9950163879
14369,Vikram Singh,45,Male,AB+,9587259320
14370,Arjun Kapoor,44,Female,O+,9701604386
14371,Rahul Singh,53,Female,O+,9208255052
14372,Pooja Mehta,38,Female,AB-,9179056395
14373,Sneha Reddy,39,Female,AB-,9653383140
14374,Karan Singh,23,Female,O-,9117114933
14375,Divya Patel,37,Female,B+,9857366332
14376,Divya Patel,46,Male,B-,9103647404
14377,Arjun Mehta,35,Female,B-,9888258345
14378,Riya Gupta,35,Male,O-,9428247744
14379,Kavya Sharma,53,Female,O+,9680818846
14380,Karan Gupta,55,Male,O+,9723737719
14381,Kavya Verma,41,Female,O+,9900014732
14382,Vikram Gupta,53,Male,O+,9912677162
14383,Neha Kapoor,39,Male,O+,9251616973
14384,Sahil Gupta,47,Female,A+,9716751765
14385,Karan Patel,47,Female,O+,9211782741
14386,Aditya Reddy,29,Male,A+,9278710974
14387,Neha Verma,57,Male,A+,9272897988
14388,Priya Sharma,23,Female,AB-,9133638884
14389,Aman Patel,26,Female,AB+,9431030149
14390,Rahul Sharma,57,Male,B-,9602383918
14391,Vikram Singh,37,Female,B+,9424835161
14392,Vikram Gupta,32,Male,AB-,9529550187
14393,Riya Sharma,38,Male,B+,9969657620
14394,Karan Sharma,19,Female,O-,9710228540
14395,Anjali Gupta,43,Male,AB-,9461390513
14396,Arjun Patel,34,Male,B+,9519964591
14397,Rahul Verma,46,Female,O-,9854615201
14398,Rahul Verma,60,Male,A+,9642581686
14399,Priya Gupta,47,Female,A+,9481176371
14400,Aman Mehta,51,Female,B+,9500471410
14401,Aman Singh,21,Male,O-,9275816495
14402,Arjun Verma,59,Male,AB+,9213815942
14403,Riya Mehta,20,Female,AB-,9575414560
14404,Karan Verma,32,Male,AB-,9195019542
14405,Arjun Mehta,26,Female,AB+,9772013236
14406,Vikram Patel,44,Female,O-,9225312050
14407,Priya Singh,30,Male,O+,9701809900
14408,Vikram Reddy,51,Male,O-,9126751791
14409,Kavya Gupta,49,Male,A+,9468315237
14410,Vikram Verma,49,Female,AB-,9787958997
14411,Priya Patel,32,Male,O-,9590772610
14412,Sahil Gupta,30,Male,A-,9277871861
14413,Pooja Sharma,57,Female,A+,9800508082
14414,Rohan Kapoor,43,Female,AB-,9630036509
14415,Rahul Gupta,25,Male,AB-,9343937142
14416,Arjun Patel,34,Male,B-,9177628694
14417,Sahil Gupta,29,Male,O+,9360529232
14418,Pooja Patel,23,Male,O-,9442952022
14419,Sahil Sharma,46,Female,B-,9682697710
14420,Aman Singh,36,Male,AB-,9615347502
14421,Vikram Patel,53,Male,AB+,9646263503
14422,Neha Reddy,39,Male,O+,9156045570
14423,Sahil Verma,59,Female,A+,9806318136
14424,Karan Mehta,23,Female,O-,9338183376
14425,Priya Sharma,57,Female,AB+,9542205170
14426,Divya Singh,35,Male,AB+,9681087490
14427,Karan Verma,23,Female,AB-,9117842025
14428,Sahil Gupta,38,Male,B-,9421613423
14429,Arjun Patel,55,Male,AB+,9113764946
14430,Sneha Kapoor,51,Female,O+,9958073183
14431,Rohan Patel,51,Female,A+,9853550392
14432,Divya Singh,27,Male,AB+,9652029107
14433,Kavya Gupta,58,Male,B+,9340646534
14434,Riya Singh,59,Male,AB-,9740109530
14435,Arjun Mehta,23,Male,AB+,9859456413
14436,Priya Patel,51,Female,A+,9114824490
14437,Rahul Patel,48,Female,O-,9848858090
14438,Sneha Verma,27,Male,A-,9171844033
14439,Sneha Patel,27,Male,A+,9889718733
14440,Divya Mehta,43,Female,A-,9737645785
14441,Rahul Kapoor,55,Female,A+,9894655313
14442,Kavya Sharma,37,Male,B+,9201250120
14443,Rahul Mehta,44,Male,B+,9207789840
14444,Kavya Mehta,28,Female,AB+,9620125169
14445,Priya Reddy,52,Male,AB-,9767526501
14446,Pooja Gupta,47,Male,AB-,9205715009
14447,Vikram Verma,26,Male,O+,9773958039
14448,Divya Mehta,18,Male,O-,9141311143
14449,Sneha Gupta,31,Male,AB-,9774727095
14450,Pooja Reddy,23,Female,B-,9397915986
14451,Rohan Verma,38,Male,B-,9517036551
14452,Sneha Singh,37,Male,B-,9556710099
14453,Rahul Verma,29,Female,B+,9591890182
14454,Rahul Verma,49,Female,A+,9276613462
14455,Rohan Sharma,26,Female,B-,9974378968
14456,Arjun Patel,53,Female,AB-,9466097116
14457,Anjali Verma,20,Male,O+,9246327479
14458,Aman Patel,56,Female,O-,9144819296
14459,Karan Singh,32,Female,B+,9480196811
14460,Rahul Kapoor,36,Male,A+,9191181516
14461,Kavya Sharma,37,Female,O+,9408112043
14462,Priya Sharma,33,Male,O+,9152161414
14463,Sahil Sharma,30,Male,O+,9198275771
14464,Anjali Gupta,34,Male,B-,9582744425
14465,Pooja Mehta,44,Female,B+,9616718915
14466,Neha Gupta,48,Male,O-,9249573933
14467,Pooja Patel,29,Female,O-,9727742843
14468,Riya Patel,26,Male,AB-,9999941081
14469,Arjun Sharma,42,Female,B+,9647946342
14470,Vikram Kapoor,42,Male,B-,9462102604
14471,Anjali Kapoor,31,Male,O+,9248597632
14472,Kavya Reddy,19,Male,O-,9373429176
14473,Anjali Singh,33,Male,B-,9185079865
14474,Aditya Verma,26,Male,A+,9566847511
14475,Divya Mehta,30,Male,AB-,9212980825
14476,Aditya Gupta,55,Female,AB+,9991980441
14477,Sahil Gupta,58,Female,O-,9212396196
14478,Pooja Reddy,24,Female,B-,9807735175
14479,Divya Verma,60,Female,A-,9797041666
14480,Kavya Singh,35,Male,AB-,9362298946
14481,Rohan Reddy,46,Male,B-,9167612911
14482,Neha Kapoor,30,Female,A-,9404493579
14483,Karan Gupta,59,Female,O+,9423416070
14484,Sahil Reddy,22,Male,AB-,9301420170
14485,Divya Reddy,32,Male,B-,9324146142
14486,Rohan Verma,42,Male,AB+,9928223675
14487,Sahil Singh,55,Male,O-,9136124155
14488,Arjun Sharma,22,Female,B+,9611989086
14489,Arjun Mehta,59,Male,O+,9351688153
14490,Divya Gupta,21,Female,O-,9955977435
14491,Rahul Verma,33,Female,B-,9282984055
14492,Rohan Kapoor,52,Female,AB-,9596501035
14493,Aman Mehta,55,Female,O+,9840494143
14494,Aman Gupta,55,Male,AB-,9161774723
14495,Rohan Patel,23,Female,A-,9613707558
14496,Aman Kapoor,29,Female,A-,9397786142
14497,Kavya Verma,23,Female,O+,9358439516
14498,Rahul Patel,54,Male,O+,9824007619
14499,Riya Verma,30,Male,B+,9222840233
14500,Vikram Reddy,34,Female,O+,9656542264
14501,Neha Mehta,24,Female,A-,9243529676
14502,Karan Gupta,45,Male,A-,9717460287
14503,Vikram Patel,31,Male,B-,9140658577
14504,Priya Patel,59,Female,B+,9263010211
14505,Neha Sharma,18,Female,O+,9339027535
14506,Pooja Verma,53,Female,AB-,9440934859
14507,Riya Verma,45,Male,AB+,9882483426
14508,Priya Singh,22,Male,A+,9316214654
14509,Rahul Singh,47,Male,O+,9977344483
14510,Karan Patel,39,Female,O-,9783295385
14511,Divya Patel,55,Female,AB-,9928610866
14512,Rohan Singh,20,Female,B+,9274903791
14513,Aditya Mehta,18,Female,AB+,9552733701
14514,Arjun Patel,46,Male,A-,9849200222
14515,Riya Singh,60,Female,AB+,9761301132
14516,Aman Patel,40,Female,A-,9401325786
14517,Pooja Verma,42,Female,A+,9472061626
14518,Anjali Mehta,46,Male,AB+,9749574640
14519,Arjun Sharma,31,Male,B-,9641106834
14520,Vikram Gupta,35,Male,A+,9743044895
14521,Aman Mehta,34,Male,B+,9187800212
14522,Pooja Kapoor,28,Male,A+,9605955247
14523,Rohan Reddy,36,Female,B-,9386755458
14524,Rahul Verma,21,Female,AB+,9711319642
14525,Priya Singh,59,Female,O-,9304210482
14526,Divya Reddy,58,Male,A+,9424428715
14527,Sahil Patel,46,Female,O+,9978865071
14528,Pooja Kapoor,26,Female,A-,9504296071
14529,Pooja Reddy,34,Male,O-,9796615701
14530,Rahul Verma,50,Female,B+,9969749139
14531,Neha Mehta,51,Female,A+,9530827046
14532,Riya Patel,40,Female,B+,9385124760
14533,Divya Kapoor,20,Male,AB+,9559049110
14534,Riya Reddy,31,Male,AB+,9156924744
14535,Rahul Sharma,57,Female,B-,9502829251
14536,Divya Patel,48,Male,O-,9301146018
14537,Anjali Patel,50,Female,O+,9177056527
14538,Vikram Gupta,35,Male,AB+,9236403168
14539,Divya Kapoor,59,Male,O+,9119803668
14540,Anjali Patel,56,Male,O-,9615365261
14541,Arjun Reddy,52,Female,B-,9501084351
14542,Rohan Gupta,44,Male,AB+,9287074909
14543,Divya Kapoor,40,Female,AB+,9938867888
14544,Riya Singh,21,Female,O+,9466319175
14545,Vikram Reddy,32,Female,O+,9447309913
14546,Divya Singh,51,Male,A+,9185696127
14547,Kavya Patel,55,Female,O+,9560218365
14548,Kavya Verma,38,Female,B-,9119949138
14549,Aditya Mehta,54,Male,AB-,9956023633
14550,Aditya Reddy,47,Female,O+,9702102626
14551,Priya Sharma,19,Male,O-,9323117502
14552,Sneha Kapoor,47,Male,O+,9909452659
14553,Arjun Verma,26,Female,AB-,9702331097
14554,Arjun Reddy,57,Male,AB-,9240060846
14555,Neha Gupta,58,Male,B+,9985093484
14556,Aman Verma,56,Male,O+,9407300156
14557,Karan Patel,57,Female,O-,9895445985
14558,Pooja Gupta,47,Female,AB+,9973790496
14559,Anjali Sharma,40,Male,B-,9210330170
14560,Anjali Reddy,33,Female,B+,9213765222
14561,Sneha Patel,48,Female,A-,9946027585
14562,Rahul Patel,43,Female,O-,9746042144
14563,Neha Sharma,26,Male,B+,9597840542
14564,Sneha Reddy,51,Female,B+,9606807580
14565,Riya Sharma,58,Male,A+,9780577069
14566,Rahul Gupta,40,Male,B+,9729593980
14567,Aditya Verma,44,Female,A-,9516962241
14568,Aman Kapoor,48,Male,A-,9640722204
14569,Sneha Verma,19,Female,B-,9477372886
14570,Divya Singh,49,Female,AB-,9862399738
14571,Sneha Singh,46,Male,A+,9497610065
14572,Karan Kapoor,37,Female,O-,9685833069
14573,Rohan Verma,40,Female,O-,9736471410
14574,Aditya Sharma,50,Female,AB+,9599929609
14575,Riya Singh,39,Female,O-,9277609124
14576,Neha Kapoor,37,Female,A-,9843835405
14577,Aditya Verma,49,Female,A-,9159795635
14578,Anjali Sharma,31,Female,O+,9377441595
14579,Sneha Verma,52,Female,O-,9390053730
14580,Kavya Verma,47,Male,O+,9653574782
14581,Rohan Reddy,52,Female,B-,9697757702
14582,Anjali Gupta,42,Female,A-,9775922355
14583,Riya Mehta,40,Male,B-,9191328656
14584,Anjali Reddy,58,Female,B-,9185358612
14585,Arjun Singh,52,Male,AB-,9752371364
14586,Rahul Gupta,30,Female,A-,9894816070
14587,Vikram Verma,38,Male,O+,9327431364
14588,Pooja Mehta,23,Male,AB-,9848228614
14589,Aman Kapoor,18,Male,O-,9767069779
14590,Sneha Verma,38,Female,B+,9967925503
14591,Rohan Kapoor,36,Male,A+,9868400836
14592,Riya Reddy,36,Male,O+,9624938583
14593,Sneha Singh,33,Male,B-,9859414414
14594,Kavya Patel,51,Female,O-,9940154414
14595,Anjali Gupta,30,Female,B+,9432639971
14596,Karan Patel,47,Female,B+,9317672859
14597,Divya Patel,33,Female,A-,9117031303
14598,Aditya Kapoor,30,Female,O+,9180533848
14599,Karan Sharma,52,Female,B+,9412962799
14600,Kavya Verma,54,Female,B-,9476330373
14601,Karan Sharma,47,Female,B+,9983037815
14602,Sneha Reddy,24,Female,B-,9413628546
14603,Arjun Reddy,50,Female,B-,9709969006
14604,Kavya Gupta,25,Male,AB-,9349933425
14605,Sneha Singh,30,Female,O+,9779540186
14606,Anjali Reddy,50,Male,O-,9937294609
14607,Priya Verma,26,Female,O-,9228247607
14608,Priya Verma,21,Male,B-,9795516272
14609,Karan Kapoor,23,Male,B+,9732683246
14610,Aditya Reddy,59,Female,AB+,9464589761
14611,Anjali Reddy,58,Female,O+,9510286594
14612,Anjali Gupta,27,Male,B-,9624354642
14613,Riya Patel,32,Female,B-,9195197664
14614,Neha Sharma,45,Female,O-,9210204614
14615,Vikram Kapoor,49,Female,AB+,9992583079
14616,Neha Kapoor,53,Male,O+,9896988201
14617,Rohan Mehta,60,Female,B+,9576537622
14618,Neha Mehta,34,Male,O+,9526912459
14619,Sneha Gupta,54,Female,A-,9129241462
14620,Anjali Patel,50,Male,B+,9434235988
14621,Divya Sharma,55,Female,O-,9259492184
14622,Sneha Mehta,40,Female,B-,9251142876
14623,Arjun Singh,41,Female,B+,9168748878
14624,Vikram Gupta,21,Male,B-,9638052143
14625,Sneha Gupta,19,Female,A+,9740507404
14626,Aditya Kapoor,23,Male,B-,9215744457
14627,Vikram Mehta,44,Male,O+,9358134451
14628,Rohan Kapoor,44,Female,AB+,9500352288
14629,Divya Reddy,18,Male,O-,9278247111
14630,Kavya Mehta,31,Female,AB+,9876566505
14631,Arjun Reddy,31,Female,AB+,9229556672
14632,Rohan Singh,52,Female,AB+,9809632233
14633,Rahul Verma,53,Male,A+,9187056809
14634,Anjali Sharma,21,Male,A-,9129851936
14635,Aditya Patel,59,Male,O+,9521439239
14636,Rahul Singh,18,Female,A-,9114595274
14637,Karan Singh,51,Male,A-,9290017351
14638,Divya Singh,53,Female,AB-,9294182609
14639,Rahul Singh,55,Male,B-,9459982530
14640,Vikram Kapoor,33,Male,AB-,9442251903
14641,Kavya Patel,48,Female,B-,9883195901
14642,Priya Singh,32,Female,O+,9101685359
14643,Priya Sharma,18,Male,AB+,9813663092
14644,Sahil Kapoor,40,Male,AB+,9945896952
14645,Sneha Mehta,21,Female,O+,9485585799
14646,Anjali Kapoor,30,Female,O-,9149668361
14647,Sneha Verma,44,Female,A+,9704987048
14648,Vikram Sharma,43,Female,A-,9476327282
14649,Vikram Reddy,20,Male,B+,9847844168
14650,Kavya Gupta,18,Male,B+,9738570120
14651,Riya Reddy,44,Female,B+,9385667787
14652,Arjun Gupta,49,Female,O-,9190977278
14653,Vikram Singh,37,Female,B+,9277812481
14654,Sneha Kapoor,26,Female,A+,9636244637
14655,Sahil Verma,26,Male,O-,9100848083
14656,Riya Mehta,32,Female,O+,9213057879
14657,Vikram Verma,25,Male,B-,9596139232
14658,Vikram Verma,34,Male,B+,9276328326
14659,Karan Mehta,50,Female,AB+,9588120359
14660,Pooja Gupta,25,Male,AB+,9116972384
14661,Rohan Kapoor,52,Female,B+,9865710670
14662,Neha Kapoor,40,Male,A-,9478286341
14663,Anjali Reddy,18,Male,AB+,9776122589
14664,Divya Singh,51,Female,B+,9336078374
14665,Pooja Gupta,44,Male,B-,9284218515
14666,Aman Verma,22,Female,O-,9135474697
14667,Aman Verma,49,Male,B-,9710519540
14668,Sahil Kapoor,58,Male,A+,9830913004
14669,Sneha Sharma,47,Female,B+,9351853997
14670,Kavya Mehta,40,Female,O-,9218058833
14671,Anjali Kapoor,59,Male,A-,9567765890
14672,Kavya Gupta,32,Male,B+,9211559413
14673,Vikram Sharma,45,Female,B-,9282762925
14674,Riya Reddy,32,Female,AB+,9651233825
14675,Neha Singh,51,Female,AB+,9841542874
14676,Riya Gupta,25,Male,O+,9552553188
14677,Neha Sharma,39,Female,B-,9933815091
14678,Anjali Singh,32,Male,A-,9615472741
14679,Kavya Reddy,32,Female,AB+,9906092381
14680,Neha Kapoor,38,Female,O+,9691175520
14681,Aman Reddy,59,Female,AB-,9610121870
14682,Arjun Reddy,59,Male,O+,9505620045
14683,Sahil Patel,21,Female,AB-,9995855474
14684,Rahul Reddy,41,Female,O+,9325294366
14685,Sahil Singh,32,Male,AB+,9181699926
14686,Priya Verma,47,Female,A+,9845854821
14687,Rohan Mehta,44,Female,A+,9334111725
14688,Arjun Patel,29,Male,A+,9265338610
14689,Arjun Mehta,41,Female,A-,9618085759
14690,Pooja Patel,30,Male,AB-,9225666815
14691,Rohan Patel,47,Female,O-,9158749552
14692,Vikram Kapoor,47,Female,O+,9825256974
14693,Sneha Sharma,34,Male,AB+,9380363632
14694,Sahil Singh,37,Male,O+,9866299044
14695,Kavya Gupta,54,Female,AB+,9669458078
14696,Divya Kapoor,54,Female,A+,9945909409
14697,Rohan Kapoor,25,Male,A-,9214371695
14698,Sneha Gupta,51,Female,A+,9554567860
14699,Sneha Reddy,55,Female,B-,9372100563
14700,Rohan Sharma,44,Male,B+,9433203569
14701,Kavya Singh,59,Male,B+,9758682263
14702,Kavya Kapoor,19,Male,O-,9713524362
14703,Anjali Singh,57,Male,A+,9900615599
14704,Divya Mehta,32,Male,O-,9633127177
14705,Aditya Reddy,20,Female,AB-,9810340984
14706,Priya Kapoor,47,Male,A-,9931850999
14707,Sahil Singh,37,Female,O+,9538125249
14708,Arjun Sharma,39,Male,AB+,9915565999
14709,Kavya Mehta,46,Female,AB+,9451410874
14710,Aman Sharma,24,Female,AB+,9464969821
14711,Divya Mehta,34,Female,O+,9246061892
14712,Karan Singh,22,Female,A-,9395196448
14713,Rahul Verma,51,Female,AB+,9303850546
14714,Divya Reddy,22,Female,A-,9634999876
14715,Rahul Singh,56,Female,B+,9636622137
14716,Vikram Sharma,26,Female,AB-,9465213843
14717,Pooja Patel,54,Female,B+,9562679274
14718,Aman Gupta,27,Female,AB+,9658506076
14719,Karan Gupta,24,Female,AB-,9631247787
14720,Anjali Kapoor,21,Female,A-,9832893379
14721,Vikram Patel,55,Female,AB+,9511410080
14722,Divya Mehta,23,Female,B-,9607181004
14723,Vikram Kapoor,36,Male,B-,9644322979
14724,Vikram Kapoor,52,Male,AB-,9538850044
14725,Arjun Gupta,45,Female,B-,9617571013
14726,Riya Singh,51,Female,AB+,9793586320
14727,Vikram Mehta,57,Female,B-,9615429199
14728,Neha Mehta,54,Male,A-,9475618165
14729,Rahul Gupta,55,Female,O-,9557413436
14730,Sahil Singh,48,Male,O-,9240417668
14731,Rohan Patel,30,Female,B+,9294902644
14732,Sneha Patel,54,Male,B-,9629800730
14733,Divya Kapoor,43,Male,AB+,9318550211
14734,Anjali Patel,56,Female,B-,9603761518
14735,Riya Singh,36,Male,A-,9747782210
14736,Rohan Verma,28,Male,AB-,9897046907
14737,Pooja Reddy,19,Male,AB+,9775539777
14738,Karan Verma,55,Male,O+,9845006565
14739,Pooja Singh,53,Male,A-,9588231996
14740,Rohan Gupta,57,Female,AB-,9756274487
14741,Sahil Reddy,31,Male,A-,9215047093
14742,Vikram Verma,54,Female,A-,9658913263
14743,Aditya Singh,19,Male,A-,9114510077
14744,Vikram Singh,47,Male,B+,9243121688
14745,Rahul Gupta,34,Female,O-,9469531123
14746,Rahul Reddy,41,Male,AB+,9533340416
14747,Aman Singh,26,Female,O-,9216725275
14748,Rohan Verma,22,Female,O-,9319905134
14749,Riya Gupta,39,Male,O+,9635945204
14750,Riya Verma,37,Female,A-,9205154962
14751,Aditya Reddy,42,Female,B-,9768776230
14752,Aman Verma,19,Male,O-,9884029774
14753,Karan Mehta,27,Female,B-,9895293659
14754,Riya Reddy,37,Male,B-,9149104220
14755,Rohan Mehta,18,Female,O-,9371839672
14756,Rohan Singh,34,Male,B-,9574791856
14757,Neha Sharma,18,Female,A-,9807975573
14758,Karan Patel,38,Male,A+,9564028341
14759,Sneha Kapoor,39,Female,AB+,9750111681
14760,Riya Gupta,35,Female,A-,9103274583
14761,Kavya Singh,33,Female,AB-,9444615274
14762,Sneha Sharma,47,Male,AB-,9863225942
14763,Rohan Mehta,47,Male,B+,9629676872
14764,Anjali Singh,25,Female,O-,9508461585
14765,Vikram Singh,51,Male,AB+,9286837424
14766,Rahul Kapoor,24,Male,AB+,9952563493
14767,Riya Verma,46,Female,B+,9548770551
14768,Arjun Kapoor,50,Female,AB-,9701466782
14769,Vikram Verma,51,Female,O+,9587703941
14770,Vikram Reddy,25,Female,A+,9814385997
14771,Aman Gupta,45,Male,AB-,9909594485
14772,Priya Sharma,41,Female,A-,9567592362
14773,Karan Kapoor,59,Male,B+,9757432055
14774,Aman Verma,51,Female,B+,9387546936
14775,Karan Sharma,24,Male,A+,9864163574
14776,Karan Patel,39,Male,B-,9138566047
14777,Sahil Patel,43,Female,AB-,9958545850
14778,Kavya Mehta,24,Female,B+,9315978195
14779,Aman Gupta,57,Male,A+,9532303068
14780,Sahil Patel,33,Male,B+,9494079304
14781,Sneha Patel,18,Male,B+,9322483940
14782,Kavya Reddy,55,Female,AB-,9162309308
14783,Divya Gupta,55,Female,B+,9857303619
14784,Vikram Singh,34,Female,O-,9763478059
14785,Pooja Singh,27,Male,AB-,9835662760
14786,Divya Singh,49,Female,AB-,9934237468
14787,Sneha Kapoor,18,Male,O-,9347185019
14788,Vikram Reddy,28,Male,AB+,9166871809
14789,Anjali Singh,45,Male,A-,9409719545
14790,Sahil Kapoor,38,Female,A+,9525297306
14791,Riya Patel,58,Female,AB+,9149973029
14792,Kavya Verma,33,Female,A+,9459450514
14793,Kavya Verma,25,Male,B+,9576316914
14794,Anjali Kapoor,38,Female,O+,9276276678
14795,Arjun Reddy,53,Male,B+,9892440029
14796,Aman Patel,51,Female,AB+,9474617669
14797,Sahil Mehta,38,Male,A+,9929073589
14798,Sneha Kapoor,30,Male,A+,9492377697
14799,Kavya Kapoor,47,Male,AB+,9143412296
14800,Anjali Sharma,49,Male,B+,9616026015
14801,Kavya Reddy,25,Male,A+,9205427668
14802,Riya Gupta,59,Female,A+,9667768104
14803,Vikram Singh,25,Male,O-,9249888814
14804,Sahil Mehta,60,Female,AB-,9945781525
14805,Divya Singh,57,Male,B+,9625395128
14806,Riya Reddy,33,Male,A+,9275972689
14807,Anjali Kapoor,18,Female,AB-,9909953313
14808,Aman Verma,23,Female,A+,9653994663
14809,Sahil Singh,25,Female,AB+,9754606536
14810,Rohan Singh,19,Male,O-,9661356460
14811,Aman Kapoor,29,Female,B+,9435264537
14812,Pooja Mehta,31,Male,O-,9292911018
14813,Riya Singh,23,Female,AB-,9539280434
14814,Kavya Verma,55,Male,A+,9181389724
14815,Anjali Gupta,50,Female,AB+,9222335954
14816,Aditya Verma,59,Female,AB+,9424305574
14817,Karan Patel,22,Male,O-,9853811078
14818,Karan Verma,38,Male,B-,9372228303
14819,Karan Reddy,26,Female,AB-,9206124257
14820,Sneha Kapoor,29,Male,AB-,9661940976
14821,Arjun Kapoor,49,Female,AB-,9653276217
14822,Priya Gupta,51,Male,O-,9526412409
14823,Pooja Singh,30,Male,O+,9721114223
14824,Karan Sharma,56,Male,AB+,9876928361
14825,Aditya Singh,19,Male,A+,9764859331
14826,Aman Singh,41,Female,B-,9633616584
14827,Anjali Verma,20,Female,O+,9593306311
14828,Neha Kapoor,50,Male,O+,9512836984
14829,Arjun Singh,40,Female,O-,9119542246
14830,Arjun Mehta,30,Female,B-,9436910431
14831,Neha Mehta,43,Female,A+,9249587899
14832,Riya Reddy,23,Female,B-,9902970111
14833,Rohan Mehta,39,Female,AB+,9107449061
14834,Pooja Gupta,54,Male,O-,9189373046
14835,Aman Sharma,60,Male,O-,9707776521
14836,Priya Reddy,54,Male,AB+,9171129236
14837,Riya Mehta,45,Female,B-,9688432036
14838,Divya Patel,37,Male,A+,9226708582
14839,Vikram Mehta,33,Male,AB-,9334014457
14840,Anjali Verma,40,Female,B-,9986854444
14841,Riya Sharma,36,Male,B+,9406738438
14842,Divya Verma,48,Male,AB+,9711558483
14843,Rohan Mehta,26,Male,A-,9453469993
14844,Neha Kapoor,50,Female,A+,9212198662
14845,Priya Mehta,29,Male,B+,9571998716
14846,Arjun Kapoor,35,Female,O-,9482148730
14847,Riya Reddy,37,Female,B-,9532590256
14848,Karan Singh,29,Female,A+,9341046067
14849,Vikram Gupta,43,Female,O-,9650227229
14850,Sneha Reddy,58,Male,B+,9235014877
14851,Sahil Mehta,48,Male,A-,9417553531
14852,Aman Reddy,31,Female,O-,9589054648
14853,Aditya Gupta,27,Female,AB-,9722925128
14854,Aditya Gupta,32,Female,B+,9136893231
14855,Aman Reddy,24,Male,A-,9375319260
14856,Anjali Kapoor,21,Male,B-,9875302255
14857,Aditya Singh,42,Male,B-,9874076321
14858,Pooja Patel,30,Male,O-,9652917019
14859,Rahul Singh,33,Female,O-,9360280487
14860,Riya Kapoor,45,Female,A-,9876653469
14861,Aditya Reddy,20,Male,A-,9591077589
14862,Rohan Mehta,30,Male,B+,9262872807
14863,Aman Reddy,37,Male,B+,9646573569
14864,Vikram Kapoor,22,Female,AB+,9366322325
14865,Rahul Kapoor,40,Male,A-,9690882147
14866,Aman Verma,19,Male,A-,9776339499
14867,Priya Mehta,21,Male,AB-,9366347214
14868,Aman Singh,18,Female,AB+,9547517239
14869,Aditya Mehta,58,Female,B-,9843636735
14870,Sahil Patel,39,Female,AB-,9446611414
14871,Anjali Verma,51,Male,AB-,9722641746
14872,Arjun Gupta,34,Female,B-,9419939428
14873,Kavya Verma,50,Male,B+,9737119248
14874,Arjun Sharma,43,Male,A-,9151225709
14875,Pooja Mehta,29,Female,O+,9194134757
14876,Rahul Singh,34,Male,O-,9386370309
14877,Karan Gupta,23,Female,B+,9387520376
14878,Karan Mehta,19,Female,A-,9938517148
14879,Pooja Mehta,32,Female,B-,9188103710
14880,Divya Singh,35,Male,AB+,9599758314
14881,Neha Reddy,26,Female,O-,9576772363
14882,Karan Sharma,45,Male,AB-,9489972478
14883,Sahil Verma,60,Male,A+,9515251035
14884,Neha Gupta,28,Female,O-,9749613818
14885,Kavya Reddy,28,Female,B+,9468174045
14886,Kavya Patel,27,Male,O-,9638590344
14887,Anjali Gupta,50,Male,B+,9422387927
14888,Arjun Mehta,32,Female,B+,9401760560
14889,Vikram Sharma,21,Male,O+,9778998629
14890,Divya Singh,52,Male,O-,9140148724
14891,Kavya Reddy,22,Male,AB-,9668891890
14892,Arjun Singh,27,Female,B-,9488322182
14893,Sahil Singh,39,Female,A-,9552351626
14894,Arjun Gupta,30,Female,O+,9596532273
14895,Priya Reddy,32,Male,A-,9817761888
14896,Aman Singh,50,Male,A-,9120840810
14897,Sneha Sharma,23,Male,A+,9488745257
14898,Vikram Sharma,44,Male,AB-,9631899787
14899,Vikram Gupta,33,Female,AB+,9133760482
14900,Rohan Sharma,29,Male,O-,9995764200
14901,Aditya Singh,21,Female,AB+,9421672687
14902,Kavya Singh,59,Male,O-,9567116255
14903,Rohan Kapoor,54,Male,A-,9607233220
14904,Anjali Singh,53,Male,O-,9450156567
14905,Sneha Singh,58,Female,A+,9929267190
14906,Rohan Mehta,56,Female,B-,9665783867
14907,Kavya Reddy,27,Female,A-,9753255982
14908,Riya Reddy,22,Female,O-,9854563910
14909,Kavya Mehta,34,Male,A-,9653773545
14910,Pooja Reddy,43,Male,O-,9804279055
14911,Rohan Gupta,57,Female,A-,9536199692
14912,Sneha Reddy,23,Male,B+,9851484925
14913,Aditya Patel,59,Male,A+,9733603717
14914,Priya Verma,58,Female,O-,9342328886
14915,Rahul Gupta,40,Male,B-,9188388214
14916,Sneha Kapoor,34,Male,O-,9436683476
14917,Kavya Gupta,44,Female,O+,9507624082
14918,Arjun Gupta,27,Male,O+,9505633907
14919,Sahil Gupta,40,Male,O-,9138877139
14920,Kavya Kapoor,25,Male,AB+,9387890959
14921,Anjali Verma,19,Male,A+,9732110770
14922,Priya Verma,43,Female,AB+,9972706350
14923,Pooja Kapoor,42,Male,B-,9449084439
14924,Karan Mehta,50,Male,AB+,9113852551
14925,Riya Mehta,53,Male,A-,9832153004
14926,Karan Mehta,26,Female,O+,9297492305
14927,Rohan Reddy,20,Male,A-,9826015485
14928,Kavya Reddy,21,Male,AB-,9317236888
14929,Neha Patel,55,Female,O-,9736195821
14930,Sneha Sharma,56,Male,B+,9109553048
14931,Sahil Mehta,50,Male,AB-,9167442119
14932,Kavya Gupta,57,Male,AB+,9497001854
14933,Divya Singh,40,Male,AB+,9547402282
14934,Rahul Mehta,52,Male,A-,9734544056
14935,Arjun Singh,32,Female,A-,9355293423
14936,Kavya Reddy,38,Male,AB+,9296526239
14937,Rohan Mehta,57,Male,B+,9483382868
14938,Neha Patel,52,Female,O+,9835447058
14939,Rohan Kapoor,30,Male,A-,9387446121
14940,Divya Kapoor,54,Male,A+,9923588755
14941,Kavya Reddy,21,Male,AB-,9804506638
14942,Rohan Sharma,45,Male,AB-,9204639811
14943,Sahil Sharma,57,Female,A-,9783559733
14944,Rohan Mehta,34,Male,A+,9894354827
14945,Karan Patel,21,Female,AB-,9854026686
14946,Divya Verma,27,Male,B+,9174330103
14947,Rohan Sharma,49,Female,O+,9631271018
14948,Neha Sharma,36,Male,O-,9687641308
14949,Anjali Gupta,32,Male,O+,9981180483
14950,Sneha Patel,18,Female,B-,9166950999
14951,Anjali Mehta,53,Male,O+,9902832932
14952,Sahil Singh,36,Male,O+,9921118838
14953,Karan Kapoor,36,Female,O+,9171148595
14954,Sneha Reddy,36,Female,B-,9664048016
14955,Aditya Patel,47,Female,O+,9425183292
14956,Pooja Kapoor,32,Male,B+,9436527861
14957,Rohan Reddy,41,Female,A+,9692417709
14958,Rahul Sharma,47,Male,O-,9525123269
14959,Anjali Singh,36,Male,AB+,9771397680
14960,Aman Verma,21,Male,AB-,9118254171
14961,Kavya Mehta,30,Female,B-,9865424295
14962,Neha Mehta,18,Male,A+,9563564982
14963,Kavya Singh,30,Male,O-,9667899246
14964,Sneha Gupta,44,Female,O-,9505120634
14965,Kavya Verma,37,Male,O+,9429950022
14966,Kavya Reddy,30,Male,B+,9708672932
14967,Rohan Patel,41,Female,O+,9809331923
14968,Priya Singh,35,Male,B+,9430968376
14969,Riya Sharma,28,Female,O+,9923756222
14970,Aman Patel,45,Female,A+,9186681241
14971,Kavya Gupta,53,Male,A+,9223783808
14972,Neha Sharma,29,Female,B-,9311052862
14973,Anjali Sharma,45,Female,A-,9430172625
14974,Riya Reddy,58,Male,B-,9920585438
14975,Aman Singh,50,Female,A-,9837407817
14976,Neha Singh,25,Female,O-,9887521004
14977,Arjun Singh,40,Male,AB+,9343052401
14978,Riya Kapoor,29,Male,B+,9176206908
14979,Kavya Sharma,60,Female,A+,9574716895
14980,Arjun Reddy,53,Male,AB+,9618503823
14981,Rohan Verma,28,Female,AB+,9237184733
14982,Aditya Reddy,21,Female,B-,9253935413
14983,Riya Patel,44,Female,A+,9218002352
14984,Riya Patel,24,Male,AB+,9602554446
14985,Sahil Singh,26,Male,A-,9379319531
14986,Aditya Verma,24,Female,B+,9539198406
14987,Sahil Mehta,30,Male,A+,9521323725
14988,Aditya Reddy,32,Female,AB+,9375747962
14989,Kavya Mehta,40,Female,B+,9452133661
14990,Rohan Singh,47,Female,A-,9703931014
14991,Arjun Mehta,22,Female,O-,9622620208
14992,Priya Sharma,22,Female,AB+,9484011283
14993,Riya Gupta,58,Male,B-,9496641542
14994,Sahil Reddy,45,Male,A-,9471270596
14995,Riya Gupta,21,Female,O-,9327344925
14996,Pooja Singh,28,Male,AB-,9303163857
14997,Sahil Verma,60,Male,O-,9925353952
14998,Neha Verma,34,Male,A+,9765677145
14999,Priya Singh,21,Female,A-,9694305908
15000,Karan Patel,56,Male,B+,9368702213
15001,Aditya Verma,60,Male,O-,9330625533
15002,Kavya Singh,34,Male,A+,9946877950
15003,Vikram Gupta,33,Male,AB+,9106444875
15004,Arjun Sharma,35,Male,A-,9367788591
15005,Priya Verma,59,Male,B-,9607583555
15006,Aditya Singh,35,Male,O-,9373384580
15007,Anjali Singh,60,Female,AB-,9371430569
15008,Arjun Verma,21,Male,A+,9235582972
15009,Aman Verma,32,Male,AB+,9143658230
15010,Aditya Verma,34,Male,O+,9822776059
15011,Sahil Kapoor,29,Female,AB-,9708510199
15012,Karan Gupta,50,Female,AB-,9491604164
15013,Neha Mehta,60,Female,O-,9679233839
15014,Aditya Patel,33,Male,B-,9660129300
15015,Riya Patel,37,Male,O-,9811431635
15016,Rohan Singh,27,Female,AB+,9196229641
15017,Aditya Mehta,31,Female,O-,9600898872
15018,Divya Kapoor,44,Male,A-,9907060737
15019,Rahul Singh,49,Male,AB-,9691621810
15020,Aman Sharma,46,Male,B+,9415005292
15021,Kavya Mehta,44,Female,A+,9850983725
15022,Kavya Reddy,20,Male,A-,9382068630
15023,Kavya Gupta,41,Female,A+,9186092033
15024,Rohan Singh,31,Female,O-,9920775032
15025,Neha Verma,52,Female,AB-,9815008768
15026,Aditya Mehta,36,Male,A-,9581245254
15027,Priya Patel,49,Male,O+,9620896482
15028,Riya Sharma,43,Female,O-,9717286901
15029,Vikram Patel,33,Male,B+,9445633612
15030,Neha Sharma,19,Female,AB+,9337012974
15031,Aman Patel,59,Female,A+,9389298400
15032,Priya Gupta,54,Male,B+,9276386601
15033,Rohan Sharma,60,Female,O+,9866393276
15034,Riya Sharma,43,Female,A+,9504032295
15035,Rohan Patel,28,Female,O+,9537098471
15036,Karan Sharma,18,Male,B-,9211545108
15037,Karan Reddy,41,Female,A+,9595123384
15038,Aditya Patel,46,Female,AB-,9679697233
15039,Neha Verma,31,Male,B+,9731729012
15040,Kavya Mehta,39,Male,O+,9384144275
15041,Karan Patel,25,Male,B-,9732453796
15042,Divya Mehta,35,Male,AB+,9161267349
15043,Arjun Gupta,60,Male,O+,9986986875
15044,Anjali Mehta,41,Male,A-,9913564868
15045,Kavya Patel,56,Female,O-,9825372983
15046,Vikram Reddy,32,Female,A+,9490796830
15047,Sneha Verma,18,Male,AB-,9327471371
15048,Divya Kapoor,57,Female,B+,9447098527
15049,Priya Sharma,19,Female,B-,9191722783
15050,Priya Sharma,54,Female,B-,9312066264
15051,Aman Patel,42,Female,B-,9585987233
15052,Karan Mehta,21,Male,A+,9324961138
15053,Priya Sharma,43,Male,AB-,9637698148
15054,Kavya Kapoor,18,Male,B+,9986314845
15055,Pooja Gupta,25,Male,B-,9399802009
15056,Anjali Singh,29,Female,O-,9190025502
15057,Divya Mehta,25,Female,A-,9462284735
15058,Anjali Mehta,36,Female,O-,9880166783
15059,Aman Verma,57,Female,A+,9235416727
15060,Sneha Kapoor,51,Female,O+,9964123502
15061,Aman Verma,52,Male,AB+,9875979193
15062,Kavya Mehta,27,Female,A-,9254919350
15063,Rahul Gupta,28,Female,A+,9661268677
15064,Anjali Reddy,36,Female,A-,9756112041
15065,Sneha Patel,37,Female,B-,9321607898
15066,Kavya Kapoor,19,Male,A+,9734253297
15067,Priya Patel,29,Male,B-,9753630590
15068,Priya Gupta,24,Male,AB+,9156662323
15069,Sahil Kapoor,31,Male,AB+,9600776307
15070,Sahil Reddy,30,Male,A+,9873991522
15071,Sneha Patel,36,Female,A-,9762303720
15072,Aman Mehta,53,Female,B-,9141745036
15073,Riya Reddy,34,Female,B-,9183322270
15074,Pooja Mehta,27,Male,O+,9237728011
15075,Sneha Sharma,30,Female,A-,9869410515
15076,Sahil Mehta,35,Male,AB+,9372168579
15077,Sneha Singh,45,Male,B+,9792081664
15078,Riya Singh,32,Female,O+,9320054367
15079,Rohan Mehta,54,Female,B+,9565427527
15080,Karan Mehta,58,Male,AB-,9952171245
15081,Vikram Singh,47,Female,AB+,9665392885
15082,Priya Reddy,45,Female,O+,9923110497
15083,Priya Patel,38,Female,AB-,9862198071
15084,Anjali Mehta,35,Female,AB-,9892583428
15085,Aman Reddy,45,Female,B+,9419393052
15086,Neha Singh,48,Male,AB+,9670484017
15087,Kavya Patel,22,Male,A+,9806201582
15088,Arjun Gupta,52,Male,O-,9144629452
15089,Riya Sharma,53,Female,A-,9327549833
15090,Aman Reddy,27,Female,A+,9263336760
15091,Rahul Singh,21,Female,AB+,9515590889
15092,Rahul Singh,51,Male,O+,9655677978
15093,Divya Reddy,52,Female,A+,9878214716
15094,Aman Mehta,51,Male,AB+,9362293962
15095,Karan Verma,59,Female,O+,9604379789
15096,Arjun Sharma,37,Female,O+,9389747040
15097,Karan Sharma,49,Female,B+,9150353048
15098,Aditya Sharma,29,Male,O-,9892260433
15099,Neha Sharma,55,Female,B-,9614764906
15100,Aditya Gupta,46,Female,B-,9127366482
15101,Pooja Mehta,22,Male,AB-,9675502419
15102,Karan Reddy,53,Female,O+,9143735101
15103,Priya Mehta,37,Male,AB-,9176535099
15104,Riya Sharma,40,Female,A+,9627934585
15105,Kavya Gupta,32,Female,A+,9890245881
15106,Sneha Verma,36,Male,AB-,9147742522
15107,Anjali Patel,40,Male,O-,9714447857
15108,Priya Mehta,57,Female,B-,9105143241
15109,Aditya Reddy,49,Male,A+,9671343446
15110,Sneha Kapoor,20,Female,O-,9465622825
15111,Rohan Verma,19,Male,B-,9205134992
15112,Riya Patel,27,Male,B-,9715704956
15113,Anjali Kapoor,52,Male,O+,9488311677
15114,Aman Gupta,26,Female,B-,9258259647
15115,Rohan Singh,58,Male,AB+,9109912735
15116,Riya Gupta,39,Male,B-,9686046291
15117,Pooja Mehta,28,Female,O-,9877875610
15118,Rohan Verma,56,Female,B-,9458026125
15119,Aditya Verma,52,Male,AB-,9320750160
15120,Neha Singh,30,Male,AB-,9231915016
15121,Anjali Verma,39,Female,O-,9681360825
15122,Kavya Sharma,51,Female,AB+,9935941310
15123,Sahil Reddy,34,Male,A+,9827080604
15124,Sahil Verma,35,Male,AB-,9925713407
15125,Sahil Kapoor,22,Male,B+,9353103999
15126,Anjali Verma,25,Male,AB-,9116482146
15127,Anjali Gupta,59,Female,A-,9782430914
15128,Sneha Gupta,23,Female,B-,9485487665
15129,Arjun Mehta,48,Female,A-,9402841440
15130,Divya Reddy,36,Female,B-,9469332885
15131,Divya Reddy,51,Female,O-,9514291489
15132,Kavya Verma,42,Male,AB+,9386518684
15133,Kavya Reddy,54,Female,B-,9314367207
15134,Aman Verma,54,Female,AB-,9581680865
15135,Divya Kapoor,21,Female,AB-,9314875962
15136,Aditya Sharma,49,Female,O-,9205390158
15137,Karan Verma,34,Male,O+,9709812758
15138,Vikram Patel,23,Male,B+,9829890043
15139,Aditya Kapoor,20,Female,AB-,9148576392
15140,Rohan Reddy,39,Female,A+,9938327343
15141,Aditya Gupta,25,Female,A-,9631698712
15142,Pooja Mehta,19,Male,A-,9837826287
15143,Arjun Mehta,57,Male,A-,9689976625
15144,Divya Reddy,22,Female,AB-,9976092359
15145,Aman Patel,35,Female,O-,9670585962
15146,Arjun Gupta,34,Male,O-,9912597054
15147,Sahil Singh,23,Male,O-,9380987482
15148,Divya Gupta,28,Male,AB+,9885908412
15149,Sneha Kapoor,54,Female,A-,9750617947
15150,Rahul Gupta,49,Female,A-,9648776969
15151,Riya Reddy,32,Male,AB-,9899624571
15152,Sahil Singh,42,Male,B-,9761614336
15153,Anjali Gupta,23,Female,A-,9359096840
15154,Pooja Sharma,23,Female,AB+,9751158025
15155,Aditya Verma,31,Female,AB+,9182969404
15156,Vikram Mehta,35,Male,AB-,9119400208
15157,Sneha Patel,35,Female,O-,9316673516
15158,Kavya Patel,38,Male,O-,9717560118
15159,Karan Mehta,26,Female,B+,9830534910
15160,Aditya Gupta,46,Male,AB+,9916393500
15161,Sahil Mehta,46,Male,O-,9341491888
15162,Aditya Reddy,58,Male,AB-,9961368327
15163,Aditya Reddy,29,Male,A+,9519890371
15164,Rahul Verma,57,Male,A+,9741332052
15165,Karan Singh,55,Female,B-,9976822984
15166,Divya Mehta,32,Male,AB-,9639879545
15167,Kavya Reddy,18,Male,B+,9171850992
15168,Vikram Gupta,34,Female,AB+,9210504160
15169,Riya Verma,60,Female,O+,9765514552
15170,Rohan Mehta,54,Female,B-,9913591657
15171,Rahul Reddy,35,Male,B-,9726828169
15172,Sneha Gupta,40,Female,B+,9256815183
15173,Kavya Gupta,31,Female,O-,9530224958
15174,Vikram Patel,24,Male,O-,9227987436
15175,Neha Patel,20,Male,B+,9173428709
15176,Riya Patel,27,Male,AB+,9177864905
15177,Sahil Mehta,43,Female,B-,9645314425
15178,Riya Sharma,38,Female,A-,9108815179
15179,Sahil Singh,25,Female,AB-,9549712464
15180,Anjali Patel,56,Male,B-,9339762787
15181,Neha Kapoor,22,Male,AB+,9549245587
15182,Kavya Patel,49,Female,B-,9973820123
15183,Aditya Sharma,18,Female,B-,9651109468
15184,Rohan Mehta,25,Female,O+,9738108623
15185,Sneha Kapoor,26,Male,A-,9280999407
15186,Pooja Mehta,35,Male,B+,9726476706
15187,Rahul Kapoor,27,Female,B-,9551876051
15188,Sneha Gupta,35,Male,A+,9469682654
15189,Aman Mehta,50,Female,B+,9581422604
15190,Kavya Kapoor,36,Male,AB+,9850861542
15191,Riya Patel,40,Male,AB+,9566416769
15192,Neha Singh,51,Male,B-,9280981646
15193,Riya Patel,52,Male,O+,9520365524
15194,Karan Verma,40,Male,O-,9205272598
15195,Aditya Reddy,44,Female,AB+,9564535967
15196,Sahil Singh,20,Male,AB-,9540744966
15197,Sahil Sharma,54,Female,AB+,9510874500
15198,Kavya Mehta,40,Male,A+,9374309781
15199,Kavya Patel,27,Female,B+,9492093264
15200,Aditya Reddy,44,Male,O+,9793021892
15201,Vikram Patel,53,Male,B+,9684323505
15202,Aman Sharma,50,Female,A-,9623992238
15203,Sahil Singh,25,Female,O+,9983785194
15204,Arjun Patel,53,Male,B+,9284083996
15205,Riya Kapoor,35,Female,A-,9394302991
15206,Sneha Verma,60,Male,O+,9360190019
15207,Aman Reddy,46,Female,B+,9983251091
15208,Sahil Sharma,24,Male,AB-,9951274982
15209,Kavya Gupta,25,Female,A+,9879498990
15210,Kavya Sharma,22,Female,AB-,9109024989
15211,Riya Mehta,53,Male,AB+,9523933145
15212,Arjun Reddy,39,Female,AB-,9292292488
15213,Sahil Patel,45,Female,AB+,9847594102
15214,Aman Mehta,40,Female,A+,9944601423
15215,Aman Sharma,47,Female,AB-,9782888724
15216,Aman Reddy,35,Male,A-,9913465978
15217,Rahul Gupta,20,Male,AB-,9528998137
15218,Karan Gupta,34,Female,B-,9261368519
15219,Anjali Verma,49,Female,A-,9465929410
15220,Aman Patel,44,Male,O-,9998437154
15221,Divya Patel,30,Male,B-,9539358740
15222,Rohan Kapoor,60,Female,B+,9214224529
15223,Kavya Patel,34,Male,B-,9749453338
15224,Neha Singh,47,Male,O-,9847770781
15225,Divya Verma,36,Male,A-,9373185169
15226,Arjun Gupta,46,Male,O+,9667205424
15227,Sahil Mehta,40,Male,A+,9677053401
15228,Sahil Singh,20,Female,O+,9565502179
15229,Rohan Singh,22,Female,A+,9112293813
15230,Priya Verma,52,Female,O-,9854991409
15231,Divya Reddy,53,Female,B+,9167663291
15232,Rahul Verma,58,Female,B-,9912623003
15233,Sahil Sharma,28,Male,O+,9234413352
15234,Riya Patel,21,Female,AB+,9104011896
15235,Kavya Mehta,46,Male,O+,9225418880
15236,Divya Verma,42,Female,B+,9150699913
15237,Pooja Kapoor,58,Female,A-,9958006575
15238,Arjun Verma,36,Male,A+,9678619997
15239,Anjali Patel,38,Male,AB-,9578616974
15240,Divya Patel,56,Male,O-,9690621035
15241,Anjali Kapoor,54,Female,AB+,9871389379
15242,Priya Gupta,51,Female,B-,9392736750
15243,Rahul Mehta,47,Male,O-,9761403341
15244,Arjun Reddy,39,Male,AB+,9532013874
15245,Karan Gupta,30,Male,AB-,9292644159
15246,Rahul Singh,41,Male,B+,9733719101
15247,Vikram Mehta,23,Female,B+,9674580105
15248,Aman Patel,47,Male,O-,9765271523
15249,Sahil Patel,35,Male,A+,9997353929
15250,Priya Verma,26,Male,AB+,9391574085
15251,Anjali Sharma,60,Female,B-,9171549725
15252,Rahul Kapoor,49,Male,A+,9463594669
15253,Karan Reddy,49,Female,A-,9755265248
15254,Sahil Mehta,27,Female,AB+,9455634740
15255,Pooja Sharma,42,Female,O-,9602839715
15256,Riya Reddy,55,Male,B-,9258404403
15257,Neha Gupta,53,Male,AB-,9115806422
15258,Rahul Sharma,24,Female,O+,9740624370
15259,Karan Mehta,35,Male,B-,9287938755
15260,Priya Kapoor,45,Female,AB-,9439091400
15261,Anjali Kapoor,42,Female,B+,9536934712
15262,Rohan Kapoor,46,Female,A-,9440195688
15263,Aditya Kapoor,49,Male,B-,9667904752
15264,Kavya Singh,43,Male,A-,9600429561
15265,Anjali Kapoor,22,Female,AB+,9700821615
15266,Aditya Gupta,47,Female,B-,9251083453
15267,Arjun Reddy,29,Female,A+,9403937025
15268,Pooja Sharma,57,Male,AB-,9823755617
15269,Vikram Singh,51,Male,B-,9728745809
15270,Priya Sharma,27,Female,B-,9494281636
15271,Vikram Kapoor,37,Female,O-,9907375740
15272,Sneha Singh,34,Female,O-,9618642271
15273,Kavya Singh,45,Female,O+,9439568595
15274,Divya Sharma,40,Male,AB+,9354523780
15275,Rahul Gupta,36,Male,AB+,9261144403
15276,Rohan Patel,34,Female,B+,9269425257
15277,Priya Kapoor,57,Female,A+,9479073326
15278,Neha Kapoor,24,Female,AB+,9360672515
15279,Kavya Singh,58,Female,B+,9443945117
15280,Pooja Mehta,52,Male,AB-,9299468308
15281,Aman Gupta,56,Female,O-,9847404870
15282,Arjun Reddy,43,Female,O+,9126106856
15283,Anjali Gupta,36,Male,A-,9215092734
15284,Pooja Kapoor,29,Male,AB-,9887541240
15285,Rohan Sharma,32,Female,B+,9212905202
15286,Kavya Reddy,53,Female,AB+,9182711671
15287,Divya Sharma,41,Female,B+,9697808378
15288,Sahil Sharma,48,Female,AB-,9967194486
15289,Anjali Patel,47,Female,AB-,9406454525
15290,Vikram Singh,52,Male,B+,9432207843
15291,Kavya Singh,58,Male,A-,9601976221
15292,Anjali Reddy,41,Female,B+,9502579394
15293,Neha Gupta,29,Female,O+,9296336663
15294,Neha Reddy,36,Male,A-,9824104195
15295,Sneha Singh,24,Male,AB-,9225651386
15296,Sneha Patel,48,Male,O-,9380777373
15297,Kavya Patel,29,Male,A+,9288044093
15298,Sneha Mehta,35,Female,B+,9360097497
15299,Neha Gupta,46,Female,AB+,9986596937
15300,Karan Reddy,35,Male,B+,9788503950
15301,Kavya Sharma,42,Male,A+,9744847318
15302,Vikram Singh,46,Female,A-,9488814075
15303,Arjun Mehta,27,Male,A+,9377860160
15304,Divya Verma,34,Male,AB+,9534854521
15305,Riya Kapoor,48,Male,A+,9722468446
15306,Sahil Gupta,23,Male,AB+,9729871163
15307,Divya Patel,52,Male,A-,9232048731
15308,Sneha Singh,55,Male,O-,9983921699
15309,Rohan Singh,45,Female,A-,9176011798
15310,Aman Reddy,26,Male,AB+,9803356204
15311,Riya Patel,19,Male,A+,9709946953
15312,Rahul Verma,33,Male,O-,9213606720
15313,Kavya Verma,51,Male,B-,9546656881
15314,Karan Verma,32,Female,O-,9751360738
15315,Vikram Verma,54,Male,B-,9857412802
15316,Vikram Reddy,58,Male,O-,9186152783
15317,Arjun Patel,20,Female,O-,9223542060
15318,Rohan Verma,41,Male,B+,9134163112
15319,Sneha Sharma,48,Male,AB-,9482819916
15320,Karan Verma,19,Female,B+,9191261123
15321,Anjali Verma,44,Female,A+,9370397457
15322,Sahil Kapoor,44,Female,A+,9680211731
15323,Anjali Sharma,31,Male,A-,9691607709
15324,Riya Sharma,56,Male,A-,9534004440
15325,Sahil Patel,45,Female,A+,9698775512
15326,Divya Patel,27,Female,AB-,9460863137
15327,Arjun Kapoor,51,Male,A+,9761415116
15328,Priya Gupta,27,Female,O+,9438809703
15329,Divya Verma,33,Female,O-,9969525306
15330,Anjali Reddy,38,Female,AB-,9663178497
15331,Aman Gupta,32,Male,B+,9306903498
15332,Pooja Mehta,56,Male,O-,9392645346
15333,Sahil Patel,28,Male,O+,9956624858
15334,Kavya Mehta,40,Female,O-,9548408087
15335,Rahul Mehta,50,Female,A-,9586366177
15336,Sahil Kapoor,56,Male,B+,9748648248
15337,Sahil Gupta,20,Male,A-,9647102505
15338,Rohan Mehta,59,Male,O+,9389746460
15339,Arjun Patel,32,Male,O-,9785901660
15340,Sneha Reddy,56,Male,B-,9473268932
15341,Sneha Patel,19,Female,O+,9165175312
15342,Arjun Sharma,39,Female,A-,9421332488
15343,Aditya Verma,27,Male,AB-,9223225684
15344,Arjun Reddy,39,Male,A+,9727991147
15345,Sneha Mehta,52,Female,A+,9929855425
15346,Vikram Verma,21,Female,A-,9879268223
15347,Sneha Sharma,56,Female,B+,9730914366
15348,Karan Patel,28,Female,AB+,9970688459
15349,Priya Gupta,19,Male,B-,9572257840
15350,Karan Singh,42,Male,A+,9645633390
15351,Anjali Reddy,29,Male,AB-,9532043980
15352,Arjun Patel,44,Female,AB+,9825370291
15353,Riya Singh,21,Male,O+,9333384685
15354,Sahil Mehta,51,Male,A+,9112883081
15355,Rohan Verma,44,Female,AB+,9167136920
15356,Riya Mehta,59,Male,A-,9565477426
15357,Karan Kapoor,24,Female,B-,9899136949
15358,Neha Sharma,60,Female,B-,9769541081
15359,Kavya Reddy,46,Male,AB+,9979647104
15360,Anjali Mehta,59,Male,AB-,9287255638
15361,Priya Kapoor,19,Female,AB-,9552128440
15362,Pooja Mehta,56,Female,AB+,9979321182
15363,Sneha Gupta,38,Male,O-,9334474247
15364,Sahil Mehta,24,Female,AB-,9959315699
15365,Pooja Kapoor,36,Female,B+,9114343820
15366,Vikram Verma,33,Female,B+,9159126853
15367,Anjali Gupta,44,Male,B-,9637507509
15368,Neha Singh,50,Male,B+,9693109978
15369,Aditya Kapoor,38,Male,AB+,9232029803
15370,Sneha Reddy,33,Female,A-,9595269256
15371,Pooja Mehta,51,Female,AB-,9690996129
15372,Sahil Singh,53,Female,O-,9391135580
15373,Karan Kapoor,24,Male,O+,9400347384
15374,Aditya Patel,22,Male,AB-,9301681971
15375,Riya Sharma,49,Female,B-,9355076011
15376,Priya Sharma,47,Female,A+,9421291554
15377,Neha Kapoor,24,Female,O-,9106493030
15378,Rohan Patel,26,Male,AB-,9747928559
15379,Neha Kapoor,42,Male,A+,9223003379
15380,Sneha Patel,18,Female,AB+,9189567929
15381,Sahil Patel,50,Male,B-,9468912789
15382,Kavya Patel,33,Male,A-,9709845130
15383,Aditya Singh,25,Male,A-,9847896616
15384,Riya Sharma,50,Female,AB+,9486032930
15385,Neha Mehta,23,Female,O+,9330046252
15386,Arjun Gupta,47,Female,B+,9921840724
15387,Sahil Reddy,55,Female,A+,9333120462
15388,Arjun Mehta,50,Male,AB-,9334507917
15389,Karan Singh,38,Female,O-,9473088457
15390,Kavya Gupta,52,Female,O+,9745211412
15391,Aditya Sharma,37,Male,B+,9965634086
15392,Priya Singh,37,Female,AB-,9811923578
15393,Priya Singh,32,Female,A+,9859495203
15394,Vikram Gupta,19,Male,AB+,9795788289
15395,Sneha Reddy,54,Female,AB-,9732634493
15396,Vikram Patel,53,Female,O-,9928041087
15397,Sneha Gupta,54,Male,O+,9728820470
15398,Sahil Sharma,23,Female,AB-,9207874701
15399,Rahul Verma,58,Male,AB+,9822939854
15400,Vikram Mehta,58,Male,O+,9398725045
15401,Rahul Mehta,22,Female,AB-,9656313865
15402,Vikram Verma,57,Male,O-,9493473108
15403,Divya Singh,24,Female,O+,9262217545
15404,Priya Reddy,39,Male,O-,9999105708
15405,Kavya Patel,44,Female,A+,9155785562
15406,Aditya Singh,19,Male,B+,9856351362
15407,Vikram Mehta,52,Female,O-,9265549046
15408,Anjali Mehta,59,Female,A-,9251348633
15409,Sneha Mehta,48,Female,AB-,9154577099
15410,Pooja Patel,53,Male,AB+,9916843312
15411,Aditya Mehta,19,Female,B+,9847756631
15412,Sneha Patel,55,Male,A-,9589586880
15413,Kavya Patel,46,Female,O-,9189610073
15414,Kavya Mehta,56,Male,A+,9826614107
15415,Rahul Patel,25,Female,O-,9676010207
15416,Rohan Gupta,34,Female,A-,9811960734
15417,Kavya Sharma,32,Male,B-,9519325685
15418,Kavya Kapoor,33,Male,A-,9456992473
15419,Rohan Kapoor,20,Male,B-,9167506041
15420,Neha Gupta,53,Female,AB+,9293773648
15421,Vikram Reddy,35,Male,AB-,9255736390
15422,Pooja Verma,36,Male,AB+,9120474330
15423,Sneha Sharma,37,Male,O-,9427889593
15424,Rohan Sharma,25,Male,O-,9553904045
15425,Neha Reddy,58,Female,B+,9693615776
15426,Anjali Mehta,19,Female,B+,9391270062
15427,Aman Gupta,40,Male,A-,9373509933
15428,Karan Sharma,21,Female,A+,9537701143
15429,Karan Patel,59,Female,O-,9444288929
15430,Arjun Verma,50,Female,AB-,9960480823
15431,Sahil Verma,34,Male,B-,9928614203
15432,Arjun Gupta,59,Female,A+,9970408120
15433,Sahil Sharma,19,Female,B-,9297230573
15434,Divya Reddy,36,Female,O-,9173643042
15435,Anjali Verma,18,Female,B-,9495953042
15436,Aditya Reddy,33,Female,B-,9774842966
15437,Rohan Verma,29,Female,A+,9658563627
15438,Neha Gupta,40,Female,B-,9107698618
15439,Aditya Verma,24,Male,B+,9451911041
15440,Vikram Patel,39,Female,B-,9702815468
15441,Aditya Kapoor,30,Female,A-,9955426751
15442,Aditya Singh,18,Female,A+,9373506895
15443,Sahil Mehta,46,Female,O+,9521373363
15444,Sahil Singh,46,Male,B-,9168406175
15445,Vikram Gupta,21,Male,B-,9975195772
15446,Anjali Patel,40,Male,O-,9352988558
15447,Neha Reddy,52,Female,A+,9366371375
15448,Aditya Mehta,29,Male,B-,9475287784
15449,Divya Gupta,57,Male,A+,9651049746
15450,Sahil Reddy,38,Male,A-,9751542089
15451,Neha Kapoor,58,Female,AB+,9331267171
15452,Riya Mehta,54,Male,AB-,9336652860
15453,Anjali Reddy,44,Male,AB-,9569730536
15454,Divya Verma,35,Male,B-,9618241344
15455,Priya Gupta,50,Female,AB-,9208363506
15456,Karan Verma,32,Female,B-,9861204915
15457,Riya Patel,22,Male,B-,9486372048
15458,Rohan Mehta,49,Female,AB-,9126740739
15459,Anjali Reddy,40,Male,A+,9182662431
15460,Sneha Verma,52,Male,AB-,9131139595
15461,Divya Singh,52,Female,B-,9875091150
15462,Priya Singh,24,Male,O-,9718448421
15463,Aman Sharma,50,Female,O-,9731017201
15464,Priya Reddy,37,Female,O+,9361341076
15465,Rohan Reddy,58,Male,O-,9279661819
15466,Neha Sharma,20,Male,A+,9549948846
15467,Karan Kapoor,53,Female,A-,9560820149
15468,Priya Singh,27,Male,O-,9937850871
15469,Rohan Singh,23,Female,B+,9847321864
15470,Aditya Reddy,22,Male,AB-,9846377837
15471,Rahul Verma,60,Male,B+,9480250261
15472,Arjun Verma,27,Male,B-,9871530586
15473,Karan Sharma,50,Male,B-,9767640330
15474,Karan Kapoor,36,Female,B+,9285548687
15475,Riya Gupta,27,Female,A+,9973163461
15476,Priya Verma,48,Female,B+,9489019246
15477,Sneha Gupta,34,Female,B-,9689637760
15478,Karan Kapoor,31,Female,O-,9143057543
15479,Aditya Patel,28,Male,AB-,9953131485
15480,Riya Sharma,39,Male,AB+,9780929955
15481,Pooja Sharma,53,Female,O-,9989860525
15482,Aditya Verma,19,Male,B+,9577451498
15483,Arjun Reddy,53,Female,O-,9825563252
15484,Kavya Verma,25,Female,AB+,9764904228
15485,Priya Singh,37,Male,O+,9507284674
15486,Arjun Kapoor,59,Female,O-,9529564619
15487,Karan Sharma,46,Male,O-,9238813159
15488,Aditya Mehta,47,Male,A-,9952043608
15489,Anjali Verma,30,Male,B-,9367983591
15490,Sahil Sharma,46,Male,O-,9404218162
15491,Sahil Singh,28,Male,B+,9451438763
15492,Rohan Gupta,42,Male,O+,9805233463
15493,Karan Singh,42,Female,A-,9745168795
15494,Kavya Patel,54,Female,B-,9310723129
15495,Rahul Singh,36,Male,AB-,9917703217
15496,Rohan Gupta,55,Female,O-,9840564171
15497,Rohan Gupta,46,Male,O+,9633864089
15498,Divya Patel,54,Female,AB-,9785268312
15499,Riya Gupta,59,Male,A+,9737919748
15500,Priya Verma,38,Female,A+,9813511603
15501,Sahil Gupta,21,Male,B-,9809219378
15502,Divya Patel,28,Female,AB+,9828660750
15503,Priya Mehta,54,Female,AB-,9197204829
15504,Pooja Mehta,47,Male,B+,9702792833
15505,Sneha Patel,20,Female,O+,9149142733
15506,Arjun Singh,42,Female,A-,9547162327
15507,Aditya Reddy,53,Male,O-,9518798177
15508,Aditya Kapoor,25,Female,A-,9267406297
15509,Rohan Reddy,55,Female,O+,9143353456
15510,Arjun Sharma,27,Male,O+,9461163088
15511,Aman Mehta,46,Male,A+,9292983661
15512,Rohan Verma,57,Male,AB-,9330510058
15513,Sahil Singh,45,Male,O+,9366566480
15514,Arjun Patel,56,Male,AB-,9792190711
15515,Karan Patel,27,Female,O+,9832873863
15516,Sahil Mehta,36,Male,A+,9217072298
15517,Sneha Reddy,21,Female,B+,9822906345
15518,Sneha Verma,48,Female,AB+,9358145136
15519,Riya Sharma,43,Female,AB-,9249599970
15520,Rohan Reddy,41,Male,O-,9947392066
15521,Aman Singh,57,Female,B+,9480297350
15522,Kavya Verma,33,Male,B+,9945607472
15523,Kavya Mehta,34,Male,A+,9124491870
15524,Divya Patel,47,Female,A-,9657562864
15525,Vikram Gupta,60,Male,A+,9451435215
15526,Priya Gupta,35,Male,A-,9605933391
15527,Karan Sharma,19,Female,AB-,9827471143
15528,Kavya Reddy,54,Female,A+,9399913156
15529,Sneha Mehta,48,Female,B+,9769890022
15530,Rohan Kapoor,27,Male,AB-,9868873302
15531,Riya Patel,58,Male,B+,9905368802
15532,Kavya Kapoor,21,Female,B-,9890232237
15533,Neha Reddy,20,Female,B-,9402970218
15534,Arjun Patel,48,Female,AB+,9798186892
15535,Rahul Sharma,60,Female,AB+,9734600999
15536,Neha Reddy,40,Female,B+,9628162677
15537,Priya Mehta,41,Male,A-,9508579276
15538,Sahil Mehta,21,Female,B-,9419843130
15539,Rohan Gupta,43,Female,A-,9779842372
15540,Sneha Reddy,47,Male,O+,9262533645
15541,Neha Sharma,29,Female,B+,9714954984
15542,Aman Kapoor,29,Male,B+,9869073846
15543,Kavya Singh,40,Female,AB-,9277680054
15544,Anjali Patel,29,Female,AB-,9417265400
15545,Neha Verma,38,Male,B+,9711191003
15546,Karan Sharma,25,Male,O-,9743921935
15547,Sahil Mehta,24,Female,AB-,9989847439
15548,Priya Mehta,34,Male,B+,9976068129
15549,Pooja Patel,45,Male,A+,9217246438
15550,Arjun Patel,33,Male,AB+,9327478278
15551,Aditya Reddy,19,Male,AB+,9332053597
15552,Anjali Sharma,37,Female,O+,9317900260
15553,Arjun Mehta,26,Male,A-,9156028311
15554,Sneha Reddy,56,Male,A+,9592973990
15555,Kavya Sharma,40,Female,O-,9880531995
15556,Vikram Reddy,41,Male,B-,9330843472
15557,Arjun Patel,41,Female,B-,9263624666
15558,Pooja Patel,19,Male,B+,9886187708
15559,Rohan Mehta,29,Female,B-,9343081433
15560,Rohan Reddy,29,Female,O-,9153016686
15561,Kavya Singh,47,Male,O-,9359108985
15562,Karan Kapoor,52,Male,O+,9751873965
15563,Kavya Mehta,21,Female,B-,9843495080
15564,Riya Mehta,40,Male,B-,9452110780
15565,Pooja Patel,43,Female,B+,9249230485
15566,Aditya Mehta,32,Male,O+,9702566509
15567,Riya Sharma,22,Male,B+,9464497821
15568,Sahil Singh,57,Female,O+,9904439694
15569,Aditya Verma,36,Female,O+,9961260545
15570,Karan Singh,47,Female,AB-,9391074105
15571,Rahul Mehta,41,Female,A+,9962153870
15572,Karan Gupta,53,Female,A+,9323218625
15573,Sahil Singh,53,Female,AB-,9403160603
15574,Pooja Gupta,48,Male,O-,9106850075
15575,Anjali Patel,51,Male,B+,9810781026
15576,Aman Verma,52,Female,AB-,9334982981
15577,Karan Singh,56,Female,O-,9838160196
15578,Sahil Mehta,19,Female,B+,9442772453
15579,Sahil Kapoor,21,Male,A+,9138056615
15580,Priya Kapoor,53,Male,A+,9927370034
15581,Aditya Gupta,25,Male,O+,9800439125
15582,Priya Sharma,57,Male,A+,9339926404
15583,Aman Singh,51,Male,O-,9816898661
15584,Vikram Gupta,59,Female,O-,9373642369
15585,Sahil Singh,29,Female,O+,9405488953
15586,Priya Reddy,42,Male,O+,9339417849
15587,Aman Patel,32,Female,AB-,9871589567
15588,Divya Mehta,37,Female,A+,9546567528
15589,Priya Reddy,50,Male,AB-,9433726556
15590,Rahul Reddy,25,Male,O-,9708356978
15591,Rahul Verma,23,Female,O+,9254300449
15592,Aman Mehta,50,Female,B-,9189344337
15593,Rohan Mehta,20,Male,B-,9217321506
15594,Divya Singh,31,Female,B+,9830658157
15595,Arjun Kapoor,29,Male,A+,9694882471
15596,Aman Singh,49,Female,B-,9738086542
15597,Aman Sharma,18,Male,A-,9240265480
15598,Rohan Sharma,24,Female,B+,9338753785
15599,Rohan Gupta,43,Female,O-,9777551707
15600,Divya Singh,43,Male,B+,9533281011
15601,Aman Mehta,34,Male,B-,9682740454
15602,Anjali Verma,55,Female,A+,9850689243
15603,Rohan Verma,56,Male,O-,9985180924
15604,Rahul Sharma,25,Female,A-,9716827287
15605,Aditya Reddy,18,Female,AB+,9904099966
15606,Rohan Kapoor,58,Female,O-,9774093820
15607,Vikram Verma,47,Male,A-,9404571640
15608,Divya Mehta,18,Female,O+,9788366257
15609,Pooja Singh,19,Male,AB+,9388248676
15610,Riya Gupta,27,Female,AB-,9254860087
15611,Arjun Singh,54,Male,AB+,9246709988
15612,Priya Sharma,36,Male,AB-,9671317216
15613,Pooja Kapoor,29,Male,B-,9874605917
15614,Kavya Sharma,48,Female,B+,9267181179
15615,Rohan Gupta,24,Female,O+,9337822774
15616,Karan Singh,47,Female,AB-,9955142816
15617,Neha Sharma,38,Male,O+,9756547573
15618,Kavya Mehta,51,Female,B+,9474201005
15619,Kavya Singh,35,Male,AB-,9706765530
15620,Kavya Patel,34,Male,A+,9910605593
15621,Sahil Patel,34,Female,A+,9222095284
15622,Riya Gupta,35,Male,B-,9873956995
15623,Aditya Sharma,23,Female,A-,9462610918
15624,Divya Verma,20,Female,A-,9573464344
15625,Kavya Mehta,48,Female,A-,9796699228
15626,Vikram Kapoor,41,Female,O+,9510886233
15627,Anjali Patel,57,Male,A-,9190100338
15628,Riya Kapoor,28,Male,O+,9928760786
15629,Anjali Mehta,30,Female,O+,9328190658
15630,Priya Reddy,21,Male,B-,9938035017
15631,Sneha Patel,53,Female,A+,9363028691
15632,Neha Singh,32,Male,O+,9428340687
15633,Arjun Patel,34,Male,O-,9139368324
15634,Arjun Sharma,31,Male,O-,9951054172
15635,Sneha Gupta,44,Male,A-,9139033981
15636,Divya Reddy,28,Female,AB+,9167688215
15637,Aman Verma,33,Female,B-,9111978413
15638,Karan Verma,21,Female,A-,9943815731
15639,Sahil Verma,37,Female,A-,9110125486
15640,Aditya Patel,34,Male,B+,9531542370
15641,Karan Verma,36,Male,AB+,9336062754
15642,Vikram Singh,34,Female,B+,9716356532
15643,Arjun Verma,41,Male,AB+,9202542339
15644,Priya Singh,37,Male,O-,9436374115
15645,Anjali Patel,19,Female,O+,9495980634
15646,Rohan Kapoor,25,Male,B-,9786600258
15647,Rahul Patel,33,Female,O-,9416174247
15648,Priya Verma,56,Female,B+,9272526890
15649,Divya Singh,29,Male,AB+,9943106462
15650,Karan Kapoor,18,Male,O+,9286542835
15651,Neha Sharma,38,Male,AB+,9571994862
15652,Vikram Reddy,49,Male,AB+,9895871124
15653,Divya Reddy,30,Female,O+,9821447694
15654,Arjun Singh,45,Female,AB+,9764699940
15655,Neha Mehta,23,Male,O-,9574864171
15656,Neha Reddy,45,Female,A+,9560125352
15657,Anjali Mehta,56,Male,O-,9627776298
15658,Anjali Gupta,38,Female,AB+,9383908018
15659,Sneha Mehta,31,Female,O+,9135529176
15660,Riya Sharma,37,Female,A+,9783840782
15661,Aman Mehta,23,Female,O+,9686541490
15662,Aditya Kapoor,43,Female,AB-,9510183041
15663,Aman Verma,33,Female,B-,9864645073
15664,Aman Patel,48,Female,AB-,9848841435
15665,Rahul Kapoor,60,Male,A+,9757174454
15666,Karan Singh,57,Female,O+,9305764886
15667,Aditya Reddy,32,Female,O-,9669132874
15668,Rahul Verma,55,Female,B+,9285081682
15669,Karan Verma,34,Male,A-,9206737931
15670,Anjali Mehta,33,Female,A+,9393967450
15671,Rohan Gupta,58,Female,A+,9591662550
15672,Vikram Verma,22,Male,B+,9442923631
15673,Sahil Patel,46,Female,O+,9205224379
15674,Sneha Kapoor,57,Male,AB-,9357631958
15675,Priya Verma,55,Male,O+,9332771594
15676,Karan Mehta,55,Female,AB-,9611314731
15677,Kavya Reddy,49,Female,A-,9280624578
15678,Aditya Patel,41,Male,AB+,9843589220
15679,Anjali Gupta,24,Male,A+,9961096874
15680,Riya Sharma,19,Female,A-,9649669273
15681,Aman Kapoor,44,Female,B+,9137770049
15682,Riya Patel,45,Male,A+,9281652637
15683,Priya Verma,23,Female,AB+,9493035788
15684,Sneha Kapoor,34,Female,O-,9337746904
15685,Aman Sharma,24,Male,A+,9535928079
15686,Priya Sharma,32,Male,AB-,9727383632
15687,Kavya Kapoor,48,Male,O+,9223496451
15688,Anjali Gupta,38,Female,AB-,9224778522
15689,Divya Verma,32,Male,B+,9793423277
15690,Vikram Patel,45,Female,A+,9746443575
15691,Rahul Verma,48,Male,AB-,9548272958
15692,Pooja Sharma,35,Female,O-,9966787727
15693,Rohan Reddy,25,Female,B-,9479642287
15694,Aman Singh,18,Male,AB+,9866508882
15695,Divya Verma,38,Male,AB+,9337752561
15696,Sahil Mehta,45,Female,O+,9765064476
15697,Kavya Gupta,34,Male,A+,9261104288
15698,Aditya Verma,22,Female,AB+,9456972503
15699,Riya Verma,58,Female,A-,9276694145
15700,Rahul Mehta,34,Male,AB+,9645466351
15701,Karan Gupta,40,Female,O+,9911622399
15702,Vikram Mehta,37,Male,B-,9929302699
15703,Anjali Verma,36,Female,A+,9612792419
15704,Kavya Verma,53,Female,B-,9747446678
15705,Neha Mehta,59,Female,AB+,9574993368
15706,Riya Mehta,18,Female,AB+,9636786506
15707,Sahil Reddy,34,Female,AB-,9329553843
15708,Aman Kapoor,50,Female,O-,9658707316
15709,Vikram Kapoor,45,Male,O-,9904092261
15710,Rohan Singh,58,Male,O-,9810863341
15711,Pooja Sharma,38,Male,O-,9857104365
15712,Aman Reddy,41,Female,B-,9267937317
15713,Vikram Kapoor,45,Male,B-,9659126290
15714,Sneha Gupta,29,Male,A+,9240661917
15715,Kavya Kapoor,36,Male,B-,9538531931
15716,Anjali Reddy,58,Female,O+,9266441970
15717,Divya Singh,26,Female,B+,9741510630
15718,Neha Singh,45,Female,AB+,9856150118
15719,Arjun Singh,21,Male,O+,9827421405
15720,Rahul Reddy,40,Male,O-,9915949498
15721,Karan Verma,24,Female,A+,9185084328
15722,Vikram Gupta,18,Male,O+,9158440220
15723,Karan Patel,18,Male,O-,9655580057
15724,Sneha Mehta,46,Female,AB+,9726880093
15725,Kavya Mehta,40,Male,A-,9959429913
15726,Priya Kapoor,24,Male,O+,9343109045
15727,Divya Mehta,29,Male,A-,9344563583
15728,Neha Mehta,51,Female,B+,9531721060
15729,Divya Sharma,32,Female,A+,9401731449
15730,Rohan Patel,59,Male,A-,9151200657
15731,Aman Patel,60,Male,B+,9768795988
15732,Priya Sharma,21,Female,B+,9211925535
15733,Karan Patel,20,Female,B-,9304253614
15734,Sneha Singh,41,Female,O+,9177250411
15735,Rohan Singh,20,Female,B+,9220835418
15736,Rohan Sharma,27,Female,B-,9799669419
15737,Pooja Singh,24,Female,A-,9805796100
15738,Sneha Mehta,26,Male,B-,9232240453
15739,Anjali Gupta,23,Female,B+,9593583319
15740,Kavya Patel,40,Female,B+,9485987372
15741,Neha Singh,35,Male,AB-,9978214661
15742,Rohan Reddy,40,Female,O-,9517556223
15743,Anjali Gupta,55,Male,O+,9807124842
15744,Sneha Reddy,38,Male,B+,9654995677
15745,Sneha Reddy,20,Male,O+,9241993394
15746,Rohan Mehta,52,Female,B+,9260511660
15747,Pooja Kapoor,23,Female,O-,9240518588
15748,Priya Kapoor,53,Female,O+,9194457697
15749,Rahul Patel,28,Male,O+,9958855277
15750,Arjun Verma,56,Female,A+,9940809910
15751,Riya Patel,57,Female,B+,9450623892
15752,Priya Mehta,39,Female,B+,9722041019
15753,Aditya Mehta,41,Male,B-,9695576148
15754,Rohan Verma,55,Female,B+,9222062900
15755,Divya Verma,39,Female,B-,9695930283
15756,Pooja Patel,54,Female,AB-,9987791567
15757,Neha Gupta,47,Male,O+,9465973000
15758,Anjali Reddy,45,Female,A-,9231654159
15759,Karan Verma,48,Female,A-,9999638136
15760,Arjun Patel,41,Male,AB+,9859930369
15761,Kavya Sharma,53,Female,B+,9661761254
15762,Pooja Sharma,25,Male,O+,9603077527
15763,Sahil Gupta,58,Female,AB+,9135739387
15764,Divya Patel,20,Male,A+,9868845315
15765,Aman Reddy,31,Male,AB-,9901063987
15766,Sahil Mehta,53,Male,A+,9475983411
15767,Neha Sharma,40,Male,AB+,9550705779
15768,Arjun Sharma,30,Male,AB+,9862841452
15769,Rahul Kapoor,19,Female,A+,9854120741
15770,Neha Sharma,53,Female,AB+,9901136720
15771,Anjali Kapoor,58,Female,B-,9915027433
15772,Kavya Patel,33,Female,O+,9153729556
15773,Kavya Kapoor,60,Female,AB-,9413720547
15774,Kavya Reddy,34,Female,A+,9187872700
15775,Aman Sharma,53,Female,B-,9771040725
15776,Priya Verma,45,Male,AB-,9656398797
15777,Kavya Mehta,24,Female,O+,9121570599
15778,Priya Singh,38,Male,A+,9113514674
15779,Divya Gupta,20,Male,AB+,9428818636
15780,Aman Mehta,34,Male,A-,9584503685
15781,Aditya Gupta,57,Female,A+,9305616639
15782,Arjun Gupta,34,Male,AB-,9340013708
15783,Priya Mehta,51,Male,B-,9448949003
15784,Divya Verma,29,Female,AB+,9107560751
15785,Rahul Kapoor,53,Female,AB-,9445524243
15786,Sahil Sharma,43,Female,O+,9926876564
15787,Rohan Kapoor,19,Female,O-,9308436823
15788,Kavya Mehta,20,Male,O-,9686452329
15789,Aditya Kapoor,42,Male,A-,9690327172
15790,Pooja Verma,46,Female,AB+,9457365527
15791,Arjun Gupta,53,Male,A-,9550291442
15792,Sahil Verma,48,Male,AB+,9852701252
15793,Kavya Gupta,29,Male,A-,9722805660
15794,Aman Gupta,30,Male,AB-,9101144015
15795,Aditya Sharma,48,Male,A+,9265114076
15796,Priya Singh,59,Male,AB+,9752011789
15797,Anjali Mehta,20,Female,A-,9689309259
15798,Neha Sharma,32,Female,B+,9689113748
15799,Sneha Kapoor,28,Female,A+,9981169071
15800,Priya Reddy,50,Male,O+,9813913479
15801,Karan Verma,31,Male,AB+,9942164832
15802,Sneha Verma,21,Male,B+,9237646267
15803,Divya Verma,44,Male,B-,9850910424
15804,Rohan Mehta,31,Female,B+,9787798656
15805,Sneha Sharma,41,Female,A-,9176040768
15806,Neha Verma,20,Male,A+,9902939398
15807,Divya Singh,46,Male,B-,9371046758
15808,Rohan Verma,52,Female,AB+,9925214801
15809,Priya Gupta,31,Male,O-,9480950134
15810,Divya Gupta,20,Female,AB-,9818212085
15811,Arjun Patel,37,Female,AB-,9254414441
15812,Sahil Gupta,43,Female,A+,9609925435
15813,Anjali Kapoor,23,Male,AB+,9215804803
15814,Sneha Patel,27,Female,AB+,9677718302
15815,Neha Mehta,49,Female,B-,9848118467
15816,Aman Gupta,53,Male,A-,9154401996
15817,Anjali Patel,26,Male,B-,9323245904
15818,Vikram Patel,23,Male,A+,9109620807
15819,Vikram Sharma,46,Male,O+,9415041464
15820,Aditya Kapoor,56,Female,A+,9125103578
15821,Sneha Reddy,34,Female,A-,9886599459
15822,Aman Reddy,20,Female,B+,9873052995
15823,Neha Sharma,52,Female,O+,9535511035
15824,Riya Singh,57,Male,O-,9649110066
15825,Karan Mehta,50,Female,B-,9395817635
15826,Aman Reddy,45,Female,A+,9363541000
15827,Riya Sharma,28,Male,B-,9122878610
15828,Divya Verma,27,Female,A-,9746022643
15829,Aman Sharma,55,Female,AB+,9955913876
15830,Riya Mehta,26,Female,B+,9557911854
15831,Divya Singh,30,Female,B-,9162283718
15832,Pooja Sharma,42,Male,B+,9473361023
15833,Vikram Mehta,42,Male,A+,9310316683
15834,Divya Singh,36,Male,AB-,9404265489
15835,Pooja Reddy,57,Female,A-,9849416617
15836,Arjun Sharma,25,Male,A+,9663485609
15837,Karan Singh,24,Male,O+,9309621416
15838,Rohan Reddy,18,Male,O+,9930227862
15839,Divya Gupta,25,Male,AB+,9242030370
15840,Karan Patel,31,Male,O-,9811790524
15841,Riya Verma,54,Female,B-,9111394839
15842,Sneha Gupta,59,Male,A-,9202528050
15843,Priya Gupta,60,Male,AB-,9542194618
15844,Kavya Mehta,50,Female,AB+,9837216022
15845,Priya Reddy,57,Female,A-,9676818607
15846,Pooja Sharma,35,Male,A-,9975878022
15847,Aman Patel,31,Male,AB+,9810662157
15848,Priya Verma,45,Female,B-,9331998703
15849,Sneha Kapoor,56,Male,B-,9927446308
15850,Kavya Kapoor,43,Male,O-,9718631833
15851,Pooja Gupta,58,Male,AB-,9682333324
15852,Kavya Gupta,59,Female,AB-,9315963314
15853,Sneha Singh,35,Male,O-,9885086822
15854,Divya Verma,44,Female,O-,9785928167
15855,Rahul Gupta,45,Female,A+,9972786929
15856,Priya Verma,35,Male,B-,9367867359
15857,Kavya Sharma,54,Female,O-,9278056056
15858,Sahil Singh,25,Female,B-,9172558438
15859,Arjun Reddy,47,Female,A-,9478140425
15860,Aditya Gupta,32,Female,AB-,9789313844
15861,Sneha Kapoor,42,Female,B-,9773760126
15862,Rahul Verma,42,Female,AB-,9250646026
15863,Riya Reddy,59,Male,AB+,9780992905
15864,Neha Gupta,59,Female,A+,9187464566
15865,Pooja Singh,46,Male,A+,9942857974
15866,Anjali Patel,57,Female,AB+,9818246056
15867,Vikram Sharma,42,Female,A+,9391860601
15868,Riya Kapoor,58,Female,AB+,9322826427
15869,Priya Gupta,35,Female,O+,9800298741
15870,Kavya Reddy,59,Male,AB-,9573633279
15871,Sahil Sharma,44,Female,A+,9118928898
15872,Aman Singh,53,Male,A+,9253971843
15873,Pooja Kapoor,22,Male,A+,9116329836
15874,Anjali Mehta,31,Male,AB+,9335968721
15875,Sahil Mehta,57,Female,O-,9113132572
15876,Anjali Verma,59,Female,B+,9813954729
15877,Neha Patel,39,Female,O+,9596226072
15878,Kavya Verma,35,Female,AB-,9582362102
15879,Rohan Gupta,39,Male,B+,9442893914
15880,Priya Kapoor,31,Female,O-,9656245099
15881,Priya Singh,28,Female,B-,9489614886
15882,Divya Reddy,55,Female,O-,9257148741
15883,Aditya Singh,39,Female,B-,9966823150
15884,Kavya Gupta,44,Female,B-,9722633785
15885,Rohan Sharma,41,Female,B-,9622218665
15886,Anjali Mehta,51,Male,B-,9816218312
15887,Aman Kapoor,37,Male,B-,9848855368
15888,Sahil Sharma,48,Male,O-,9594978720
15889,Aman Mehta,21,Female,A-,9360051393
15890,Priya Patel,35,Male,A+,9910946459
15891,Anjali Sharma,49,Male,B-,9681041915
15892,Neha Sharma,36,Male,AB+,9629177808
15893,Pooja Verma,45,Male,B+,9343719654
15894,Riya Mehta,28,Male,B-,9344834583
15895,Arjun Reddy,38,Female,AB+,9414955727
15896,Divya Singh,40,Female,AB+,9284143503
15897,Neha Reddy,46,Male,A+,9379739227
15898,Neha Kapoor,35,Female,B-,9117151922
15899,Neha Mehta,24,Female,O+,9676873489
15900,Kavya Reddy,25,Male,AB-,9130663576
15901,Neha Mehta,35,Male,B-,9555163956
15902,Sahil Mehta,51,Male,B-,9283853398
15903,Rahul Patel,45,Female,B+,9206556013
15904,Riya Singh,38,Female,AB-,9579904981
15905,Rohan Kapoor,37,Female,AB-,9701172099
15906,Divya Sharma,53,Male,O+,9168664273
15907,Priya Mehta,60,Female,B+,9546107087
15908,Arjun Singh,50,Female,O+,9860488131
15909,Aman Mehta,55,Female,AB-,9422836807
15910,Neha Verma,19,Female,A-,9102633359
15911,Riya Mehta,44,Female,O-,9363340323
15912,Vikram Singh,42,Female,AB-,9819060410
15913,Karan Kapoor,24,Male,B-,9229619904
15914,Divya Singh,33,Male,A+,9461605230
15915,Aman Patel,44,Female,B+,9977640320
15916,Karan Gupta,32,Male,AB+,9504928237
15917,Arjun Reddy,36,Male,O+,9979313503
15918,Pooja Gupta,43,Male,AB+,9899668663
15919,Neha Verma,36,Male,AB-,9567010242
15920,Rahul Kapoor,34,Male,A-,9394257354
15921,Riya Singh,40,Female,AB+,9209361354
15922,Vikram Sharma,56,Female,B-,9108454505
15923,Arjun Mehta,31,Female,A+,9797714914
15924,Rahul Gupta,44,Female,AB+,9664661055
15925,Rahul Gupta,24,Male,AB+,9441950822
15926,Aditya Mehta,31,Male,AB-,9822749115
15927,Aman Mehta,59,Female,AB+,9930641641
15928,Riya Sharma,44,Female,A+,9681590184
15929,Karan Verma,29,Female,O+,9991515208
15930,Divya Kapoor,18,Female,B+,9895663550
15931,Anjali Mehta,39,Male,A-,9437418630
15932,Aditya Singh,32,Male,AB+,9699127317
15933,Aditya Mehta,41,Female,O+,9643557840
15934,Rohan Verma,30,Male,O-,9460345864
15935,Sahil Sharma,53,Female,O+,9746831398
15936,Vikram Sharma,27,Male,AB-,9243452076
15937,Aditya Patel,60,Female,AB-,9509197731
15938,Riya Reddy,31,Male,AB-,9777498509
15939,Rohan Verma,47,Male,AB+,9956615446
15940,Aditya Patel,53,Female,A-,9741930759
15941,Rahul Reddy,43,Female,A-,9502014528
15942,Vikram Sharma,31,Female,A+,9645106787
15943,Neha Patel,51,Female,A+,9566303762
15944,Kavya Gupta,37,Female,AB+,9191984121
15945,Sneha Kapoor,41,Male,O-,9837162861
15946,Rahul Sharma,59,Female,B+,9192905245
15947,Vikram Sharma,27,Female,AB-,9132641378
15948,Aditya Patel,29,Female,O+,9390535813
15949,Rohan Verma,40,Female,A-,9783805003
15950,Aditya Reddy,35,Male,AB+,9155520159
15951,Vikram Verma,57,Female,A+,9282233983
15952,Rahul Patel,32,Female,B-,9281423885
15953,Neha Gupta,50,Female,B-,9384557682
15954,Aman Mehta,28,Male,B-,9698999138
15955,Riya Reddy,58,Female,A-,9789733978
15956,Aditya Verma,34,Female,AB-,9899986578
15957,Rahul Reddy,22,Male,AB+,9458048272
15958,Sahil Gupta,41,Female,A-,9561802731
15959,Anjali Gupta,50,Female,B-,9951759337
15960,Karan Kapoor,20,Female,AB+,9706561652
15961,Aman Mehta,51,Male,B+,9329218646
15962,Sahil Reddy,32,Female,O+,9128990331
15963,Rahul Patel,18,Female,A+,9411718811
15964,Priya Kapoor,31,Male,O+,9310677849
15965,Sneha Singh,60,Female,A-,9936534883
15966,Aditya Reddy,45,Male,O+,9609323295
15967,Sneha Kapoor,54,Male,AB-,9815900095
15968,Priya Mehta,34,Male,AB+,9145941091
15969,Sneha Singh,50,Male,O-,9306404509
15970,Aman Mehta,36,Male,A-,9240692642
15971,Divya Reddy,21,Female,AB-,9597021758
15972,Priya Singh,34,Female,AB-,9260966177
15973,Priya Verma,36,Male,AB-,9417506267
15974,Priya Mehta,18,Male,AB-,9199355818
15975,Riya Mehta,18,Female,B+,9926618878
15976,Neha Mehta,34,Male,A+,9586594615
15977,Neha Reddy,27,Male,B+,9295215679
15978,Divya Reddy,34,Female,AB-,9788208027
15979,Rohan Gupta,51,Male,O+,9312754457
15980,Rohan Gupta,43,Male,B+,9355839634
15981,Pooja Sharma,49,Male,B+,9541401861
15982,Aditya Singh,60,Female,A+,9216249033
15983,Rahul Kapoor,51,Male,AB+,9438927892
15984,Rahul Reddy,18,Female,B+,9413609890
15985,Aman Gupta,54,Female,AB+,9200992977
15986,Aman Verma,43,Female,O+,9368580296
15987,Rohan Reddy,60,Male,O+,9871417566
15988,Pooja Patel,38,Female,AB-,9764464645
15989,Priya Sharma,19,Male,O-,9360100839
15990,Divya Sharma,23,Female,B-,9397227106
15991,Pooja Singh,55,Male,AB+,9702946691
15992,Kavya Kapoor,55,Male,A+,9724583753
15993,Rahul Reddy,25,Female,A+,9235712525
15994,Rahul Singh,50,Male,A-,9340178576
15995,Neha Singh,48,Male,A-,9193670711
15996,Sneha Gupta,50,Male,O-,9624317153
15997,Karan Mehta,45,Female,A-,9770840476
15998,Pooja Mehta,39,Female,B+,9185642272
15999,Rahul Patel,56,Male,AB+,9975352200
16000,Rahul Kapoor,52,Female,AB-,9323487320
16001,Divya Patel,42,Male,B-,9829244142
16002,Arjun Gupta,42,Female,AB-,9961238413
16003,Neha Kapoor,46,Female,B+,9891452822
16004,Arjun Reddy,36,Male,AB-,9580888030
16005,Karan Reddy,42,Male,B+,9700630318
16006,Divya Mehta,27,Male,A+,9236324232
16007,Rohan Patel,22,Female,A-,9257198409
16008,Vikram Mehta,53,Male,AB+,9815272060
16009,Rohan Mehta,25,Male,A+,9488670910
16010,Divya Patel,49,Male,O-,9674467908
16011,Rohan Verma,51,Female,O+,9596405620
16012,Sahil Kapoor,29,Male,O+,9280166346
16013,Karan Singh,44,Female,O-,9935947177
16014,Anjali Gupta,34,Female,B-,9645984346
16015,Priya Reddy,46,Female,AB+,9294173497
16016,Aman Gupta,56,Female,A+,9429913943
16017,Aditya Gupta,47,Female,AB+,9430794783
16018,Sneha Mehta,21,Female,AB-,9658715292
16019,Arjun Kapoor,27,Female,O+,9239430718
16020,Divya Singh,53,Female,A-,9560427721
16021,Pooja Gupta,34,Male,AB+,9742192469
16022,Kavya Patel,33,Female,O-,9655173467
16023,Pooja Patel,22,Male,B-,9669040026
16024,Rohan Mehta,23,Male,A+,9903550413
16025,Vikram Sharma,33,Male,B-,9899821239
16026,Kavya Singh,19,Female,O+,9268102489
16027,Divya Sharma,40,Female,AB-,9781396413
16028,Vikram Verma,34,Female,AB+,9992400234
16029,Vikram Verma,21,Female,O+,9399632989
16030,Sahil Reddy,45,Male,O-,9992567671
16031,Sahil Sharma,47,Female,A+,9565269480
16032,Pooja Singh,21,Male,B+,9893381412
16033,Anjali Mehta,52,Female,B+,9771585613
16034,Neha Gupta,25,Female,AB+,9704919058
16035,Aditya Gupta,48,Female,A+,9222827356
16036,Priya Reddy,44,Male,B-,9120943594
16037,Aman Sharma,32,Female,O+,9828422654
16038,Aman Gupta,56,Female,B+,9303980526
16039,Sahil Verma,25,Female,O-,9621360270
16040,Rohan Reddy,47,Male,A-,9338832648
16041,Karan Gupta,24,Male,O-,9952152184
16042,Priya Singh,47,Male,B-,9457222163
16043,Divya Reddy,33,Male,O+,9689466024
16044,Kavya Verma,48,Female,AB-,9917550607
16045,Priya Singh,35,Male,A-,9251851490
16046,Priya Patel,60,Male,AB-,9464416908
16047,Anjali Kapoor,47,Female,AB-,9294330095
16048,Vikram Kapoor,40,Female,AB-,9472760263
16049,Aman Mehta,25,Male,O-,9790878499
16050,Arjun Gupta,24,Male,O+,9620329403
16051,Divya Mehta,51,Male,AB+,9508390140
16052,Vikram Mehta,52,Male,AB+,9221219270
16053,Aman Verma,25,Female,A+,9295835086
16054,Sneha Singh,39,Female,AB+,9283195918
16055,Divya Sharma,35,Male,AB+,9416239085
16056,Vikram Patel,60,Male,A+,9392811238
16057,Kavya Verma,36,Male,A+,9375270633
16058,Pooja Reddy,55,Female,B-,9419071271
16059,Neha Kapoor,21,Female,O+,9553647790
16060,Sahil Sharma,35,Female,B+,9907941879
16061,Neha Patel,54,Male,B-,9671552566
16062,Anjali Singh,20,Female,A+,9296110703
16063,Divya Sharma,27,Female,O+,9903672620
16064,Karan Sharma,39,Male,O-,9986287310
16065,Pooja Sharma,55,Female,O+,9642029836
16066,Sneha Patel,35,Female,AB+,9812566464
16067,Riya Patel,38,Male,AB-,9272486854
16068,Neha Mehta,48,Male,B+,9231194829
16069,Vikram Singh,60,Female,A+,9226316431
16070,Sneha Singh,59,Male,AB-,9577846143
16071,Neha Reddy,60,Male,B-,9300534542
16072,Divya Sharma,22,Male,B+,9610191368
16073,Sneha Patel,48,Male,B-,9228774043
16074,Rahul Mehta,30,Female,A-,9926010358
16075,Priya Singh,19,Female,B-,9805625416
16076,Karan Reddy,49,Female,B-,9182385333
16077,Vikram Gupta,46,Female,B-,9337374389
16078,Aman Mehta,58,Male,A-,9534402933
16079,Riya Gupta,34,Female,AB-,9890893497
16080,Rahul Reddy,34,Male,A-,9612296801
16081,Kavya Kapoor,19,Male,AB-,9606394316
16082,Divya Singh,39,Female,AB-,9834537070
16083,Karan Patel,36,Male,O+,9979487707
16084,Sahil Verma,18,Female,B-,9108799731
16085,Rahul Reddy,28,Male,B+,9915384603
16086,Sahil Mehta,33,Female,B-,9682580807
16087,Anjali Verma,51,Male,A+,9683702758
16088,Riya Gupta,26,Female,B-,9287247839
16089,Aman Gupta,47,Female,B-,9879255196
16090,Arjun Gupta,54,Female,A-,9104602933
16091,Kavya Mehta,51,Female,O-,9814518200
16092,Riya Reddy,54,Female,A+,9701464761
16093,Aditya Sharma,57,Male,AB-,9388204871
16094,Anjali Reddy,45,Male,B-,9189510283
16095,Aditya Reddy,20,Female,O-,9239628565
16096,Neha Sharma,60,Female,O+,9723509895
16097,Pooja Verma,45,Male,A+,9367690824
16098,Sneha Mehta,55,Male,AB-,9600346016
16099,Karan Verma,37,Male,A+,9481764311
16100,Sahil Verma,42,Male,AB-,9128549989
16101,Divya Sharma,33,Female,A-,9919795511
16102,Karan Patel,20,Female,A+,9120277169
16103,Sneha Singh,28,Male,B-,9255852575
16104,Rahul Sharma,43,Female,AB-,9513514369
16105,Pooja Singh,35,Female,A-,9740840519
16106,Aditya Singh,33,Female,A-,9916939315
16107,Vikram Gupta,28,Male,B+,9569697870
16108,Sneha Patel,46,Male,B-,9526027449
16109,Riya Sharma,41,Male,AB+,9373298782
16110,Arjun Singh,36,Male,AB-,9413902686
16111,Aman Kapoor,28,Male,O-,9198127328
16112,Divya Kapoor,41,Female,AB-,9347145649
16113,Pooja Mehta,59,Female,B+,9687248842
16114,Sneha Mehta,58,Male,AB-,9433846695
16115,Kavya Kapoor,42,Female,B-,9194851256
16116,Neha Kapoor,43,Female,AB-,9254365099
16117,Rahul Kapoor,38,Female,O+,9194171404
16118,Vikram Sharma,40,Female,B-,9717683707
16119,Sneha Kapoor,26,Male,AB-,9774531430
16120,Arjun Patel,19,Male,A-,9163366264
16121,Sneha Gupta,39,Female,O-,9699280786
16122,Neha Patel,35,Male,O-,9379453755
16123,Vikram Patel,26,Male,B+,9957011253
16124,Riya Verma,53,Male,O+,9311984264
16125,Divya Verma,27,Female,O-,9106177748
16126,Rohan Kapoor,24,Male,AB+,9964644788
16127,Priya Singh,58,Male,AB+,9159726167
16128,Sneha Gupta,55,Male,A-,9383534792
16129,Aman Reddy,24,Male,A-,9746390067
16130,Aman Mehta,36,Male,B+,9263828423
16131,Rohan Sharma,44,Female,B+,9111612341
16132,Pooja Patel,30,Male,B+,9121646250
16133,Priya Singh,45,Male,O-,9159832999
16134,Rahul Reddy,30,Female,AB-,9305974139
16135,Sneha Sharma,25,Male,O+,9193360636
16136,Aman Mehta,20,Female,AB+,9576843179
16137,Divya Patel,43,Male,B-,9755514833
16138,Riya Verma,23,Male,O-,9524770786
16139,Rohan Reddy,32,Female,A+,9775033281
16140,Neha Patel,24,Female,A+,9530873092
16141,Sneha Gupta,52,Female,AB+,9566732886
16142,Priya Sharma,50,Male,A-,9642162052
16143,Pooja Patel,38,Male,B-,9239424115
16144,Rahul Reddy,49,Male,O+,9957930138
16145,Aman Mehta,45,Female,B-,9828721621
16146,Neha Verma,59,Female,O-,9534166670
16147,Rohan Patel,32,Male,AB+,9686621816
16148,Riya Kapoor,19,Male,AB+,9434552914
16149,Arjun Sharma,28,Female,B+,9703477527
16150,Rohan Kapoor,25,Male,AB-,9392470326
16151,Neha Verma,32,Male,B-,9500941194
16152,Anjali Gupta,46,Male,B-,9717979283
16153,Rahul Sharma,42,Female,B+,9650483017
16154,Anjali Mehta,28,Female,AB+,9295680295
16155,Karan Kapoor,60,Male,A-,9323002068
16156,Anjali Reddy,48,Male,AB+,9249645893
16157,Sneha Reddy,45,Female,O-,9154912444
16158,Rohan Mehta,28,Male,A+,9452330768
16159,Kavya Gupta,60,Female,AB-,9426253962
16160,Anjali Reddy,32,Male,AB-,9655492639
16161,Sneha Patel,32,Male,A-,9784528657
16162,Neha Singh,51,Male,AB-,9714518632
16163,Arjun Reddy,29,Female,O-,9959461699
16164,Riya Reddy,54,Female,O+,9138111702
16165,Arjun Verma,26,Female,O-,9247879401
16166,Vikram Gupta,45,Male,AB-,9696753800
16167,Divya Kapoor,27,Male,A+,9767787174
16168,Arjun Mehta,42,Female,O-,9517076435
16169,Rahul Verma,49,Male,B+,9553584396
16170,Divya Verma,40,Female,A-,9730773793
16171,Sahil Mehta,46,Male,O+,9793603713
16172,Sneha Reddy,27,Male,A-,9368437069
16173,Rahul Gupta,25,Female,B-,9475547595
16174,Pooja Verma,30,Female,A+,9294402012
16175,Riya Singh,21,Male,AB-,9690406231
16176,Anjali Sharma,57,Male,AB-,9583792620
16177,Pooja Gupta,22,Male,AB+,9543805007
16178,Arjun Sharma,48,Male,AB+,9175727721
16179,Divya Sharma,34,Female,AB-,9588830792
16180,Vikram Verma,24,Female,B+,9640769149
16181,Rohan Kapoor,39,Female,A+,9308104725
16182,Divya Patel,40,Male,A-,9550622952
16183,Riya Sharma,49,Female,AB+,9906527363
16184,Rahul Kapoor,25,Male,AB-,9866720922
16185,Arjun Kapoor,29,Female,A+,9644433161
16186,Divya Sharma,34,Male,O+,9966353538
16187,Aditya Singh,45,Female,O+,9701913575
16188,Vikram Gupta,55,Female,O-,9388983239
16189,Sahil Singh,38,Female,O+,9708191400
16190,Vikram Gupta,44,Female,AB+,9163130713
16191,Karan Mehta,27,Female,B+,9178036061
16192,Anjali Sharma,36,Male,O-,9690922467
16193,Pooja Gupta,33,Female,A-,9150481849
16194,Rahul Kapoor,23,Female,B-,9757779653
16195,Aman Singh,21,Female,A+,9887800572
16196,Priya Patel,30,Female,O+,9337307048
16197,Aman Mehta,50,Female,A+,9428414540
16198,Divya Verma,33,Male,B-,9227619602
16199,Aman Kapoor,47,Male,B-,9405971958
16200,Neha Sharma,50,Female,B-,9612612736
16201,Priya Verma,27,Female,O-,9880248972
16202,Kavya Sharma,46,Female,A-,9396950353
16203,Vikram Singh,34,Male,A-,9431215275
16204,Rohan Patel,52,Male,A+,9387561269
16205,Rahul Verma,52,Male,O-,9757902287
16206,Rohan Sharma,18,Female,AB-,9765308703
16207,Divya Kapoor,34,Female,AB-,9841955279
16208,Kavya Patel,38,Male,B-,9754240716
16209,Riya Sharma,24,Male,A-,9341985005
16210,Vikram Verma,19,Female,A+,9893567033
16211,Neha Singh,36,Female,B+,9588173827
16212,Sneha Singh,58,Male,AB+,9531966158
16213,Neha Gupta,51,Female,A-,9701055319
16214,Pooja Patel,57,Male,AB-,9105410258
16215,Vikram Mehta,18,Male,AB+,9567944944
16216,Aditya Reddy,31,Female,B-,9835829563
16217,Riya Patel,42,Female,O+,9168293851
16218,Aditya Sharma,29,Female,O-,9927847760
16219,Divya Verma,23,Male,O-,9838690608
16220,Anjali Gupta,51,Male,AB-,9214244278
16221,Riya Reddy,18,Male,A+,9355638154
16222,Kavya Reddy,39,Female,AB-,9670085584
16223,Riya Mehta,55,Female,O+,9615018341
16224,Karan Mehta,29,Male,A-,9722118110
16225,Aditya Patel,43,Female,AB-,9980038620
16226,Priya Reddy,23,Male,O+,9400881145
16227,Arjun Reddy,21,Male,B+,9398468512
16228,Sahil Singh,55,Female,O+,9507168450
16229,Rahul Mehta,22,Male,AB+,9589668155
16230,Vikram Mehta,60,Female,O-,9964733704
16231,Kavya Patel,25,Male,O+,9820620696
16232,Arjun Kapoor,22,Female,A+,9843562186
16233,Rahul Sharma,29,Male,O-,9987510004
16234,Riya Reddy,31,Female,A+,9495740556
16235,Aman Reddy,22,Male,O+,9404586591
16236,Rohan Mehta,56,Male,B-,9556066760
16237,Rohan Reddy,55,Female,A-,9234693805
16238,Pooja Patel,22,Male,AB-,9472178057
16239,Arjun Patel,56,Male,B-,9172417428
16240,Neha Verma,35,Male,AB-,9511065589
16241,Priya Kapoor,41,Male,B-,9606956938
16242,Karan Kapoor,57,Male,AB+,9798440721
16243,Riya Sharma,45,Male,AB-,9790791517
16244,Rahul Gupta,51,Female,AB+,9650805219
16245,Kavya Gupta,31,Male,A+,9892554129
16246,Anjali Sharma,50,Male,AB+,9161653626
16247,Riya Gupta,43,Female,AB+,9294503412
16248,Pooja Gupta,22,Male,O-,9446934652
16249,Pooja Kapoor,20,Female,A-,9423395627
16250,Aman Reddy,37,Female,A-,9915000496
16251,Divya Reddy,35,Female,AB+,9593769644
16252,Anjali Kapoor,45,Female,A-,9874854381
16253,Aman Reddy,43,Male,AB+,9630148455
16254,Rahul Singh,46,Female,A+,9373511316
16255,Sahil Verma,24,Male,O-,9280786266
16256,Rohan Reddy,53,Male,AB+,9813801088
16257,Riya Mehta,33,Female,O+,9187451236
16258,Anjali Gupta,20,Male,A-,9877355984
16259,Vikram Sharma,27,Female,AB-,9867084156
16260,Pooja Verma,47,Male,O+,9611857118
16261,Neha Verma,60,Male,B-,9404811362
16262,Priya Gupta,47,Male,A-,9177906259
16263,Kavya Gupta,41,Female,A+,9255588858
16264,Riya Reddy,22,Female,A+,9530587310
16265,Vikram Sharma,57,Female,B-,9167881440
16266,Aditya Patel,34,Female,A-,9944194919
16267,Rohan Kapoor,56,Female,O+,9925501727
16268,Priya Sharma,54,Female,O-,9676212430
16269,Rahul Sharma,19,Male,B-,9316263131
16270,Priya Kapoor,36,Male,B+,9483884444
16271,Kavya Mehta,23,Male,A-,9728206870
16272,Karan Sharma,25,Female,AB+,9922440672
16273,Rahul Mehta,43,Male,O+,9706106104
16274,Arjun Mehta,24,Female,AB-,9320301509
16275,Divya Gupta,46,Female,A+,9720107726
16276,Rohan Verma,39,Female,B-,9212407727
16277,Divya Sharma,33,Female,O-,9927582005
16278,Priya Patel,29,Male,AB+,9687492101
16279,Aman Kapoor,54,Male,AB+,9299658743
16280,Kavya Singh,49,Female,AB-,9174429998
16281,Sneha Gupta,20,Male,A+,9957206248
16282,Rahul Reddy,59,Male,A-,9777705139
16283,Rahul Patel,60,Female,B+,9505599884
16284,Kavya Reddy,43,Female,O+,9357312280
16285,Sneha Reddy,22,Male,AB+,9828705338
16286,Neha Gupta,22,Male,O+,9240940714
16287,Sahil Gupta,49,Male,B-,9192019409
16288,Kavya Patel,23,Male,AB+,9573006407
16289,Vikram Gupta,34,Male,AB-,9957976293
16290,Riya Gupta,26,Female,AB+,9312813753
16291,Riya Gupta,40,Male,AB-,9221819921
16292,Aman Patel,23,Male,A-,9412425934
16293,Aditya Verma,54,Female,AB-,9219951960
16294,Rohan Patel,29,Male,A+,9885629029
16295,Sneha Kapoor,49,Male,B-,9258967334
16296,Aditya Patel,45,Female,B+,9872104784
16297,Riya Mehta,33,Male,O-,9914134903
16298,Pooja Gupta,20,Male,AB+,9861887142
16299,Karan Patel,45,Female,AB+,9884618293
16300,Riya Sharma,28,Female,O+,9529748404
16301,Riya Gupta,58,Female,A+,9235254802
16302,Aditya Verma,50,Male,B-,9234083409
16303,Rohan Reddy,59,Male,B-,9975784488
16304,Arjun Singh,34,Male,O-,9791166323
16305,Sneha Patel,32,Male,AB+,9253856477
16306,Aman Mehta,22,Female,O+,9266305988
16307,Sneha Singh,37,Male,A+,9781055287
16308,Sneha Mehta,56,Female,B-,9262412620
16309,Rohan Kapoor,25,Male,AB-,9735353450
16310,Rohan Singh,54,Female,AB+,9483641641
16311,Kavya Singh,55,Female,B+,9901219233
16312,Sahil Sharma,49,Male,O-,9979442952
16313,Rahul Reddy,39,Male,AB-,9169669399
16314,Karan Singh,57,Male,O-,9221945907
16315,Neha Reddy,58,Male,AB+,9748543711
16316,Arjun Kapoor,34,Male,AB-,9699965527
16317,Pooja Reddy,60,Male,O-,9600149578
16318,Aman Kapoor,37,Female,A+,9720581576
16319,Pooja Kapoor,27,Female,A-,9523787923
16320,Kavya Patel,34,Female,O+,9674224432
16321,Kavya Gupta,43,Female,O-,9517786477
16322,Aditya Patel,33,Female,A+,9478594574
16323,Vikram Sharma,57,Female,A+,9893654352
16324,Pooja Patel,51,Male,B+,9263231549
16325,Aditya Kapoor,41,Female,O-,9190954803
16326,Pooja Mehta,39,Male,AB+,9811405680
16327,Priya Verma,21,Female,O+,9801309740
16328,Rohan Reddy,54,Male,O-,9863789517
16329,Karan Reddy,19,Female,AB+,9988388847
16330,Karan Gupta,50,Female,AB-,9837641252
16331,Priya Sharma,29,Male,O+,9452232853
16332,Arjun Sharma,36,Male,A-,9832537776
16333,Sahil Mehta,23,Female,B-,9474745301
16334,Kavya Reddy,27,Male,O-,9765251793
16335,Sneha Kapoor,44,Male,O+,9425451758
16336,Divya Patel,56,Male,B+,9176495456
16337,Sahil Verma,25,Female,B+,9397469423
16338,Vikram Reddy,59,Male,A+,9676276424
16339,Neha Sharma,21,Male,O-,9994727178
16340,Divya Kapoor,48,Male,AB+,9279539182
16341,Anjali Reddy,43,Male,B-,9569135998
16342,Anjali Patel,35,Female,B-,9346524566
16343,Vikram Reddy,52,Female,AB-,9619801759
16344,Rohan Singh,42,Male,O-,9591843588
16345,Aditya Kapoor,19,Male,B-,9559781383
16346,Priya Kapoor,24,Female,AB-,9140015736
16347,Aditya Mehta,40,Male,O-,9335917838
16348,Vikram Sharma,38,Male,O-,9803497352
16349,Aditya Verma,50,Female,AB+,9738364796
16350,Rohan Gupta,29,Male,A-,9654026162
16351,Sneha Verma,35,Male,O-,9360074730
16352,Sneha Verma,55,Female,AB-,9908603210
16353,Riya Kapoor,29,Female,O-,9117517143
16354,Rohan Mehta,45,Female,O+,9327741266
16355,Pooja Patel,39,Female,O-,9958438498
16356,Vikram Singh,31,Male,B-,9130634246
16357,Arjun Kapoor,53,Female,A+,9485813509
16358,Riya Reddy,45,Male,B+,9971660226
16359,Rahul Kapoor,34,Female,B+,9961715621
16360,Neha Kapoor,23,Male,B+,9571043573
16361,Priya Verma,18,Female,A+,9314664938
16362,Pooja Gupta,37,Male,O-,9608647377
16363,Karan Kapoor,36,Female,B-,9520588622
16364,Arjun Kapoor,38,Female,AB-,9858873365
16365,Sahil Kapoor,52,Male,AB-,9147128235
16366,Arjun Singh,43,Female,O+,9949600191
16367,Kavya Patel,41,Female,AB+,9125367575
16368,Sahil Sharma,18,Male,A+,9363810776
16369,Aditya Gupta,20,Male,O+,9788708640
16370,Neha Singh,35,Female,AB+,9159420338
16371,Neha Verma,32,Male,B-,9608615414
16372,Aditya Gupta,28,Female,B+,9946425377
16373,Arjun Verma,46,Female,AB-,9560103133
16374,Arjun Patel,39,Female,O+,9730991581
16375,Sneha Verma,42,Female,AB+,9980648238
16376,Riya Kapoor,42,Male,AB-,9276336522
16377,Rohan Mehta,46,Female,A-,9570942487
16378,Priya Patel,59,Female,AB-,9262110618
16379,Kavya Patel,23,Female,AB-,9476024805
16380,Neha Singh,29,Female,O+,9372489667
16381,Anjali Patel,39,Male,O-,9562742939
16382,Vikram Verma,26,Female,O+,9356949647
16383,Arjun Sharma,38,Female,A+,9455552721
16384,Sneha Reddy,50,Female,O+,9537517781
16385,Karan Gupta,29,Male,B-,9249985892
16386,Karan Kapoor,40,Female,B+,9622749344
16387,Karan Reddy,24,Male,A-,9988239322
16388,Vikram Sharma,43,Male,AB+,9479166429
16389,Pooja Sharma,56,Female,B+,9319802103
16390,Priya Verma,23,Male,AB+,9683838482
16391,Anjali Patel,41,Female,A-,9245973734
16392,Aditya Kapoor,35,Male,AB-,9612329695
16393,Sneha Gupta,43,Male,O-,9129819391
16394,Rahul Kapoor,39,Female,B+,9772224625
16395,Aditya Sharma,56,Female,AB-,9131087578
16396,Aman Reddy,48,Male,O-,9356678079
16397,Karan Kapoor,28,Female,O+,9767916438
16398,Sneha Verma,33,Male,B-,9344324457
16399,Sahil Mehta,53,Female,B+,9582989020
16400,Neha Verma,44,Female,AB-,9343705875
16401,Kavya Patel,45,Male,AB+,9216531657
16402,Priya Verma,33,Female,AB+,9298354741
16403,Divya Reddy,23,Male,O+,9633246566
16404,Sneha Gupta,26,Male,O-,9493710552
16405,Pooja Verma,21,Female,O-,9436441529
16406,Riya Mehta,37,Male,A+,9539413327
16407,Sahil Reddy,24,Male,AB+,9759753912
16408,Rohan Gupta,32,Female,AB-,9383798590
16409,Vikram Sharma,54,Female,A+,9972081213
16410,Kavya Gupta,50,Male,B-,9716847310
16411,Anjali Gupta,28,Male,A-,9245632083
16412,Karan Patel,28,Male,B+,9643644296
16413,Aditya Reddy,49,Female,B-,9233121317
16414,Neha Mehta,18,Male,AB-,9612229330
16415,Rohan Kapoor,33,Female,A+,9981436619
16416,Karan Reddy,51,Female,B-,9102127811
16417,Rohan Sharma,47,Female,A-,9738140616
16418,Sahil Patel,33,Male,B-,9520348180
16419,Kavya Gupta,44,Male,B-,9820366823
16420,Priya Kapoor,36,Female,O+,9596999876
16421,Priya Singh,60,Female,O+,9697126796
16422,Rahul Patel,48,Male,AB+,9700525760
16423,Priya Kapoor,52,Male,AB+,9986142301
16424,Karan Sharma,45,Male,B-,9440056729
16425,Divya Patel,35,Male,O+,9583347590
16426,Anjali Sharma,57,Male,O+,9704896492
16427,Sneha Singh,28,Male,A+,9328680248
16428,Vikram Patel,31,Male,A+,9190562974
16429,Neha Sharma,53,Female,B+,9746866592
16430,Sahil Patel,28,Male,B-,9225879417
16431,Sneha Singh,29,Female,O+,9574510229
16432,Divya Mehta,40,Male,B-,9607093184
16433,Karan Mehta,48,Female,B-,9421147675
16434,Sahil Kapoor,57,Male,AB-,9935542339
16435,Vikram Verma,34,Female,AB-,9751371938
16436,Karan Patel,55,Male,B-,9825640655
16437,Priya Kapoor,53,Female,AB+,9588329994
16438,Vikram Mehta,57,Female,B+,9226570972
16439,Sneha Gupta,39,Female,O+,9228943564
16440,Kavya Sharma,36,Male,A+,9267107125
16441,Priya Verma,51,Male,A-,9373110918
16442,Priya Reddy,59,Male,AB+,9693874143
16443,Karan Verma,51,Male,A+,9138663199
16444,Kavya Sharma,41,Female,B-,9631957558
16445,Kavya Kapoor,30,Female,A-,9400460802
16446,Priya Patel,22,Female,B-,9919478121
16447,Anjali Singh,19,Male,B+,9491569519
16448,Pooja Gupta,20,Male,B-,9629404308
16449,Anjali Reddy,48,Female,B-,9206584548
16450,Sneha Mehta,22,Male,O+,9965375388
16451,Sahil Mehta,24,Male,A+,9564866350
16452,Kavya Verma,31,Male,AB+,9344377394
16453,Pooja Patel,32,Male,AB+,9575674626
16454,Sahil Verma,28,Female,A+,9518930503
16455,Vikram Kapoor,46,Female,AB+,9156074389
16456,Rohan Reddy,60,Female,O-,9729697171
16457,Neha Singh,21,Male,AB+,9211971905
16458,Rohan Patel,55,Female,AB+,9629773420
16459,Sneha Kapoor,43,Female,AB+,9974494031
16460,Karan Patel,53,Male,B+,9653755636
16461,Aman Verma,48,Male,A-,9102846822
16462,Arjun Singh,23,Female,O+,9295980088
16463,Kavya Kapoor,22,Male,B-,9972183608
16464,Rohan Singh,57,Male,O+,9373421953
16465,Kavya Patel,59,Female,AB-,9979411348
16466,Priya Kapoor,18,Male,AB-,9119640395
16467,Aditya Reddy,30,Male,AB-,9466021907
16468,Kavya Reddy,58,Male,AB+,9328801601
16469,Riya Verma,46,Male,AB-,9753370404
16470,Aman Singh,21,Female,O+,9429144054
16471,Pooja Gupta,43,Male,O-,9382770931
16472,Aman Kapoor,56,Female,AB+,9548992699
16473,Sahil Kapoor,37,Female,AB+,9739857697
16474,Priya Mehta,47,Female,B+,9102821246
16475,Aditya Singh,37,Female,B-,9214691661
16476,Aman Kapoor,35,Male,B-,9785709606
16477,Aman Kapoor,27,Male,A-,9561979901
16478,Rahul Reddy,42,Male,O+,9464465886
16479,Rahul Patel,37,Male,B-,9536990605
16480,Pooja Sharma,43,Female,B+,9269191170
16481,Divya Reddy,29,Male,A-,9235377174
16482,Sneha Sharma,46,Male,O+,9925883317
16483,Pooja Singh,49,Male,AB-,9168317017
16484,Sahil Sharma,56,Female,AB+,9594954443
16485,Kavya Verma,43,Female,B-,9474632930
16486,Rohan Kapoor,34,Female,AB+,9868151242
16487,Rahul Mehta,49,Male,A-,9699638101
16488,Kavya Verma,48,Female,A+,9749184513
16489,Kavya Patel,30,Male,B+,9324285893
16490,Aditya Kapoor,26,Male,AB-,9224209585
16491,Pooja Singh,32,Female,AB+,9416553002
16492,Neha Singh,36,Male,O+,9361661193
16493,Vikram Kapoor,24,Female,B+,9827172776
16494,Sahil Singh,48,Male,O+,9814659345
16495,Divya Sharma,28,Male,B-,9552996986
16496,Priya Sharma,42,Male,B-,9975142357
16497,Aman Reddy,35,Male,O-,9378192603
16498,Pooja Verma,42,Male,AB+,9637918990
16499,Pooja Singh,44,Male,AB-,9871821985
16500,Rahul Gupta,22,Male,AB-,9967084592
16501,Divya Patel,40,Female,O+,9208554569
16502,Rahul Singh,51,Male,AB+,9560139654
16503,Priya Sharma,42,Female,AB-,9369525119
16504,Divya Patel,30,Male,AB-,9264195534
16505,Arjun Singh,44,Male,AB-,9719771317
16506,Anjali Patel,50,Male,A+,9440536539
16507,Riya Singh,39,Male,O+,9503760487
16508,Priya Kapoor,58,Female,A+,9280729611
16509,Riya Mehta,25,Female,B-,9440631614
16510,Karan Reddy,30,Male,B-,9967898968
16511,Pooja Singh,56,Male,A+,9102719056
16512,Rohan Reddy,44,Female,AB+,9439424463
16513,Anjali Patel,50,Male,O-,9965430256
16514,Neha Sharma,54,Male,AB-,9276726493
16515,Karan Kapoor,42,Male,A-,9373620432
16516,Arjun Gupta,58,Female,A-,9489167385
16517,Anjali Singh,40,Female,AB-,9209644683
16518,Sahil Reddy,38,Female,O-,9561169774
16519,Aman Patel,35,Male,AB+,9275096608
16520,Sneha Sharma,19,Male,O+,9234520627
16521,Sneha Singh,31,Female,O+,9319063381
16522,Sahil Kapoor,52,Female,B-,9192782296
16523,Rohan Sharma,37,Female,AB-,9295324844
16524,Riya Patel,42,Female,AB-,9601805198
16525,Priya Singh,44,Male,AB+,9647276348
16526,Rahul Gupta,20,Female,AB+,9209767152
16527,Vikram Reddy,32,Male,AB+,9493779139
16528,Priya Mehta,42,Male,AB-,9333202580
16529,Pooja Reddy,44,Male,B-,9520452785
16530,Vikram Singh,51,Male,O+,9801397194
16531,Priya Reddy,25,Male,AB-,9987735932
16532,Kavya Patel,44,Female,B-,9449150936
16533,Sahil Mehta,60,Male,B-,9728219345
16534,Pooja Reddy,38,Female,B-,9391812121
16535,Sahil Reddy,47,Female,B-,9590168447
16536,Aman Mehta,29,Female,B-,9339047104
16537,Priya Sharma,45,Male,O-,9572569518
16538,Vikram Reddy,23,Male,B-,9449466703
16539,Sahil Gupta,49,Male,B+,9565161300
16540,Kavya Kapoor,44,Female,A+,9604987414
16541,Karan Kapoor,25,Female,A+,9610632323
16542,Rohan Sharma,18,Female,B-,9820213613
16543,Anjali Patel,27,Male,B+,9811885122
16544,Sneha Singh,32,Male,A+,9667955924
16545,Riya Verma,28,Male,AB-,9702617543
16546,Karan Sharma,42,Female,O+,9820365769
16547,Neha Kapoor,41,Male,O+,9666943592
16548,Divya Kapoor,20,Male,AB+,9182375549
16549,Riya Mehta,49,Male,B-,9563424570
16550,Pooja Sharma,30,Male,O+,9628023258
16551,Arjun Sharma,57,Male,O-,9456445988
16552,Arjun Mehta,59,Female,A+,9414400753
16553,Kavya Patel,58,Female,B-,9734000556
16554,Priya Mehta,45,Female,B+,9723335276
16555,Arjun Singh,43,Male,AB-,9738346321
16556,Priya Gupta,30,Female,B+,9131128886
16557,Aditya Mehta,46,Female,O+,9518028541
16558,Aman Kapoor,18,Male,A+,9536919542
16559,Rahul Verma,55,Female,O+,9572024701
16560,Kavya Kapoor,23,Female,B+,9937569318
16561,Vikram Gupta,49,Male,A+,9512185852
16562,Vikram Sharma,39,Female,AB+,9813211587
16563,Karan Verma,28,Female,B+,9736314200
16564,Rohan Kapoor,52,Male,A+,9297156969
16565,Pooja Verma,28,Female,A+,9324287707
16566,Arjun Gupta,29,Female,AB-,9835098679
16567,Arjun Sharma,22,Male,B+,9518605886
16568,Rohan Gupta,49,Male,AB+,9616259826
16569,Rahul Reddy,59,Female,O+,9776247273
16570,Divya Kapoor,24,Male,AB-,9501356836
16571,Anjali Reddy,56,Male,O+,9523620365
16572,Anjali Mehta,37,Male,A-,9776543542
16573,Priya Kapoor,23,Female,AB+,9803233801
16574,Kavya Sharma,36,Male,O-,9887386620
16575,Aditya Patel,33,Male,O-,9636885225
16576,Aman Sharma,42,Female,O-,9347035294
16577,Karan Verma,37,Male,AB-,9806419782
16578,Aditya Kapoor,31,Female,A-,9186074165
16579,Arjun Mehta,27,Female,A-,9473853144
16580,Kavya Reddy,56,Male,AB-,9682099509
16581,Arjun Kapoor,19,Male,B+,9568253083
16582,Sahil Mehta,59,Male,B-,9806194089
16583,Sneha Gupta,36,Male,B+,9693631010
16584,Divya Mehta,46,Male,A+,9454173513
16585,Karan Kapoor,48,Female,A-,9972844088
16586,Anjali Singh,29,Female,B-,9948293704
16587,Arjun Patel,35,Female,A+,9114219072
16588,Divya Patel,25,Female,A-,9953501056
16589,Priya Gupta,53,Female,O+,9468425762
16590,Aditya Verma,34,Female,AB+,9872188534
16591,Kavya Singh,50,Female,B-,9101148079
16592,Sneha Singh,23,Female,O-,9780023520
16593,Neha Reddy,25,Male,O+,9327081248
16594,Kavya Reddy,29,Female,B-,9112438719
16595,Sneha Gupta,19,Female,A+,9795891322
16596,Kavya Sharma,50,Female,A-,9589526213
16597,Sahil Reddy,39,Male,O+,9183413293
16598,Rahul Singh,49,Female,AB-,9359673718
16599,Neha Patel,23,Male,A-,9933626196
16600,Priya Reddy,53,Male,B-,9543144018
16601,Aditya Patel,25,Male,A+,9957279258
16602,Kavya Mehta,54,Female,A+,9769036833
16603,Karan Singh,24,Female,A-,9690549168
16604,Aman Gupta,32,Female,A+,9200774205
16605,Kavya Gupta,19,Male,O-,9297679838
16606,Anjali Kapoor,35,Male,A-,9966526353
16607,Arjun Gupta,31,Male,A+,9977997198
16608,Aditya Singh,60,Male,B-,9552416858
16609,Divya Reddy,56,Male,AB+,9564700232
16610,Arjun Patel,34,Male,B+,9558332534
16611,Priya Gupta,29,Male,O-,9263993157
16612,Divya Gupta,20,Male,AB+,9700181321
16613,Riya Verma,27,Female,A-,9352228020
16614,Rahul Mehta,30,Female,B+,9562607499
16615,Aman Reddy,49,Male,B-,9451438648
16616,Karan Sharma,54,Female,AB-,9715665171
16617,Pooja Patel,56,Female,B+,9709540991
16618,Vikram Gupta,18,Female,A+,9889111553
16619,Aditya Kapoor,45,Female,O+,9185588174
16620,Aman Reddy,34,Male,O-,9842504596
16621,Rohan Verma,25,Female,AB-,9312622787
16622,Rahul Verma,40,Female,B-,9529492927
16623,Pooja Kapoor,38,Male,O-,9150173366
16624,Sneha Singh,55,Female,A+,9787013510
16625,Divya Sharma,51,Female,O+,9184563828
16626,Rahul Verma,45,Female,A+,9405105367
16627,Karan Sharma,40,Male,AB+,9951315676
16628,Pooja Singh,23,Female,A-,9234980067
16629,Priya Kapoor,59,Female,B+,9556848430
16630,Arjun Kapoor,31,Female,AB-,9554801292
16631,Pooja Kapoor,45,Female,B+,9103049070
16632,Aditya Mehta,36,Male,AB-,9472429473
16633,Anjali Kapoor,37,Male,B+,9935438490
16634,Rohan Verma,38,Female,A+,9913672361
16635,Aditya Singh,53,Female,O+,9108038459
16636,Rahul Reddy,32,Female,A+,9794674979
16637,Sneha Sharma,60,Female,A-,9109839841
16638,Divya Verma,23,Male,A-,9907150053
16639,Pooja Mehta,18,Female,A-,9199528224
16640,Divya Singh,26,Male,AB-,9641606832
16641,Divya Reddy,46,Male,B+,9704054703
16642,Priya Reddy,25,Female,O+,9130198442
16643,Divya Singh,50,Female,O+,9258007103
16644,Arjun Mehta,59,Male,B-,9901343508
16645,Riya Patel,44,Male,A+,9155474484
16646,Aditya Singh,35,Female,AB-,9448787607
16647,Vikram Verma,26,Male,A-,9453120325
16648,Divya Patel,30,Male,AB+,9807765747
16649,Rohan Sharma,35,Female,O+,9639353997
16650,Rohan Reddy,47,Female,O+,9273469018
16651,Sahil Verma,36,Male,B+,9793034503
16652,Vikram Reddy,24,Male,O+,9960861983
16653,Kavya Patel,46,Female,AB-,9773419757
16654,Neha Verma,23,Male,A-,9278066300
16655,Karan Gupta,52,Male,B+,9330674341
16656,Sahil Gupta,58,Female,A-,9822453301
16657,Sneha Patel,38,Male,O-,9895577334
16658,Riya Sharma,53,Male,O-,9745554662
16659,Pooja Patel,44,Male,B-,9165026315
16660,Karan Sharma,33,Female,O+,9256515824
16661,Anjali Verma,30,Female,A+,9529165337
16662,Rohan Reddy,26,Male,AB-,9672315596
16663,Kavya Patel,18,Male,B+,9897751521
16664,Aman Kapoor,32,Male,AB-,9601530018
16665,Aman Mehta,24,Female,B-,9315203263
16666,Kavya Singh,41,Male,B-,9997484177
16667,Neha Patel,31,Female,AB-,9410304590
16668,Riya Singh,30,Female,O-,9312231574
16669,Sneha Singh,41,Female,B-,9339487707
16670,Rohan Sharma,38,Male,B-,9705009738
16671,Rahul Singh,44,Female,B+,9566885266
16672,Sahil Mehta,19,Male,O-,9315561161
16673,Priya Sharma,24,Female,B-,9693036057
16674,Aman Reddy,49,Male,B+,9115657803
16675,Aman Sharma,58,Male,B+,9653523741
16676,Neha Verma,23,Male,A+,9301615418
16677,Aditya Gupta,48,Male,AB-,9567372062
16678,Pooja Patel,59,Female,O-,9852305292
16679,Aman Kapoor,20,Female,B+,9120428177
16680,Riya Verma,18,Male,B-,9395976894
16681,Riya Sharma,43,Male,O+,9904393071
16682,Rohan Kapoor,25,Male,B-,9133731734
16683,Sahil Verma,29,Female,O-,9666169511
16684,Sneha Verma,21,Male,AB-,9289999845
16685,Kavya Sharma,45,Male,B+,9250938385
16686,Sahil Sharma,44,Male,AB+,9886107085
16687,Anjali Gupta,38,Female,AB+,9188044189
16688,Pooja Mehta,50,Male,B-,9167220145
16689,Karan Gupta,28,Female,B-,9346515535
16690,Karan Sharma,46,Female,B-,9600757950
16691,Divya Kapoor,37,Female,AB+,9600037679
16692,Rohan Patel,37,Male,B+,9307266055
16693,Rahul Mehta,40,Female,A-,9237522084
16694,Sneha Singh,37,Male,B-,9457714565
16695,Rohan Patel,22,Male,O+,9113823452
16696,Sneha Gupta,21,Male,B-,9513670650
16697,Kavya Patel,55,Male,B+,9338279156
16698,Divya Reddy,54,Male,A+,9110798549
16699,Karan Kapoor,24,Female,O-,9863411083
16700,Divya Sharma,43,Male,A+,9627398561
16701,Rahul Patel,46,Female,A-,9418610823
16702,Karan Verma,43,Female,AB-,9440094121
16703,Kavya Reddy,40,Female,AB+,9703643029
16704,Sneha Patel,20,Female,A-,9627353646
16705,Anjali Verma,40,Female,O+,9307561952
16706,Riya Singh,47,Female,AB+,9804299626
16707,Karan Sharma,36,Male,O+,9894897166
16708,Pooja Reddy,22,Male,B+,9606906644
16709,Rahul Gupta,57,Male,O+,9988835773
16710,Rohan Verma,24,Female,O-,9799080055
16711,Rohan Gupta,57,Female,A+,9231663051
16712,Neha Patel,23,Female,A+,9594361032
16713,Arjun Verma,24,Male,A+,9868357563
16714,Rahul Verma,27,Male,O-,9141774939
16715,Vikram Mehta,44,Male,A+,9253175544
16716,Neha Mehta,43,Male,A+,9420194432
16717,Neha Mehta,21,Male,AB-,9395132220
16718,Aman Kapoor,22,Female,AB-,9665049243
16719,Aditya Verma,27,Male,AB-,9157548042
16720,Sneha Singh,27,Male,B+,9618582641
16721,Aman Kapoor,27,Male,A+,9920139426
16722,Pooja Patel,42,Male,B+,9763965507
16723,Sahil Kapoor,22,Male,AB-,9523039918
16724,Kavya Verma,48,Male,O+,9239365951
16725,Riya Reddy,53,Male,A-,9390986251
16726,Divya Patel,47,Female,O-,9452260985
16727,Priya Singh,43,Male,AB-,9659546469
16728,Riya Verma,53,Female,A-,9891506670
16729,Neha Gupta,46,Male,O-,9531335264
16730,Aman Kapoor,46,Female,O-,9994940495
16731,Pooja Gupta,55,Female,O-,9333656430
16732,Aditya Patel,60,Male,O+,9477959186
16733,Sneha Verma,48,Female,B-,9710067609
16734,Aman Verma,49,Male,B-,9859950675
16735,Neha Gupta,19,Male,AB-,9641881827
16736,Sahil Singh,44,Male,A+,9654174446
16737,Sahil Singh,47,Male,B+,9222360588
16738,Rahul Reddy,33,Female,O-,9945343169
16739,Pooja Singh,59,Female,AB+,9939624339
16740,Neha Mehta,45,Female,A+,9617080970
16741,Rohan Sharma,43,Male,O-,9716743057
16742,Neha Sharma,39,Female,O+,9432148298
16743,Neha Reddy,30,Male,AB+,9862205954
16744,Sahil Singh,28,Female,O+,9399928622
16745,Rohan Singh,52,Female,B+,9283252276
16746,Neha Verma,58,Male,A+,9396010184
16747,Rahul Sharma,58,Female,A-,9274855767
16748,Rohan Patel,57,Male,AB-,9951825995
16749,Rahul Gupta,56,Female,B-,9567664574
16750,Pooja Sharma,33,Female,B+,9571449712
16751,Priya Kapoor,58,Male,A+,9314574960
16752,Riya Verma,32,Female,B+,9529043070
16753,Neha Kapoor,50,Female,B+,9416273499
16754,Aman Singh,21,Male,AB-,9389946393
16755,Aman Kapoor,41,Male,O+,9235177735
16756,Anjali Verma,19,Female,A+,9137453069
16757,Priya Verma,56,Female,O+,9460272889
16758,Aditya Gupta,25,Male,AB-,9140289683
16759,Karan Verma,55,Female,A-,9928171924
16760,Aman Verma,47,Male,O-,9701961365
16761,Vikram Singh,32,Female,AB-,9418557159
16762,Kavya Patel,59,Female,O-,9507771272
16763,Kavya Mehta,20,Female,B-,9400635182
16764,Rohan Reddy,18,Female,AB+,9420428893
16765,Anjali Reddy,34,Male,O-,9536122516
16766,Riya Gupta,37,Female,A-,9152520382
16767,Sahil Verma,54,Male,A+,9650744783
16768,Pooja Verma,26,Male,B+,9139077364
16769,Neha Reddy,45,Female,B-,9830962738
16770,Pooja Singh,55,Male,AB+,9508439604
16771,Sneha Singh,26,Male,A-,9640610362
16772,Vikram Gupta,41,Male,AB+,9890985899
16773,Priya Patel,41,Male,AB+,9144836468
16774,Anjali Singh,43,Female,O-,9827907783
16775,Karan Verma,45,Female,AB-,9130073097
16776,Pooja Kapoor,49,Female,AB+,9356469124
16777,Aman Reddy,41,Female,B+,9340802790
16778,Aditya Singh,50,Male,A-,9868098505
16779,Kavya Sharma,39,Male,AB+,9479844635
16780,Neha Verma,25,Female,O-,9145831002
16781,Aditya Verma,60,Female,A-,9845513415
16782,Karan Singh,55,Male,A+,9884874309
16783,Sahil Sharma,37,Female,A-,9471699420
16784,Neha Mehta,21,Male,A-,9401193866
16785,Sahil Patel,35,Female,B-,9358409614
16786,Aditya Verma,38,Female,AB+,9954135242
16787,Neha Kapoor,30,Female,B-,9954431256
16788,Rohan Verma,25,Male,AB-,9991124586
16789,Sneha Gupta,52,Female,AB+,9129445447
16790,Vikram Singh,55,Female,B-,9163543538
16791,Vikram Singh,18,Female,O-,9282365869
16792,Aditya Gupta,60,Male,AB+,9303923492
16793,Divya Patel,26,Male,B-,9776555155
16794,Sneha Gupta,23,Male,O-,9225664974
16795,Aditya Sharma,54,Female,AB-,9719263585
16796,Divya Gupta,22,Female,B-,9290874034
16797,Karan Gupta,59,Male,AB-,9233772927
16798,Karan Patel,25,Female,AB-,9790193027
16799,Arjun Patel,38,Male,O-,9319224915
16800,Rohan Singh,43,Male,A+,9792417629
16801,Riya Verma,54,Female,B-,9382829269
16802,Divya Singh,19,Female,AB+,9589038335
16803,Rahul Mehta,36,Male,B+,9407880317
16804,Rohan Reddy,51,Female,B-,9158048117
16805,Rahul Mehta,19,Female,B-,9449936151
16806,Karan Mehta,30,Male,AB+,9431608244
16807,Rohan Singh,55,Female,O-,9960940377
16808,Aditya Patel,58,Male,B+,9699858849
16809,Sahil Sharma,21,Male,AB+,9248083764
16810,Anjali Singh,41,Female,B+,9985155794
16811,Rohan Patel,49,Female,AB-,9183853438
16812,Sahil Patel,44,Male,A+,9361061347
16813,Aman Reddy,60,Male,A-,9977094473
16814,Sneha Patel,28,Female,AB+,9282715921
16815,Aman Patel,54,Female,A-,9827302467
16816,Aditya Patel,20,Male,A+,9775910871
16817,Pooja Sharma,52,Male,B-,9564986760
16818,Sahil Patel,42,Female,B+,9520497222
16819,Priya Mehta,39,Male,O-,9227294250
16820,Priya Kapoor,39,Female,AB+,9484220878
16821,Karan Reddy,49,Female,B-,9406945960
16822,Sneha Reddy,37,Male,AB+,9633181836
16823,Aman Mehta,56,Male,A-,9249833592
16824,Sneha Kapoor,40,Female,A+,9956761692
16825,Rohan Kapoor,27,Male,A+,9860784512
16826,Rohan Patel,51,Male,A+,9969579994
16827,Riya Mehta,45,Female,B-,9310662338
16828,Rohan Mehta,55,Female,A+,9900250486
16829,Kavya Verma,47,Female,B+,9417310141
16830,Aditya Patel,56,Male,AB-,9117474046
16831,Vikram Sharma,18,Female,B+,9734207862
16832,Arjun Patel,35,Male,O+,9798827113
16833,Anjali Gupta,39,Female,A-,9301719293
16834,Rohan Reddy,42,Male,AB-,9415633738
16835,Rahul Sharma,24,Male,A+,9198989825
16836,Pooja Kapoor,37,Male,B+,9403296259
16837,Divya Kapoor,53,Male,O+,9596885353
16838,Kavya Singh,28,Female,B-,9350205066
16839,Rahul Patel,54,Female,AB+,9779453195
16840,Anjali Singh,32,Male,A+,9962762199
16841,Aman Singh,38,Male,B+,9691258218
16842,Neha Kapoor,48,Male,O-,9760549075
16843,Priya Sharma,31,Male,B+,9292682692
16844,Rohan Singh,47,Male,A-,9523762531
16845,Sahil Kapoor,27,Female,A-,9639353354
16846,Rahul Verma,35,Female,AB+,9889630141
16847,Aman Mehta,26,Male,AB-,9644085133
16848,Vikram Sharma,30,Male,B+,9893424283
16849,Rohan Kapoor,51,Female,A+,9185509849
16850,Aditya Patel,56,Male,A-,9406210688
16851,Rahul Singh,47,Female,A-,9751177051
16852,Vikram Kapoor,31,Female,B+,9930770810
16853,Aditya Gupta,40,Male,AB-,9471680819
16854,Rahul Patel,27,Female,B+,9996609546
16855,Priya Gupta,58,Female,O+,9322478859
16856,Neha Sharma,23,Male,B+,9126301634
16857,Arjun Verma,35,Female,AB+,9241259592
16858,Aditya Reddy,53,Female,O-,9176780198
16859,Rahul Verma,26,Female,B-,9713338301
16860,Kavya Patel,34,Female,A-,9529611056
16861,Kavya Mehta,19,Female,A-,9661994967
16862,Rahul Reddy,21,Male,B-,9782990241
16863,Aman Mehta,19,Male,O+,9273987129
16864,Aditya Singh,54,Female,AB+,9178312735
16865,Anjali Reddy,51,Male,B+,9280557313
16866,Karan Gupta,29,Male,B+,9253347351
16867,Karan Sharma,55,Female,A+,9851241715
16868,Aman Singh,42,Male,A-,9352366185
16869,Karan Gupta,26,Male,O-,9371137863
16870,Neha Patel,27,Male,B-,9729477222
16871,Anjali Reddy,21,Male,O+,9556736116
16872,Vikram Gupta,30,Female,B+,9385035704
16873,Vikram Singh,46,Male,AB+,9882410048
16874,Riya Singh,60,Male,O-,9469001338
16875,Vikram Singh,46,Female,AB-,9668262241
16876,Aditya Verma,36,Male,O+,9461893187
16877,Neha Kapoor,34,Female,O-,9157327195
16878,Karan Singh,51,Female,A+,9388199977
16879,Pooja Patel,41,Female,AB-,9711357201
16880,Pooja Kapoor,42,Female,B+,9166665747
16881,Pooja Mehta,43,Male,B+,9858944628
16882,Sneha Sharma,48,Female,O-,9967247034
16883,Aman Singh,45,Female,A-,9609968336
16884,Priya Verma,58,Male,O+,9351980532
16885,Divya Kapoor,19,Male,AB+,9790307571
16886,Riya Mehta,28,Male,O-,9655649751
16887,Anjali Sharma,47,Female,B-,9481094624
16888,Rohan Singh,49,Male,O+,9695716157
16889,Vikram Verma,32,Male,AB-,9202346596
16890,Sahil Patel,30,Male,AB+,9720675567
16891,Neha Gupta,25,Male,AB+,9497898866
16892,Kavya Sharma,53,Male,O-,9608141127
16893,Arjun Kapoor,36,Male,B-,9608283237
16894,Pooja Reddy,57,Female,AB-,9489503677
16895,Neha Sharma,55,Female,B+,9777707005
16896,Kavya Patel,24,Male,A+,9984138930
16897,Priya Mehta,44,Male,AB+,9585872836
16898,Rohan Kapoor,52,Male,B+,9457729891
16899,Kavya Mehta,37,Female,AB-,9440611791
16900,Rahul Gupta,24,Female,O-,9793382047
16901,Rahul Gupta,50,Male,O+,9142570225
16902,Sahil Reddy,60,Male,AB+,9860827353
16903,Rohan Kapoor,57,Male,B-,9193338627
16904,Vikram Sharma,39,Male,AB+,9527770082
16905,Pooja Sharma,50,Female,A+,9764733991
16906,Rohan Kapoor,34,Female,AB+,9624583323
16907,Kavya Reddy,51,Male,O+,9647780763
16908,Riya Singh,36,Female,B-,9177533662
16909,Pooja Sharma,54,Male,O-,9218280316
16910,Rohan Reddy,29,Female,A+,9353386661
16911,Karan Mehta,35,Male,AB-,9316786440
16912,Neha Patel,26,Male,O+,9625986936
16913,Aditya Mehta,21,Female,B-,9887288827
16914,Kavya Kapoor,29,Female,AB-,9382512531
16915,Priya Gupta,25,Female,AB-,9644220041
16916,Sahil Singh,30,Male,B-,9765969276
16917,Sahil Reddy,46,Female,B-,9375240793
16918,Sneha Gupta,42,Female,A-,9634556136
16919,Rahul Verma,45,Female,AB-,9282174591
16920,Kavya Kapoor,40,Male,A+,9172151572
16921,Neha Kapoor,36,Male,O+,9729760218
16922,Pooja Patel,36,Female,AB+,9376149645
16923,Divya Sharma,18,Female,A+,9215754344
16924,Aditya Reddy,44,Female,AB-,9248952548
16925,Priya Sharma,32,Female,AB+,9835889648
16926,Aman Verma,38,Male,B+,9532554821
16927,Pooja Gupta,21,Female,A-,9119527185
16928,Sahil Reddy,27,Female,A+,9816891012
16929,Karan Sharma,39,Female,O+,9487940279
16930,Kavya Reddy,36,Female,O+,9637024277
16931,Arjun Verma,54,Male,B+,9737045461
16932,Riya Kapoor,29,Female,B-,9183644870
16933,Sneha Singh,56,Male,B-,9646686333
16934,Rahul Gupta,25,Female,B-,9590709334
16935,Riya Reddy,18,Female,B-,9276270861
16936,Divya Patel,49,Female,AB+,9724922836
16937,Neha Verma,55,Female,AB+,9366072203
16938,Sahil Singh,49,Male,AB+,9963068463
16939,Sneha Reddy,29,Male,B+,9688273542
16940,Neha Sharma,37,Female,O-,9928591113
16941,Vikram Mehta,31,Female,B-,9667653466
16942,Sneha Gupta,55,Female,B+,9356395520
16943,Pooja Sharma,59,Male,A-,9507619050
16944,Rohan Patel,45,Female,A-,9756664589
16945,Neha Gupta,60,Male,O+,9235387740
16946,Pooja Singh,57,Male,B+,9709816379
16947,Rohan Kapoor,26,Male,O-,9918229867
16948,Sneha Verma,38,Male,B-,9880068669
16949,Divya Reddy,51,Male,AB+,9693131144
16950,Sneha Sharma,29,Male,AB-,9846926416
16951,Pooja Sharma,39,Male,O-,9823417627
16952,Aman Gupta,18,Female,A-,9886994576
16953,Riya Sharma,40,Female,B-,9638643698
16954,Rahul Gupta,19,Male,AB+,9490480674
16955,Divya Singh,41,Male,O+,9436244818
16956,Rohan Patel,21,Female,O-,9748815297
16957,Anjali Patel,50,Male,B-,9417560852
16958,Divya Sharma,54,Female,O+,9358019674
16959,Rahul Mehta,43,Female,AB-,9444967138
16960,Priya Kapoor,46,Female,AB+,9892764620
16961,Kavya Verma,32,Male,A+,9107929973
16962,Kavya Gupta,45,Male,O+,9713170264
16963,Sneha Verma,21,Female,A+,9547002210
16964,Karan Mehta,50,Female,O-,9512995154
16965,Sahil Kapoor,24,Female,A-,9805448357
16966,Riya Gupta,59,Male,AB-,9367120217
16967,Kavya Patel,46,Male,AB+,9188830485
16968,Arjun Verma,18,Female,A-,9289901990
16969,Arjun Singh,21,Female,A+,9435838074
16970,Aditya Kapoor,35,Male,B+,9168641309
16971,Pooja Mehta,23,Female,AB-,9981626937
16972,Kavya Mehta,43,Male,AB-,9551637510
16973,Priya Reddy,33,Female,O-,9189888986
16974,Sneha Singh,59,Female,B+,9130113439
16975,Arjun Verma,29,Female,B-,9274279840
16976,Vikram Sharma,43,Male,AB+,9832422584
16977,Sneha Reddy,32,Female,A-,9407590142
16978,Rohan Singh,25,Female,A+,9267950015
16979,Priya Singh,22,Male,B+,9794253071
16980,Neha Gupta,50,Female,B-,9837988423
16981,Divya Mehta,46,Female,AB-,9379112759
16982,Karan Reddy,29,Female,AB+,9168795961
16983,Anjali Mehta,29,Male,A-,9890542736
16984,Sneha Patel,55,Female,B-,9524734916
16985,Sahil Mehta,35,Male,A+,9146025137
16986,Rohan Kapoor,50,Female,AB-,9296886324
16987,Riya Gupta,23,Female,A+,9440110265
16988,Karan Sharma,20,Male,AB-,9703850626
16989,Rohan Verma,33,Female,AB-,9548960250
16990,Arjun Patel,39,Female,O+,9524821219
16991,Neha Kapoor,20,Male,B+,9456275070
16992,Rohan Kapoor,47,Male,A-,9520240664
16993,Aditya Patel,57,Female,AB-,9234122875
16994,Pooja Patel,34,Female,A+,9849987636
16995,Sahil Singh,38,Male,A+,9388438091
16996,Anjali Sharma,22,Female,AB+,9473301813
16997,Pooja Patel,56,Female,O+,9291425531
16998,Riya Gupta,52,Female,B-,9792793763
16999,Rahul Verma,29,Male,A-,9988118988
17000,Divya Patel,42,Male,O+,9713945872
17001,Kavya Mehta,40,Male,O+,9923590485
17002,Rahul Patel,35,Female,B+,9228514817
17003,Kavya Patel,40,Female,A+,9857006509
17004,Sneha Singh,40,Male,A-,9334535560
17005,Neha Reddy,48,Male,O-,9154074042
17006,Rohan Verma,42,Female,A+,9527320792
17007,Aman Mehta,48,Male,O+,9355326501
17008,Divya Patel,23,Male,O+,9253807217
17009,Karan Patel,18,Male,O+,9968442294
17010,Arjun Verma,24,Female,A+,9874452159
17011,Neha Verma,34,Male,B-,9793683390
17012,Aditya Mehta,59,Male,O+,9231946446
17013,Vikram Patel,34,Male,AB+,9144425025
17014,Aditya Singh,60,Male,O+,9306020121
17015,Neha Verma,39,Male,O+,9784147221
17016,Kavya Singh,44,Female,B+,9112540227
17017,Aditya Verma,29,Male,A-,9310624784
17018,Aditya Verma,28,Female,A+,9660780994
17019,Neha Reddy,25,Female,B-,9921182138
17020,Pooja Reddy,24,Male,AB+,9987613561
17021,Priya Kapoor,54,Female,AB-,9804041464
17022,Aditya Verma,31,Female,AB-,9472180532
17023,Vikram Singh,41,Female,O+,9850770639
17024,Arjun Sharma,20,Female,AB+,9398345209
17025,Sneha Gupta,28,Male,B-,9773746808
17026,Rohan Reddy,23,Male,AB-,9596388548
17027,Rohan Verma,46,Male,B+,9191232884
17028,Divya Gupta,37,Male,O-,9377497602
17029,Sneha Singh,44,Male,A+,9461754667
17030,Vikram Patel,54,Male,AB+,9689142146
17031,Aditya Verma,18,Female,AB-,9861886307
17032,Sahil Singh,38,Male,AB+,9523921477
17033,Divya Singh,43,Female,B-,9180855987
17034,Aditya Reddy,47,Male,A-,9349841408
17035,Rahul Patel,25,Male,A-,9289528355
17036,Riya Kapoor,34,Male,B-,9848184913
17037,Sneha Patel,45,Male,A+,9470271619
17038,Kavya Gupta,55,Female,AB-,9360510600
17039,Sneha Verma,19,Male,A+,9321683640
17040,Sahil Patel,50,Female,A+,9962534747
17041,Kavya Gupta,25,Male,O-,9585152619
17042,Neha Verma,51,Female,O-,9677346560
17043,Aman Verma,24,Male,B+,9982472624
17044,Aditya Mehta,58,Male,A-,9135023122
17045,Riya Singh,44,Male,B+,9512933085
17046,Vikram Gupta,19,Male,O+,9983461130
17047,Rahul Singh,43,Male,AB+,9760576671
17048,Kavya Singh,37,Female,A+,9561769154
17049,Divya Kapoor,18,Male,A+,9786910841
17050,Karan Kapoor,22,Female,AB+,9226463523
17051,Neha Kapoor,50,Female,A+,9329977048
17052,Aditya Reddy,18,Male,AB-,9424461026
17053,Sneha Mehta,49,Female,A-,9380973018
17054,Rahul Gupta,34,Female,AB-,9784354413
17055,Karan Reddy,43,Male,A+,9541311877
17056,Kavya Reddy,33,Male,A+,9516465245
17057,Sahil Mehta,40,Female,B+,9199490713
17058,Vikram Patel,24,Male,O-,9189714443
17059,Sahil Gupta,19,Male,B+,9970736384
17060,Rohan Reddy,58,Male,AB-,9595507648
17061,Rahul Sharma,20,Female,A-,9201101222
17062,Riya Verma,46,Female,A-,9702150890
17063,Aditya Patel,23,Female,O-,9884894281
17064,Karan Verma,36,Female,A+,9226531007
17065,Priya Gupta,46,Female,O-,9983933795
17066,Divya Kapoor,22,Female,B-,9111610661
17067,Aman Reddy,22,Male,A+,9521153995
17068,Arjun Kapoor,51,Female,B+,9581669004
17069,Aditya Singh,52,Male,O-,9946338467
17070,Arjun Mehta,39,Male,B+,9879175851
17071,Anjali Gupta,36,Female,O-,9162579729
17072,Karan Gupta,43,Female,AB+,9787185866
17073,Rohan Gupta,45,Male,B-,9799117847
17074,Sahil Kapoor,42,Female,B+,9166599058
17075,Divya Reddy,19,Female,B+,9585058202
17076,Aditya Reddy,25,Male,B+,9596359986
17077,Aman Patel,25,Male,A-,9513875957
17078,Sneha Kapoor,56,Male,A-,9836351787
17079,Aditya Mehta,38,Female,O+,9455454036
17080,Aditya Singh,20,Male,O-,9858392974
17081,Aman Singh,20,Male,B-,9364334421
17082,Anjali Gupta,25,Male,AB-,9406178125
17083,Riya Sharma,24,Male,B-,9430857714
17084,Divya Kapoor,43,Male,A+,9726357915
17085,Kavya Reddy,45,Female,AB+,9709290196
17086,Riya Reddy,23,Female,O-,9995622147
17087,Aman Singh,41,Male,B-,9607063993
17088,Priya Sharma,56,Male,A-,9223673473
17089,Riya Mehta,30,Female,O-,9453238354
17090,Pooja Patel,29,Female,A+,9524445942
17091,Sneha Patel,60,Male,B+,9861121521
17092,Karan Patel,49,Female,AB-,9836351838
17093,Kavya Singh,56,Female,AB+,9117032789
17094,Aditya Verma,37,Male,A-,9566335822
17095,Anjali Verma,41,Male,B-,9663171157
17096,Vikram Kapoor,60,Male,AB+,9168854284
17097,Rahul Gupta,59,Female,O-,9215405585
17098,Divya Patel,23,Male,B+,9106614907
17099,Riya Patel,46,Male,AB-,9494545793
17100,Divya Patel,39,Male,AB+,9813569414
17101,Sahil Reddy,42,Female,AB-,9139079998
17102,Divya Patel,21,Female,O-,9243464344
17103,Karan Patel,58,Female,O-,9428304427
17104,Neha Sharma,57,Male,A+,9615971722
17105,Riya Reddy,23,Female,O+,9269794008
17106,Karan Mehta,24,Male,B+,9804139999
17107,Anjali Singh,35,Female,AB-,9673953115
17108,Sneha Mehta,29,Female,O-,9220532357
17109,Aman Kapoor,22,Female,A-,9875104595
17110,Aditya Patel,48,Male,B-,9932377537
17111,Divya Mehta,22,Male,AB-,9313418994
17112,Anjali Reddy,40,Male,B-,9476738032
17113,Aman Gupta,20,Male,A+,9755730601
17114,Kavya Reddy,50,Female,A-,9806472285
17115,Pooja Mehta,33,Female,B+,9652036454
17116,Karan Patel,42,Female,O-,9122652594
17117,Riya Kapoor,44,Female,AB+,9334269505
17118,Karan Mehta,59,Female,O+,9395425097
17119,Vikram Singh,32,Male,AB+,9413835877
17120,Priya Verma,47,Male,B+,9970689603
17121,Divya Sharma,30,Female,B+,9613863502
17122,Sneha Patel,29,Male,O+,9977748709
17123,Pooja Mehta,42,Male,O-,9440022815
17124,Kavya Gupta,20,Male,B-,9886613864
17125,Sahil Patel,26,Male,A+,9939989533
17126,Riya Kapoor,30,Female,A+,9532161056
17127,Sahil Sharma,29,Female,AB-,9745757113
17128,Rohan Mehta,34,Male,AB-,9349093317
17129,Neha Reddy,55,Male,AB-,9949309630
17130,Neha Sharma,58,Male,O+,9742976792
17131,Arjun Reddy,58,Female,B+,9325909448
17132,Rahul Reddy,36,Female,AB-,9804682416
17133,Karan Sharma,40,Male,B+,9294132763
17134,Rahul Patel,30,Female,A+,9585535148
17135,Aman Mehta,56,Male,A-,9664420375
17136,Sneha Patel,56,Female,O-,9458455729
17137,Vikram Mehta,58,Female,AB+,9527423945
17138,Rohan Verma,40,Female,AB+,9679665602
17139,Rahul Patel,42,Male,A-,9563218128
17140,Pooja Mehta,57,Male,AB-,9348060787
17141,Riya Verma,21,Male,O-,9424194697
17142,Aditya Verma,42,Female,AB+,9472885221
17143,Sahil Sharma,27,Male,A+,9950666258
17144,Arjun Kapoor,33,Male,O+,9404158358
17145,Rahul Sharma,47,Female,AB-,9651808588
17146,Aman Gupta,54,Female,O+,9491027917
17147,Aman Sharma,24,Female,AB+,9716957734
17148,Neha Kapoor,47,Female,AB-,9608116786
17149,Rahul Gupta,48,Male,O-,9710370416
17150,Aditya Reddy,21,Male,AB+,9255626859
17151,Divya Singh,47,Female,AB-,9725682331
17152,Arjun Kapoor,36,Male,A+,9601680577
17153,Pooja Gupta,32,Male,B-,9973322485
17154,Anjali Sharma,53,Male,AB+,9133506916
17155,Aman Gupta,25,Female,AB+,9300648282
17156,Vikram Kapoor,41,Female,A+,9469769695
17157,Karan Patel,28,Female,O-,9446791815
17158,Pooja Singh,57,Female,O-,9221526801
17159,Vikram Patel,33,Female,B+,9921525259
17160,Riya Reddy,27,Female,B-,9612559654
17161,Aman Gupta,19,Male,O+,9529487705
17162,Neha Verma,53,Male,A+,9213227412
17163,Arjun Gupta,36,Male,A-,9890967201
17164,Pooja Sharma,24,Female,B+,9840212594
17165,Arjun Sharma,31,Male,A+,9879663648
17166,Sahil Gupta,42,Female,A-,9634428575
17167,Neha Verma,60,Male,AB-,9680090293
17168,Priya Gupta,39,Female,O-,9782749652
17169,Anjali Patel,51,Male,A-,9841363671
17170,Sneha Sharma,36,Male,AB+,9466717812
17171,Aman Reddy,37,Male,O+,9381779741
17172,Riya Kapoor,40,Male,A-,9407152879
17173,Rahul Verma,56,Male,AB+,9703196359
17174,Divya Kapoor,57,Male,A-,9332686426
17175,Arjun Mehta,46,Male,O-,9800386662
17176,Pooja Kapoor,44,Female,AB-,9337325978
17177,Vikram Kapoor,27,Female,B-,9309202228
17178,Aditya Verma,51,Male,B+,9467985617
17179,Priya Singh,60,Male,O+,9524828803
17180,Divya Singh,52,Male,O+,9406622179
17181,Sneha Kapoor,60,Male,B+,9995467991
17182,Vikram Gupta,31,Male,AB+,9720500145
17183,Sahil Mehta,45,Female,AB+,9819650044
17184,Aman Kapoor,26,Male,A+,9987653730
17185,Kavya Verma,20,Female,B+,9478301207
17186,Sahil Mehta,53,Male,AB+,9935652462
17187,Sneha Mehta,56,Male,O+,9872282461
17188,Aman Singh,55,Male,B+,9179531879
17189,Rohan Singh,43,Female,AB+,9842999226
17190,Aditya Patel,34,Male,O-,9352824661
17191,Aman Gupta,24,Male,O-,9678691147
17192,Neha Gupta,43,Male,AB+,9476443792
17193,Anjali Gupta,33,Female,AB-,9953569828
17194,Vikram Gupta,32,Female,A+,9186151956
17195,Kavya Sharma,53,Male,O-,9722228411
17196,Kavya Sharma,20,Female,A+,9683474569
17197,Arjun Kapoor,29,Male,O-,9481596432
17198,Aditya Mehta,22,Female,O+,9760602370
17199,Divya Gupta,42,Male,O-,9533327377
17200,Vikram Kapoor,24,Female,AB-,9578773955
17201,Riya Verma,25,Male,B+,9300077291
17202,Divya Verma,36,Female,O+,9399729712
17203,Pooja Verma,32,Male,O+,9748124657
17204,Aditya Verma,48,Male,B+,9678215012
17205,Divya Patel,35,Male,O-,9171905097
17206,Arjun Reddy,20,Male,O+,9800363471
17207,Neha Gupta,32,Female,O+,9440790111
17208,Sneha Verma,26,Male,O-,9428081125
17209,Aditya Kapoor,22,Female,AB+,9125220631
17210,Sahil Singh,24,Female,B+,9832544185
17211,Kavya Kapoor,52,Male,AB-,9461197741
17212,Sahil Mehta,37,Female,O-,9875892969
17213,Sneha Reddy,41,Male,O+,9200076767
17214,Rohan Singh,29,Male,O-,9743227726
17215,Anjali Reddy,32,Male,O-,9263054612
17216,Vikram Sharma,47,Male,AB-,9314803527
17217,Rohan Singh,18,Male,O+,9955372523
17218,Neha Gupta,58,Female,A+,9625268931
17219,Rahul Mehta,24,Female,A-,9279370082
17220,Aman Sharma,32,Male,AB-,9445410397
17221,Karan Kapoor,25,Female,A-,9480268038
17222,Neha Sharma,51,Male,A+,9274454993
17223,Anjali Kapoor,46,Female,O+,9427344899
17224,Rohan Kapoor,57,Male,B+,9106405747
17225,Vikram Kapoor,46,Male,O-,9994976230
17226,Priya Kapoor,41,Female,A+,9618126271
17227,Aman Kapoor,25,Female,AB+,9163713022
17228,Kavya Patel,19,Male,AB-,9828449727
17229,Priya Sharma,37,Male,AB-,9861656516
17230,Anjali Patel,55,Male,AB+,9219446222
17231,Karan Singh,48,Male,AB+,9363355297
17232,Sneha Reddy,55,Male,A+,9302157079
17233,Vikram Kapoor,24,Male,A+,9770734991
17234,Karan Reddy,52,Male,B+,9857535698
17235,Divya Patel,38,Female,B-,9492049444
17236,Kavya Singh,55,Male,A-,9987625372
17237,Anjali Kapoor,45,Male,O-,9797266148
17238,Arjun Patel,55,Female,AB+,9623017270
17239,Aman Gupta,59,Female,O-,9400824463
17240,Sahil Singh,33,Female,O+,9927912608
17241,Rahul Verma,49,Female,B-,9382462359
17242,Neha Kapoor,49,Male,AB+,9674466618
17243,Rahul Reddy,27,Male,A-,9883949458
17244,Vikram Singh,50,Female,B-,9437836266
17245,Aman Singh,18,Female,B+,9496668325
17246,Riya Kapoor,37,Female,B-,9937609207
17247,Aman Singh,25,Female,A+,9730177087
17248,Priya Reddy,55,Male,O+,9704417956
17249,Rahul Patel,58,Male,O-,9994293110
17250,Rahul Sharma,48,Female,B+,9456842965
17251,Riya Singh,24,Female,B+,9514131006
17252,Aman Gupta,28,Female,A-,9747662932
17253,Pooja Patel,49,Female,O+,9875121848
17254,Karan Patel,31,Male,B-,9191395715
17255,Neha Kapoor,33,Male,AB+,9508044085
17256,Sahil Sharma,56,Male,O-,9361351584
17257,Vikram Singh,21,Male,AB-,9476246416
17258,Priya Patel,49,Female,B+,9120733313
17259,Sneha Patel,20,Male,B+,9222083905
17260,Pooja Gupta,43,Female,AB+,9403273382
17261,Sahil Sharma,43,Female,B+,9280067359
17262,Kavya Singh,21,Female,B-,9664063925
17263,Aman Gupta,23,Male,A-,9397998746
17264,Divya Mehta,44,Female,AB+,9396961205
17265,Divya Reddy,60,Female,B+,9152360141
17266,Rahul Sharma,41,Male,A+,9379639566
17267,Divya Mehta,35,Male,AB-,9295745204
17268,Karan Verma,38,Male,B+,9254421922
17269,Pooja Singh,53,Female,O-,9325840924
17270,Sahil Patel,43,Male,O+,9924761896
17271,Rahul Verma,20,Female,AB+,9826774408
17272,Divya Sharma,57,Female,AB+,9769339983
17273,Aman Mehta,48,Female,O+,9956100080
17274,Aman Mehta,48,Male,A-,9919565529
17275,Kavya Gupta,18,Male,O+,9843242312
17276,Sahil Reddy,43,Female,AB+,9342367122
17277,Arjun Kapoor,50,Male,AB-,9315752339
17278,Karan Gupta,31,Male,O+,9462393077
17279,Anjali Reddy,44,Male,AB-,9113748558
17280,Divya Sharma,21,Male,A+,9620987285
17281,Aditya Patel,40,Male,A+,9787884474
17282,Aditya Singh,49,Male,AB-,9684133585
17283,Riya Reddy,37,Male,A+,9872973439
17284,Arjun Patel,54,Male,AB-,9134433943
17285,Karan Sharma,54,Male,B-,9604446657
17286,Aman Singh,52,Male,O-,9752856095
17287,Priya Sharma,19,Male,O-,9302438593
17288,Riya Kapoor,47,Male,AB-,9838307591
17289,Pooja Gupta,23,Female,B-,9596935214
17290,Vikram Mehta,56,Female,AB+,9932606000
17291,Sneha Singh,26,Male,AB-,9892286083
17292,Priya Singh,48,Female,AB+,9155351116
17293,Riya Sharma,43,Female,B-,9597379050
17294,Priya Kapoor,57,Male,O+,9867548386
17295,Kavya Patel,47,Male,B+,9257191258
17296,Karan Reddy,32,Male,B+,9139007103
17297,Karan Sharma,47,Female,A+,9879906913
17298,Divya Reddy,21,Male,O+,9557740323
17299,Priya Reddy,54,Male,B+,9760753324
17300,Priya Reddy,53,Male,B+,9889584848
17301,Aman Patel,19,Female,A+,9233459483
17302,Anjali Patel,39,Male,A+,9347459746
17303,Aman Mehta,42,Male,AB+,9320921369
17304,Rohan Reddy,24,Male,B-,9438457365
17305,Sneha Kapoor,55,Female,B+,9990057866
17306,Kavya Gupta,42,Male,O+,9263096288
17307,Rahul Singh,45,Male,O-,9199698699
17308,Divya Reddy,23,Female,A+,9534356076
17309,Anjali Gupta,49,Male,A-,9253710412
17310,Neha Mehta,24,Female,B-,9463579730
17311,Arjun Reddy,27,Female,AB+,9913127498
17312,Karan Reddy,42,Male,A-,9875139474
17313,Karan Verma,21,Female,AB-,9563011241
17314,Priya Gupta,55,Male,O-,9524889794
17315,Divya Gupta,60,Female,A-,9582600264
17316,Kavya Reddy,41,Male,B-,9208895997
17317,Riya Mehta,52,Female,AB+,9593685262
17318,Priya Singh,45,Male,A-,9938601340
17319,Riya Sharma,34,Female,AB+,9313669310
17320,Riya Gupta,42,Male,AB-,9408558402
17321,Sahil Kapoor,39,Female,A-,9449466354
17322,Neha Sharma,38,Male,O+,9359924461
17323,Kavya Reddy,28,Female,B-,9900625430
17324,Anjali Verma,60,Female,O+,9755274628
17325,Riya Mehta,22,Male,O+,9930704529
17326,Kavya Kapoor,55,Male,O+,9732011303
17327,Rohan Kapoor,59,Male,O-,9370238447
17328,Priya Singh,41,Female,B+,9979845215
17329,Rohan Sharma,60,Male,B-,9778331064
17330,Divya Kapoor,27,Female,AB+,9443712525
17331,Aditya Patel,50,Male,B-,9444633292
17332,Aman Patel,43,Male,O-,9614711755
17333,Karan Patel,43,Female,B-,9954767699
17334,Aditya Patel,52,Female,O-,9213473151
17335,Aditya Verma,30,Male,A+,9751626757
17336,Vikram Kapoor,29,Female,O-,9996130820
17337,Kavya Singh,28,Female,O+,9634090304
17338,Vikram Kapoor,28,Male,B+,9715259004
17339,Rahul Reddy,39,Female,A-,9696569484
17340,Aman Mehta,38,Female,O-,9402931949
17341,Rohan Reddy,42,Female,A-,9897667710
17342,Priya Verma,44,Male,A-,9126278720
17343,Neha Sharma,56,Male,AB+,9483072236
17344,Priya Sharma,37,Female,O-,9790246660
17345,Priya Kapoor,45,Male,O+,9964413289
17346,Vikram Singh,28,Female,A+,9148699944
17347,Anjali Patel,23,Female,O+,9713217322
17348,Divya Kapoor,37,Male,B+,9768176502
17349,Arjun Sharma,42,Female,O+,9125483287
17350,Rahul Verma,41,Female,A-,9527738730
17351,Riya Sharma,48,Male,O+,9449365260
17352,Neha Sharma,55,Male,O+,9551317928
17353,Pooja Verma,44,Female,A+,9966315915
17354,Kavya Patel,41,Female,O-,9356451391
17355,Divya Reddy,41,Male,O-,9195943755
17356,Pooja Mehta,28,Male,AB+,9175016612
17357,Rohan Verma,59,Male,A+,9775120825
17358,Arjun Kapoor,54,Male,AB+,9145245279
17359,Priya Gupta,36,Female,A-,9695170864
17360,Sneha Reddy,45,Male,AB-,9161858246
17361,Karan Reddy,58,Male,A+,9943072306
17362,Sahil Mehta,50,Female,B+,9326402562
17363,Neha Reddy,56,Male,A+,9535306878
17364,Karan Sharma,48,Female,O+,9770469508
17365,Kavya Singh,56,Male,A+,9502721441
17366,Rohan Kapoor,58,Female,B+,9657686516
17367,Vikram Kapoor,55,Female,B-,9729342021
17368,Sneha Patel,33,Female,A+,9441843931
17369,Vikram Reddy,43,Male,O-,9772724047
17370,Neha Mehta,34,Female,O+,9713417005
17371,Sneha Gupta,26,Female,AB-,9430965396
17372,Vikram Mehta,59,Female,AB-,9826824235
17373,Vikram Mehta,33,Male,O-,9530721298
17374,Arjun Reddy,41,Male,AB+,9130513013
17375,Neha Gupta,24,Female,AB-,9703819252
17376,Karan Kapoor,42,Female,A+,9456007026
17377,Divya Kapoor,46,Male,A-,9450998745
17378,Divya Sharma,47,Male,O+,9234628100
17379,Aditya Mehta,36,Female,AB+,9258720039
17380,Priya Mehta,48,Female,AB+,9265596294
17381,Arjun Singh,36,Female,O-,9273347485
17382,Sahil Patel,23,Male,B+,9307901453
17383,Rahul Mehta,20,Male,B-,9437575690
17384,Rahul Gupta,28,Female,AB-,9849062512
17385,Karan Patel,50,Male,AB-,9230169230
17386,Aman Sharma,31,Female,B-,9579140224
17387,Divya Patel,33,Female,O+,9679482873
17388,Divya Kapoor,23,Male,AB-,9480852127
17389,Riya Gupta,28,Male,O-,9941476557
17390,Aditya Singh,30,Female,A-,9356679124
17391,Aman Gupta,33,Female,B+,9102949464
17392,Rohan Singh,37,Male,O-,9947843778
17393,Riya Gupta,60,Female,A+,9145463766
17394,Rahul Patel,20,Male,B+,9885712941
17395,Anjali Patel,55,Male,A-,9843593879
17396,Pooja Mehta,42,Female,B+,9445656586
17397,Anjali Singh,58,Female,A-,9778990820
17398,Sahil Gupta,42,Female,B-,9795944886
17399,Rahul Verma,57,Male,AB+,9824381321
17400,Rohan Sharma,37,Female,O-,9861899967
17401,Divya Verma,41,Male,AB-,9543083362
17402,Sahil Singh,53,Female,B+,9485574146
17403,Neha Sharma,29,Male,O+,9616925298
17404,Karan Sharma,37,Female,O+,9586181330
17405,Kavya Kapoor,56,Male,A-,9640296406
17406,Karan Gupta,35,Male,B-,9840691648
17407,Priya Verma,21,Male,AB+,9759661722
17408,Priya Singh,29,Female,AB-,9743054664
17409,Priya Patel,22,Female,B+,9235272938
17410,Karan Mehta,59,Male,A+,9340543374
17411,Neha Patel,48,Male,B+,9647094089
17412,Sneha Patel,44,Male,B+,9512671993
17413,Sneha Verma,58,Male,AB+,9716638801
17414,Karan Singh,53,Male,B+,9453932114
17415,Arjun Reddy,59,Female,AB+,9430039960
17416,Arjun Patel,55,Male,AB-,9674733305
17417,Neha Mehta,34,Male,A+,9862582965
17418,Karan Singh,45,Female,O-,9743946929
17419,Riya Patel,25,Male,B-,9102118921
17420,Sneha Gupta,36,Female,AB+,9223333775
17421,Priya Gupta,53,Female,A+,9557711643
17422,Neha Reddy,43,Female,A-,9883667120
17423,Rohan Gupta,51,Male,O+,9439449779
17424,Neha Reddy,57,Male,A+,9167817813
17425,Karan Verma,21,Female,O-,9216399657
17426,Riya Gupta,32,Male,AB-,9923358780
17427,Sahil Patel,48,Female,AB+,9581833083
17428,Arjun Patel,27,Male,O-,9454926813
17429,Pooja Sharma,58,Female,AB-,9621338080
17430,Rahul Singh,27,Female,AB-,9696277795
17431,Divya Singh,47,Female,A-,9974924277
17432,Neha Sharma,59,Female,O-,9558641146
17433,Sneha Sharma,25,Female,AB-,9233307885
17434,Karan Kapoor,36,Male,B+,9311467067
17435,Aman Mehta,21,Male,B-,9608728925
17436,Kavya Reddy,60,Female,O-,9419187441
17437,Riya Reddy,33,Female,A+,9108866527
17438,Priya Kapoor,26,Male,O+,9525183133
17439,Neha Verma,58,Female,O-,9221734242
17440,Vikram Singh,53,Male,AB+,9862589833
17441,Pooja Singh,35,Male,O+,9552738010
17442,Priya Reddy,28,Female,AB-,9306713146
17443,Pooja Mehta,49,Female,O+,9668688069
17444,Neha Gupta,51,Male,B+,9579861173
17445,Kavya Kapoor,34,Female,B-,9314734307
17446,Karan Kapoor,43,Male,AB+,9927840974
17447,Priya Sharma,19,Male,A+,9719139680
17448,Karan Reddy,59,Female,A-,9774320351
17449,Pooja Reddy,30,Male,B+,9852355852
17450,Vikram Sharma,60,Female,B-,9783922446
17451,Neha Mehta,60,Male,AB+,9212859101
17452,Rahul Kapoor,34,Female,AB-,9843639807
17453,Divya Sharma,24,Female,AB-,9319500838
17454,Priya Reddy,60,Male,A+,9131963705
17455,Anjali Singh,55,Male,A+,9821101650
17456,Aditya Reddy,33,Female,O+,9452020898
17457,Divya Mehta,20,Female,AB+,9885148779
17458,Sahil Singh,29,Male,B-,9529333700
17459,Arjun Reddy,40,Male,A+,9788326369
17460,Anjali Verma,29,Male,B+,9660315284
17461,Priya Singh,22,Male,B+,9834978178
17462,Sahil Gupta,18,Male,A-,9522557935
17463,Riya Singh,50,Male,O-,9714612781
17464,Neha Sharma,52,Male,AB-,9452069684
17465,Divya Sharma,47,Female,A-,9946090371
17466,Neha Sharma,51,Female,AB-,9121995994
17467,Priya Verma,46,Female,B+,9135173926
17468,Priya Reddy,28,Female,A+,9770950374
17469,Rahul Mehta,27,Female,AB+,9540924780
17470,Karan Sharma,51,Female,AB+,9568080113
17471,Sahil Singh,36,Male,AB+,9218648228
17472,Neha Gupta,57,Male,AB-,9483833010
17473,Pooja Mehta,54,Female,B+,9703418251
17474,Vikram Verma,45,Female,B+,9239793117
17475,Neha Gupta,19,Male,O-,9732551030
17476,Divya Reddy,30,Female,B-,9956666425
17477,Aditya Mehta,56,Female,B-,9243460677
17478,Rohan Patel,42,Female,O-,9508978797
17479,Aman Kapoor,44,Male,O-,9343324914
17480,Riya Patel,39,Female,A+,9776433234
17481,Karan Mehta,45,Female,AB+,9869667518
17482,Vikram Verma,26,Male,A+,9413129606
17483,Karan Verma,23,Male,A+,9199240099
17484,Vikram Verma,40,Female,A+,9138026961
17485,Sneha Reddy,58,Male,B+,9449286959
17486,Riya Patel,59,Female,A-,9665315195
17487,Kavya Gupta,27,Female,A+,9507581009
17488,Rohan Sharma,43,Female,A+,9811330765
17489,Sahil Gupta,33,Female,AB-,9746859939
17490,Kavya Mehta,51,Male,B-,9261279684
17491,Pooja Reddy,22,Male,AB+,9568816982
17492,Vikram Reddy,48,Male,A+,9686209478
17493,Priya Reddy,59,Female,B-,9442947163
17494,Divya Kapoor,52,Male,A+,9524143226
17495,Riya Patel,23,Male,A-,9507599246
17496,Rohan Verma,32,Male,A+,9709630493
17497,Sahil Kapoor,58,Female,O-,9923349214
17498,Vikram Verma,27,Female,A-,9556619497
17499,Rahul Kapoor,54,Male,AB-,9790444765
17500,Anjali Verma,39,Male,AB-,9876363660
17501,Kavya Gupta,25,Male,B+,9942031729
17502,Aman Mehta,30,Female,O+,9191177696
17503,Aman Reddy,51,Female,AB-,9699669377
17504,Vikram Reddy,30,Female,O+,9292337600
17505,Karan Singh,42,Male,A+,9110512071
17506,Anjali Reddy,20,Male,A-,9841818645
17507,Pooja Gupta,28,Female,A-,9160827258
17508,Sneha Verma,20,Male,A+,9491689030
17509,Karan Reddy,21,Female,A-,9923909411
17510,Kavya Singh,56,Male,B-,9248077988
17511,Vikram Kapoor,49,Female,O+,9183281785
17512,Anjali Singh,19,Female,A+,9585989930
17513,Karan Verma,57,Female,A-,9613363920
17514,Arjun Reddy,43,Male,B-,9571642684
17515,Sahil Reddy,41,Female,O+,9336644814
17516,Aditya Patel,33,Female,B-,9938514282
17517,Karan Mehta,34,Female,B+,9919174514
17518,Rohan Sharma,22,Male,AB-,9769451111
17519,Sneha Sharma,53,Female,O+,9901316589
17520,Sahil Verma,39,Female,AB-,9955289871
17521,Karan Mehta,22,Male,AB-,9825977564
17522,Anjali Sharma,47,Female,O+,9623045674
17523,Riya Gupta,26,Female,AB-,9903569051
17524,Pooja Patel,43,Male,B-,9426237985
17525,Rohan Patel,29,Male,O-,9684681580
17526,Kavya Patel,23,Female,A+,9476731887
17527,Kavya Sharma,51,Male,A+,9722093007
17528,Aman Kapoor,37,Male,AB+,9253671795
17529,Riya Patel,37,Male,A-,9264707500
17530,Sneha Mehta,25,Male,A-,9895586761
17531,Sahil Gupta,27,Male,A+,9155154583
17532,Rahul Reddy,52,Female,O-,9269970972
17533,Rahul Mehta,46,Male,A+,9206714242
17534,Rahul Kapoor,41,Male,A+,9381374191
17535,Rohan Reddy,44,Female,B-,9744748982
17536,Kavya Verma,43,Female,O-,9766149222
17537,Rahul Reddy,36,Male,B+,9362835136
17538,Divya Sharma,28,Male,B-,9774445072
17539,Neha Sharma,29,Male,B+,9861155041
17540,Aman Gupta,54,Female,O-,9352520770
17541,Karan Verma,20,Female,A+,9113869501
17542,Sahil Singh,23,Female,AB+,9912349683
17543,Priya Mehta,51,Female,A-,9800878076
17544,Arjun Patel,33,Male,O+,9466711893
17545,Sneha Patel,20,Female,O+,9720613166
17546,Sneha Singh,57,Male,O+,9453838842
17547,Anjali Singh,25,Male,B-,9478627954
17548,Sneha Patel,24,Male,O+,9991294315
17549,Divya Reddy,18,Female,AB+,9847137431
17550,Anjali Singh,57,Female,O-,9691020952
17551,Karan Mehta,18,Male,O+,9729254873
17552,Neha Kapoor,30,Female,A-,9445674895
17553,Priya Reddy,29,Female,O+,9793139314
17554,Kavya Verma,44,Male,AB-,9514681899
17555,Vikram Patel,45,Female,O-,9673846506
17556,Sneha Patel,41,Female,AB+,9956169160
17557,Divya Sharma,27,Male,AB+,9149529752
17558,Vikram Verma,20,Male,B+,9304507827
17559,Aditya Sharma,27,Female,O+,9714554202
17560,Sneha Verma,41,Female,B+,9519235702
17561,Arjun Singh,60,Male,B-,9567601284
17562,Divya Singh,34,Male,AB+,9319980706
17563,Arjun Patel,59,Female,A+,9141248026
17564,Sahil Mehta,52,Female,A-,9461315616
17565,Rohan Kapoor,39,Male,AB+,9764148984
17566,Aman Singh,36,Male,O+,9955354787
17567,Kavya Mehta,53,Male,A+,9518052448
17568,Riya Singh,28,Female,O-,9192181173
17569,Vikram Verma,18,Male,A+,9796232959
17570,Kavya Gupta,33,Male,A-,9159704277
17571,Arjun Patel,57,Male,A-,9935846349
17572,Aditya Verma,43,Female,AB-,9392215003
17573,Pooja Verma,24,Male,AB-,9175925596
17574,Aditya Kapoor,51,Female,A-,9792879359
17575,Kavya Mehta,19,Male,B+,9618378870
17576,Neha Verma,25,Female,AB-,9257190748
17577,Neha Mehta,56,Male,B+,9804166085
17578,Anjali Sharma,55,Male,B-,9273626830
17579,Rohan Sharma,19,Female,B+,9835601088
17580,Sneha Singh,24,Female,AB-,9413333872
17581,Anjali Reddy,18,Male,A+,9732510842
17582,Pooja Mehta,39,Female,AB+,9848852277
17583,Riya Kapoor,57,Male,AB+,9919050085
17584,Neha Kapoor,25,Female,B+,9130078122
17585,Aditya Reddy,51,Female,B+,9959228256
17586,Aditya Mehta,33,Male,A+,9520490932
17587,Sneha Kapoor,37,Male,B+,9856985384
17588,Aditya Verma,30,Male,O-,9810608197
17589,Rohan Mehta,20,Male,A-,9411386086
17590,Divya Kapoor,24,Male,AB-,9709351802
17591,Kavya Gupta,57,Female,O+,9952006267
17592,Riya Gupta,30,Male,B-,9298849240
17593,Sahil Verma,36,Female,AB-,9159743181
17594,Anjali Mehta,35,Male,B-,9423439165
17595,Divya Verma,27,Male,AB-,9680693273
17596,Kavya Sharma,56,Female,B+,9562905455
17597,Karan Patel,59,Male,O-,9392997966
17598,Anjali Singh,38,Female,B-,9718868379
17599,Riya Kapoor,39,Male,B+,9723381695
17600,Karan Mehta,39,Female,A+,9777103150
17601,Aditya Gupta,46,Female,AB-,9248433838
17602,Sahil Kapoor,52,Female,B-,9270030204
17603,Rohan Reddy,59,Female,A-,9172331711
17604,Pooja Kapoor,34,Male,B-,9355448213
17605,Divya Sharma,44,Female,AB+,9416894423
17606,Rohan Patel,53,Female,A-,9581649023
17607,Rohan Sharma,57,Female,AB-,9269929969
17608,Rahul Reddy,23,Female,O+,9856973426
17609,Divya Kapoor,29,Male,O-,9787073089
17610,Rahul Verma,24,Female,O-,9795729509
17611,Riya Gupta,56,Female,AB+,9884463615
17612,Sahil Mehta,51,Female,B+,9180236052
17613,Pooja Reddy,41,Female,O-,9163051026
17614,Rohan Sharma,54,Male,O+,9395765350
17615,Karan Patel,57,Male,B+,9869046563
17616,Divya Mehta,39,Male,AB-,9167198787
17617,Riya Verma,27,Female,AB+,9130157622
17618,Aman Reddy,56,Female,AB-,9709046744
17619,Neha Gupta,30,Female,A+,9283319487
17620,Pooja Verma,20,Female,B+,9643969605
17621,Neha Mehta,57,Female,B-,9317145834
17622,Priya Sharma,32,Female,AB+,9226523937
17623,Kavya Singh,48,Male,AB+,9915458127
17624,Kavya Reddy,53,Male,O+,9113065514
17625,Anjali Sharma,22,Female,A-,9935030314
17626,Anjali Reddy,21,Female,O-,9720152181
17627,Karan Singh,19,Male,B+,9888098937
17628,Rohan Singh,45,Male,O+,9363444827
17629,Anjali Patel,22,Female,O-,9568545429
17630,Rahul Patel,56,Male,O-,9209918731
17631,Anjali Verma,53,Male,AB-,9943745993
17632,Karan Gupta,25,Male,O-,9336612266
17633,Sneha Sharma,44,Male,A-,9922224913
17634,Arjun Verma,51,Male,AB+,9732051957
17635,Riya Kapoor,48,Female,A+,9815733342
17636,Anjali Reddy,21,Male,B+,9226273921
17637,Rahul Sharma,60,Female,A+,9726986705
17638,Anjali Patel,28,Female,O+,9907679357
17639,Arjun Patel,53,Male,AB+,9255678974
17640,Divya Sharma,30,Female,B-,9566636854
17641,Kavya Verma,47,Female,AB-,9326376762
17642,Rohan Reddy,32,Male,AB-,9290769454
17643,Sneha Gupta,58,Male,A+,9952286504
17644,Rohan Reddy,24,Male,A+,9349844700
17645,Sneha Sharma,24,Male,B+,9597075287
17646,Rohan Reddy,20,Female,AB+,9161059380
17647,Arjun Patel,47,Male,O+,9889987728
17648,Anjali Verma,41,Female,AB+,9521367176
17649,Pooja Reddy,56,Female,O+,9213632353
17650,Arjun Reddy,58,Female,B-,9641846277
17651,Riya Patel,26,Female,A+,9283892725
17652,Rohan Mehta,23,Male,AB-,9976131438
17653,Neha Verma,59,Male,AB+,9362221887
17654,Karan Verma,24,Female,A-,9103888967
17655,Priya Mehta,47,Male,AB+,9901333591
17656,Aman Reddy,43,Female,B-,9156610045
17657,Rohan Singh,47,Male,A-,9461569428
17658,Divya Sharma,30,Female,A+,9232759318
17659,Aman Patel,53,Male,A-,9680307984
17660,Aditya Gupta,20,Female,AB+,9710640520
17661,Vikram Singh,20,Female,B-,9945226819
17662,Divya Mehta,43,Male,A+,9240854939
17663,Vikram Gupta,54,Female,AB-,9202879197
17664,Karan Verma,56,Female,AB+,9910764344
17665,Kavya Sharma,48,Male,O-,9358304398
17666,Rahul Singh,23,Female,O+,9873951409
17667,Rahul Verma,31,Female,O-,9534152031
17668,Arjun Gupta,40,Female,O+,9272297511
17669,Aman Sharma,59,Female,B+,9132988681
17670,Riya Verma,18,Female,O+,9211094182
17671,Karan Reddy,33,Female,B-,9447386807
17672,Kavya Verma,23,Male,B+,9904251071
17673,Neha Gupta,46,Female,A+,9401242406
17674,Kavya Singh,60,Male,B+,9307381993
17675,Sneha Kapoor,54,Male,O-,9243518184
17676,Sneha Reddy,43,Male,B+,9259976243
17677,Sneha Sharma,51,Male,AB+,9381748005
17678,Priya Kapoor,19,Female,AB+,9685171563
17679,Anjali Reddy,26,Male,AB+,9987033379
17680,Pooja Patel,33,Female,O+,9288102694
17681,Aditya Reddy,23,Female,B+,9477338142
17682,Pooja Patel,33,Male,A+,9631021151
17683,Vikram Reddy,59,Male,A-,9244330576
17684,Arjun Patel,54,Female,O+,9202107166
17685,Pooja Patel,56,Female,O+,9218798622
17686,Rohan Singh,43,Female,A+,9437462339
17687,Neha Kapoor,54,Male,A+,9323017331
17688,Neha Sharma,19,Male,O+,9954553941
17689,Sneha Mehta,49,Female,AB+,9339751995
17690,Rohan Singh,53,Male,A-,9647449411
17691,Pooja Patel,29,Male,A+,9219505004
17692,Priya Reddy,26,Male,O-,9224009880
17693,Aman Patel,36,Female,B-,9342723527
17694,Kavya Kapoor,29,Male,B+,9484701041
17695,Karan Mehta,32,Female,AB-,9905475304
17696,Pooja Sharma,29,Female,O+,9983573025
17697,Arjun Patel,20,Female,AB+,9179383539
17698,Riya Verma,58,Male,B-,9965902463
17699,Pooja Patel,54,Female,A-,9766134160
17700,Arjun Mehta,30,Male,A-,9823841720
17701,Kavya Mehta,58,Male,A+,9890892112
17702,Arjun Patel,58,Male,AB+,9700208659
17703,Rahul Verma,55,Male,AB+,9317864403
17704,Pooja Kapoor,51,Female,A-,9350684788
17705,Rohan Gupta,33,Male,AB-,9810471844
17706,Karan Patel,49,Female,B-,9479659371
17707,Rohan Patel,37,Female,O-,9482241296
17708,Anjali Patel,28,Male,B-,9326522193
17709,Kavya Patel,18,Male,A+,9431081134
17710,Sneha Mehta,39,Male,A+,9220347981
17711,Sneha Patel,36,Female,B-,9234188234
17712,Anjali Verma,27,Male,B-,9879747445
17713,Aman Sharma,57,Male,O+,9957136871
17714,Vikram Mehta,25,Male,AB+,9831898254
17715,Rahul Singh,58,Male,A+,9166619000
17716,Rahul Verma,33,Male,AB-,9305130868
17717,Aman Verma,27,Male,AB+,9597283452
17718,Anjali Reddy,18,Male,B-,9843402746
17719,Sneha Mehta,22,Male,B+,9490403185
17720,Rahul Mehta,33,Male,B-,9376892392
17721,Sahil Mehta,50,Female,AB-,9488963158
17722,Rahul Singh,36,Male,O+,9135653805
17723,Pooja Verma,24,Male,B-,9574872759
17724,Rohan Sharma,53,Female,A+,9959712718
17725,Priya Gupta,58,Female,A-,9248485490
17726,Sahil Patel,35,Female,AB+,9426333191
17727,Neha Reddy,42,Male,A+,9723694450
17728,Vikram Mehta,54,Female,AB+,9499809146
17729,Anjali Reddy,55,Male,AB+,9661244194
17730,Aman Kapoor,37,Male,AB-,9622790672
17731,Sneha Singh,55,Male,B+,9554345331
17732,Rohan Reddy,25,Female,O-,9211361951
17733,Aman Sharma,20,Female,AB-,9182377099
17734,Anjali Verma,52,Male,AB+,9356321959
17735,Riya Singh,58,Female,A-,9578741385
17736,Riya Kapoor,34,Male,A-,9613585242
17737,Divya Singh,32,Male,B-,9880452803
17738,Divya Singh,44,Male,B+,9941705666
17739,Rohan Patel,56,Female,O+,9356066663
17740,Divya Reddy,30,Female,O+,9253243776
17741,Neha Singh,23,Female,B+,9409449059
17742,Sneha Reddy,39,Male,B-,9246992610
17743,Rohan Sharma,55,Male,AB+,9254136568
17744,Neha Mehta,19,Male,B-,9302299768
17745,Riya Mehta,44,Female,A-,9680440351
17746,Sneha Patel,27,Male,A+,9738358975
17747,Anjali Reddy,20,Female,O+,9670637518
17748,Aman Sharma,18,Female,B+,9747796988
17749,Anjali Gupta,26,Male,O+,9315924298
17750,Riya Reddy,46,Male,B+,9944444194
17751,Neha Singh,58,Female,A-,9232706749
17752,Anjali Patel,50,Male,B-,9940843003
17753,Aman Reddy,36,Male,A+,9193029170
17754,Kavya Verma,54,Male,A+,9537082559
17755,Arjun Verma,48,Female,AB-,9998017181
17756,Priya Reddy,37,Male,O+,9404454236
17757,Anjali Reddy,32,Male,AB-,9469555916
17758,Karan Verma,57,Female,B+,9541296340
17759,Priya Singh,24,Male,B+,9733069940
17760,Divya Reddy,50,Female,A+,9138634624
17761,Aman Patel,46,Male,O-,9319806839
17762,Arjun Patel,58,Male,B-,9912027879
17763,Sneha Singh,48,Female,AB+,9947584462
17764,Priya Verma,43,Female,B+,9836668592
17765,Aditya Gupta,52,Female,O+,9186193996
17766,Neha Patel,42,Male,O+,9289170606
17767,Aditya Kapoor,36,Female,O-,9521506566
17768,Vikram Verma,54,Male,A-,9189168330
17769,Vikram Verma,49,Female,A+,9815264039
17770,Sneha Singh,43,Male,B+,9441868745
17771,Karan Singh,35,Female,A+,9476088124
17772,Sneha Gupta,49,Male,B+,9897506456
17773,Sahil Mehta,21,Female,AB+,9926402134
17774,Vikram Kapoor,49,Female,A-,9841922954
17775,Neha Mehta,49,Male,O+,9891697325
17776,Aman Kapoor,28,Female,A-,9179783842
17777,Aman Patel,51,Female,O+,9786902092
17778,Rahul Gupta,56,Female,A-,9563948037
17779,Priya Gupta,19,Female,A+,9856203364
17780,Anjali Singh,49,Female,B+,9673840295
17781,Sahil Patel,33,Female,AB-,9786167694
17782,Neha Sharma,18,Female,O-,9149147753
17783,Neha Verma,54,Female,A-,9508503576
17784,Pooja Gupta,34,Male,B-,9997901421
17785,Arjun Gupta,29,Female,O+,9572542938
17786,Priya Gupta,38,Male,AB+,9354118640
17787,Kavya Kapoor,48,Male,B+,9451841952
17788,Sahil Verma,24,Male,AB+,9604322103
17789,Pooja Mehta,33,Male,B+,9423859019
17790,Riya Reddy,21,Male,O-,9640218437
17791,Sneha Kapoor,40,Female,B-,9245993611
17792,Aman Verma,26,Female,AB+,9220457282
17793,Divya Sharma,47,Female,O+,9625814321
17794,Divya Reddy,45,Male,B+,9149759643
17795,Sneha Kapoor,39,Male,AB+,9272720986
17796,Vikram Singh,42,Female,A-,9737035470
17797,Arjun Singh,39,Female,AB-,9663966091
17798,Aditya Singh,50,Male,B-,9562968406
17799,Vikram Singh,46,Female,O-,9719109657
17800,Anjali Reddy,54,Male,AB-,9375929010
17801,Aman Kapoor,30,Male,O-,9729758444
17802,Pooja Patel,27,Male,B-,9834298856
17803,Riya Kapoor,44,Male,AB-,9101403905
17804,Kavya Kapoor,22,Female,AB+,9893437811
17805,Sneha Singh,19,Female,O-,9420224884
17806,Sahil Kapoor,56,Female,B+,9375015236
17807,Sahil Patel,30,Male,A-,9922403773
17808,Sahil Sharma,31,Male,A+,9578904120
17809,Karan Patel,59,Female,A-,9190454774
17810,Karan Kapoor,28,Female,AB+,9384318342
17811,Kavya Mehta,20,Male,AB+,9662456047
17812,Anjali Verma,50,Male,O-,9757392825
17813,Priya Verma,35,Male,O-,9366472975
17814,Divya Reddy,35,Male,A+,9783109865
17815,Sneha Singh,27,Female,B-,9349599770
17816,Priya Sharma,22,Male,A+,9769028718
17817,Vikram Singh,20,Male,AB-,9452549805
17818,Rahul Mehta,43,Male,O-,9976689725
17819,Divya Gupta,42,Male,O+,9177750533
17820,Karan Singh,27,Male,O+,9952633302
17821,Anjali Sharma,53,Male,O+,9290865594
17822,Sneha Reddy,33,Male,A+,9271402577
17823,Aditya Verma,33,Female,O+,9237729288
17824,Arjun Kapoor,52,Female,AB+,9336479415
17825,Riya Patel,39,Male,A+,9372632004
17826,Sneha Sharma,29,Female,A+,9339169697
17827,Neha Sharma,58,Female,O+,9872643241
17828,Divya Sharma,19,Female,B+,9869328769
17829,Neha Kapoor,54,Female,A-,9610333643
17830,Rahul Verma,34,Male,A-,9287572499
17831,Vikram Singh,52,Male,B+,9935138085
17832,Sahil Gupta,26,Female,B+,9561073132
17833,Vikram Gupta,35,Female,B-,9744221276
17834,Aditya Reddy,24,Female,O+,9453565492
17835,Sneha Sharma,20,Male,A+,9925061851
17836,Neha Mehta,45,Female,B+,9193355174
17837,Arjun Singh,35,Male,B-,9858592569
17838,Neha Mehta,26,Female,AB-,9534540922
17839,Aman Reddy,23,Male,O-,9832736947
17840,Sahil Reddy,26,Female,O-,9115373929
17841,Rohan Verma,29,Female,O+,9266678733
17842,Rohan Reddy,51,Male,B-,9482576905
17843,Kavya Singh,40,Female,B-,9626865568
17844,Rahul Sharma,50,Male,AB-,9226933985
17845,Anjali Kapoor,52,Male,O+,9300965141
17846,Riya Kapoor,59,Male,O+,9477065401
17847,Karan Gupta,49,Female,O-,9351964040
17848,Neha Patel,28,Male,AB+,9291149232
17849,Divya Singh,52,Female,O+,9893712259
17850,Rahul Patel,34,Female,AB-,9334597210
17851,Vikram Mehta,40,Female,B-,9697101500
17852,Vikram Gupta,19,Female,B-,9955950236
17853,Sahil Mehta,29,Female,AB-,9143171799
17854,Divya Singh,20,Female,B-,9364806557
17855,Kavya Sharma,42,Female,A-,9130953539
17856,Rohan Singh,53,Female,AB-,9968884195
17857,Kavya Reddy,30,Male,A-,9865935279
17858,Sahil Singh,53,Male,B-,9131468665
17859,Priya Kapoor,41,Female,O-,9193630406
17860,Rohan Singh,25,Male,B-,9887776872
17861,Riya Gupta,42,Female,O+,9162374392
17862,Pooja Mehta,53,Female,AB-,9365634397
17863,Vikram Gupta,32,Female,O-,9959220402
17864,Rohan Reddy,25,Female,AB+,9219556982
17865,Divya Reddy,18,Female,AB+,9934563351
17866,Aman Kapoor,37,Female,B-,9141835038
17867,Pooja Mehta,59,Male,B-,9847745652
17868,Arjun Patel,44,Female,O-,9931643827
17869,Vikram Patel,29,Female,O+,9283137152
17870,Sahil Mehta,52,Female,O+,9968081098
17871,Vikram Mehta,43,Male,A-,9104468185
17872,Arjun Reddy,53,Male,A+,9427863903
17873,Divya Kapoor,35,Male,O+,9168614453
17874,Aditya Patel,36,Female,B-,9239428904
17875,Rahul Reddy,44,Female,B+,9368512432
17876,Pooja Reddy,47,Female,AB-,9374787601
17877,Divya Sharma,43,Female,A-,9376516052
17878,Pooja Patel,35,Female,AB-,9961404128
17879,Vikram Gupta,53,Female,A-,9145473518
17880,Riya Verma,40,Male,AB+,9336833253
17881,Neha Patel,42,Female,A-,9820338715
17882,Anjali Verma,21,Female,A-,9120663176
17883,Rohan Singh,37,Male,O-,9707943679
17884,Pooja Patel,41,Male,B+,9477322609
17885,Sahil Patel,28,Female,B+,9826013486
17886,Karan Sharma,41,Male,A+,9470589431
17887,Aman Kapoor,29,Female,A+,9637882304
17888,Kavya Singh,38,Female,O+,9526252449
17889,Vikram Singh,32,Male,O+,9941573384
17890,Sneha Mehta,51,Male,AB-,9150486003
17891,Kavya Verma,30,Male,B-,9738459950
17892,Arjun Reddy,38,Male,B-,9487893819
17893,Aditya Patel,41,Male,A-,9428501383
17894,Aman Reddy,21,Female,O-,9484595739
17895,Aditya Gupta,20,Male,O+,9862801100
17896,Rahul Singh,37,Male,A+,9179996651
17897,Aman Reddy,20,Male,AB-,9908358050
17898,Sahil Singh,31,Female,AB+,9148943024
17899,Riya Kapoor,50,Female,B-,9555155798
17900,Rahul Mehta,48,Female,O-,9143849045
17901,Aditya Patel,48,Male,B-,9192187297
17902,Priya Sharma,39,Male,A-,9190128179
17903,Anjali Reddy,47,Female,A-,9318040222
17904,Sahil Reddy,27,Male,B-,9830037469
17905,Divya Patel,39,Female,A-,9947647636
17906,Vikram Gupta,52,Female,AB-,9135462706
17907,Arjun Patel,33,Female,B-,9973184442
17908,Rahul Patel,46,Female,B-,9701828131
17909,Pooja Verma,22,Male,O-,9314986391
17910,Pooja Singh,55,Female,O+,9923798484
17911,Pooja Verma,23,Female,A-,9347466978
17912,Karan Patel,31,Male,AB-,9640244973
17913,Vikram Mehta,54,Male,B+,9949059526
17914,Sneha Singh,27,Male,O+,9890344335
17915,Sneha Singh,60,Male,B-,9937672009
17916,Anjali Gupta,60,Male,AB+,9514119002
17917,Rahul Sharma,48,Female,A-,9661948628
17918,Sneha Mehta,47,Female,AB-,9136793222
17919,Rohan Verma,24,Male,AB-,9107129225
17920,Kavya Kapoor,25,Male,O+,9746068597
17921,Anjali Singh,30,Female,O+,9687201459
17922,Kavya Singh,55,Male,O+,9365526542
17923,Sneha Reddy,50,Female,A+,9689864518
17924,Vikram Kapoor,57,Male,A+,9479621472
17925,Vikram Singh,33,Male,AB+,9178291517
17926,Anjali Mehta,44,Male,O-,9371948233
17927,Kavya Patel,27,Female,O+,9172118306
17928,Pooja Sharma,58,Female,A+,9972637188
17929,Kavya Kapoor,47,Male,A-,9510176464
17930,Aman Reddy,34,Male,B-,9491199790
17931,Vikram Reddy,18,Male,O-,9646104401
17932,Rahul Kapoor,29,Female,A+,9832429833
17933,Kavya Verma,44,Male,B-,9394380296
17934,Kavya Mehta,37,Male,A+,9258892271
17935,Aman Gupta,45,Female,B+,9538169210
17936,Rahul Patel,21,Male,O+,9127066058
17937,Kavya Singh,29,Male,O-,9139471500
17938,Arjun Singh,20,Male,A-,9780922639
17939,Pooja Sharma,59,Male,A-,9876401894
17940,Aditya Verma,21,Male,B+,9779554264
17941,Riya Reddy,43,Male,A-,9696995154
17942,Anjali Kapoor,60,Male,A+,9846174654
17943,Karan Verma,54,Male,A-,9114836882
17944,Neha Mehta,48,Female,A-,9296715154
17945,Karan Verma,39,Female,O-,9101047329
17946,Kavya Kapoor,32,Male,A-,9779912038
17947,Anjali Reddy,58,Male,A-,9365730518
17948,Sneha Sharma,32,Male,O+,9308358493
17949,Rahul Gupta,21,Female,B-,9143570184
17950,Neha Patel,36,Female,AB-,9559848291
17951,Karan Gupta,34,Male,O-,9640866508
17952,Arjun Patel,60,Male,B-,9953404077
17953,Sneha Singh,55,Male,A-,9722777559
17954,Vikram Patel,59,Male,A+,9302864804
17955,Arjun Gupta,18,Male,B+,9345277902
17956,Riya Verma,45,Female,A+,9319985151
17957,Neha Kapoor,54,Female,A+,9925560650
17958,Arjun Patel,23,Female,O+,9855031041
17959,Arjun Kapoor,59,Male,B+,9319744685
17960,Pooja Verma,39,Female,O-,9464461880
17961,Rahul Verma,34,Female,A-,9541745299
17962,Neha Sharma,46,Female,A-,9276735710
17963,Karan Singh,25,Male,O-,9487566461
17964,Priya Singh,35,Female,O-,9788907574
17965,Karan Reddy,29,Male,O-,9608432886
17966,Priya Verma,38,Female,A+,9157160149
17967,Arjun Kapoor,49,Female,A-,9344560477
17968,Priya Verma,45,Female,O-,9814131685
17969,Vikram Sharma,50,Male,O+,9389876975
17970,Anjali Reddy,24,Female,O-,9265109541
17971,Riya Verma,32,Female,A+,9705350536
17972,Arjun Kapoor,57,Male,AB+,9748964700
17973,Anjali Kapoor,18,Female,O-,9744630882
17974,Pooja Patel,46,Male,B-,9168979958
17975,Sahil Reddy,22,Female,O+,9548093105
17976,Sneha Kapoor,33,Male,O+,9260474768
17977,Sneha Kapoor,48,Female,B+,9508040902
17978,Rohan Singh,59,Female,AB+,9496265182
17979,Anjali Mehta,26,Female,A-,9509983362
17980,Aman Patel,42,Male,O-,9297455249
17981,Neha Mehta,23,Female,AB+,9442155344
17982,Aman Gupta,51,Male,B-,9257400954
17983,Riya Reddy,59,Male,B-,9369474536
17984,Pooja Verma,44,Male,O-,9700170614
17985,Vikram Patel,41,Female,AB-,9270488876
17986,Kavya Reddy,25,Male,B+,9132557748
17987,Karan Verma,32,Male,A-,9100250921
17988,Neha Kapoor,46,Male,B-,9926901877
17989,Sahil Verma,55,Male,B-,9431920914
17990,Neha Verma,45,Male,O-,9959182453
17991,Karan Kapoor,55,Male,B+,9470660546
17992,Arjun Sharma,24,Male,AB-,9265462494
17993,Aditya Reddy,42,Male,B+,9454611123
17994,Karan Sharma,48,Female,O+,9100950205
17995,Sneha Kapoor,28,Female,AB+,9350242628
17996,Sneha Verma,58,Female,A+,9961470918
17997,Riya Sharma,35,Female,O-,9959313692
17998,Neha Singh,30,Female,O-,9121481622
17999,Divya Kapoor,44,Male,A+,9460679035
18000,Sneha Mehta,23,Male,AB+,9761703971
18001,Priya Reddy,27,Male,AB-,9457377975
18002,Aman Gupta,42,Male,O+,9200578241
18003,Arjun Kapoor,30,Female,A-,9306838234
18004,Neha Verma,47,Male,AB-,9316303514
18005,Karan Reddy,58,Male,A+,9261601625
18006,Vikram Kapoor,30,Male,AB+,9685842092
18007,Rohan Patel,19,Male,O+,9142435957
18008,Karan Sharma,18,Female,B-,9651018137
18009,Riya Gupta,55,Male,O-,9761889701
18010,Vikram Gupta,26,Male,AB-,9927022105
18011,Sahil Sharma,56,Male,AB+,9380491164
18012,Anjali Sharma,43,Male,AB-,9512233751
18013,Divya Singh,56,Male,B-,9100551001
18014,Divya Patel,48,Female,A-,9377214967
18015,Aditya Singh,45,Female,A+,9397918113
18016,Rohan Singh,27,Male,O-,9923535913
18017,Sahil Gupta,50,Male,A+,9308001436
18018,Karan Verma,47,Male,A+,9304971798
18019,Divya Verma,45,Female,AB-,9375220193
18020,Sahil Mehta,32,Male,A-,9526269637
18021,Rahul Kapoor,47,Male,A-,9115075348
18022,Anjali Mehta,60,Male,A-,9842610956
18023,Aditya Kapoor,38,Male,O-,9629428728
18024,Kavya Verma,29,Female,B+,9134150839
18025,Arjun Mehta,39,Female,AB-,9762266819
18026,Divya Sharma,36,Male,A-,9147560182
18027,Kavya Mehta,35,Male,O-,9841330078
18028,Rahul Kapoor,49,Male,B+,9195093632
18029,Rahul Sharma,56,Male,O-,9340631152
18030,Priya Kapoor,33,Male,O-,9233038139
18031,Karan Singh,49,Male,B-,9847984679
18032,Neha Singh,28,Female,B-,9777360406
18033,Priya Gupta,56,Male,A+,9123275026
18034,Sneha Gupta,60,Female,B+,9317252064
18035,Rahul Patel,19,Female,AB+,9899557250
18036,Vikram Reddy,48,Male,AB-,9719214735
18037,Rohan Reddy,29,Male,AB+,9209366880
18038,Anjali Reddy,19,Male,B+,9707386623
18039,Divya Reddy,59,Male,O+,9457720396
18040,Arjun Sharma,28,Female,O+,9960226337
18041,Aditya Verma,59,Female,AB-,9658404533
18042,Priya Gupta,51,Male,O-,9251062565
18043,Sahil Gupta,41,Female,A-,9645652276
18044,Aman Gupta,31,Male,B-,9356929776
18045,Anjali Singh,57,Male,A-,9772876527
18046,Kavya Verma,21,Female,B-,9160762022
18047,Arjun Mehta,60,Female,AB+,9997462831
18048,Sneha Kapoor,55,Male,O-,9208557841
18049,Rohan Patel,35,Male,A-,9870754495
18050,Karan Reddy,37,Male,AB+,9476861332
18051,Vikram Singh,46,Male,O-,9335770980
18052,Rohan Kapoor,32,Male,O-,9828374211
18053,Vikram Singh,26,Male,B-,9758865605
18054,Priya Reddy,42,Female,B+,9451351743
18055,Pooja Gupta,55,Male,O-,9983827911
18056,Anjali Singh,52,Male,B-,9501214152
18057,Sneha Gupta,40,Female,B+,9402837517
18058,Aditya Mehta,47,Female,A+,9761691127
18059,Riya Verma,44,Female,B+,9857497736
18060,Aditya Reddy,41,Female,AB+,9355662692
18061,Rohan Patel,53,Male,A+,9574120169
18062,Anjali Mehta,23,Male,AB+,9326930773
18063,Rohan Patel,52,Female,AB-,9541917612
18064,Sahil Sharma,60,Male,AB+,9244770295
18065,Aditya Gupta,57,Female,A-,9357759258
18066,Neha Reddy,19,Male,AB+,9953479548
18067,Priya Gupta,41,Male,O+,9821619827
18068,Kavya Kapoor,44,Male,B+,9876406348
18069,Pooja Singh,18,Male,O+,9512486982
18070,Aditya Verma,34,Male,A+,9173447346
18071,Riya Mehta,48,Female,B+,9956573752
18072,Arjun Reddy,49,Female,B-,9695594241
18073,Aman Kapoor,36,Male,O+,9407871699
18074,Anjali Reddy,25,Female,AB-,9793593487
18075,Kavya Verma,57,Male,B+,9964569370
18076,Rohan Gupta,30,Male,O-,9680448985
18077,Divya Patel,50,Male,A-,9606063465
18078,Rohan Singh,49,Female,A-,9934389704
18079,Priya Verma,36,Male,A+,9258245700
18080,Anjali Mehta,58,Male,O-,9667175934
18081,Arjun Patel,40,Male,AB-,9183020854
18082,Riya Patel,30,Female,B+,9487430797
18083,Arjun Gupta,30,Female,A-,9624105815
18084,Rahul Mehta,29,Female,B-,9927916664
18085,Rahul Verma,35,Female,B+,9171880739
18086,Vikram Gupta,58,Male,B+,9119673471
18087,Neha Verma,60,Female,B-,9679611851
18088,Rahul Singh,60,Male,B+,9947382482
18089,Kavya Patel,54,Male,B+,9748861243
18090,Anjali Kapoor,60,Male,A+,9367079320
18091,Sneha Verma,18,Male,O+,9798003094
18092,Divya Gupta,26,Male,AB+,9509083472
18093,Kavya Patel,24,Female,AB+,9615202312
18094,Vikram Mehta,33,Male,AB+,9286100292
18095,Sahil Gupta,21,Male,O-,9834852320
18096,Aman Reddy,37,Male,A+,9603804293
18097,Divya Singh,38,Female,B-,9524009379
18098,Karan Sharma,30,Male,A+,9552619958
18099,Anjali Verma,32,Male,O+,9519983664
18100,Anjali Singh,55,Male,O+,9349240776
18101,Pooja Reddy,18,Male,B-,9531117331
18102,Neha Mehta,28,Female,O-,9939721306
18103,Riya Gupta,29,Female,AB+,9933119552
18104,Karan Sharma,59,Female,A-,9341244188
18105,Vikram Reddy,39,Male,B-,9464562360
18106,Kavya Kapoor,42,Male,A+,9501649773
18107,Rahul Gupta,34,Male,O+,9658645810
18108,Pooja Gupta,31,Female,A-,9140870202
18109,Riya Kapoor,60,Female,AB-,9207512011
18110,Anjali Sharma,44,Female,A+,9147116921
18111,Aman Mehta,58,Female,B+,9774943746
18112,Riya Patel,21,Female,O+,9285111261
18113,Divya Kapoor,59,Female,AB-,9528433158
18114,Riya Patel,31,Female,B+,9402293698
18115,Neha Sharma,38,Male,B-,9579840989
18116,Riya Patel,41,Male,O-,9649204256
18117,Neha Gupta,33,Female,B-,9660137231
18118,Karan Gupta,51,Male,A+,9339798864
18119,Aditya Verma,28,Female,AB+,9843509331
18120,Divya Gupta,33,Male,B-,9624267551
18121,Rohan Singh,21,Male,B+,9649908243
18122,Aman Sharma,50,Female,B-,9988992704
18123,Neha Singh,58,Male,B-,9251302398
18124,Aman Kapoor,59,Male,A-,9989629140
18125,Rahul Reddy,41,Male,O-,9700908217
18126,Sahil Singh,51,Female,O-,9642794549
18127,Sneha Mehta,51,Female,AB-,9751155799
18128,Rohan Singh,23,Female,B+,9551793944
18129,Priya Singh,24,Male,AB-,9754013384
18130,Aman Singh,54,Male,B-,9230207770
18131,Rahul Reddy,50,Female,O+,9569221315
18132,Arjun Patel,24,Female,A-,9678468115
18133,Anjali Kapoor,28,Female,B-,9687731404
18134,Vikram Reddy,54,Female,AB+,9189892821
18135,Neha Reddy,32,Male,O-,9630834249
18136,Rahul Patel,46,Female,O+,9215716198
18137,Pooja Sharma,36,Female,AB+,9494012764
18138,Vikram Verma,22,Male,AB+,9396967831
18139,Karan Mehta,35,Male,A+,9568779625
18140,Anjali Verma,58,Female,AB+,9915485491
18141,Aman Sharma,57,Female,A+,9626600157
18142,Sahil Sharma,36,Female,O+,9482559542
18143,Priya Verma,42,Male,AB-,9889935848
18144,Kavya Kapoor,22,Female,AB+,9593671200
18145,Rahul Verma,35,Female,A+,9643372345
18146,Vikram Kapoor,46,Male,AB-,9926005503
18147,Anjali Patel,31,Female,B-,9272719636
18148,Divya Patel,39,Male,A-,9571809786
18149,Karan Sharma,55,Male,A-,9860867149
18150,Aman Kapoor,37,Female,A+,9155137504
18151,Neha Patel,57,Male,AB-,9465444702
18152,Rohan Singh,45,Male,B+,9567573428
18153,Kavya Patel,58,Male,AB-,9192897351
18154,Aman Kapoor,33,Male,A+,9392861541
18155,Neha Gupta,47,Female,O+,9451864750
18156,Aman Kapoor,23,Female,B-,9645797948
18157,Aman Singh,53,Female,A-,9936674682
18158,Rohan Sharma,55,Male,AB+,9692442529
18159,Arjun Gupta,40,Female,AB+,9925399499
18160,Rohan Reddy,33,Male,B+,9483035891
18161,Pooja Gupta,35,Male,O+,9767153045
18162,Aman Reddy,46,Female,AB-,9957227073
18163,Arjun Patel,48,Female,AB+,9248543440
18164,Rahul Gupta,54,Male,A+,9982251379
18165,Divya Gupta,59,Female,AB+,9428085456
18166,Priya Mehta,45,Female,AB-,9830411051
18167,Divya Verma,57,Female,A-,9989742378
18168,Kavya Verma,52,Male,B-,9891799494
18169,Sneha Kapoor,60,Male,A+,9628198525
18170,Sneha Mehta,26,Female,O-,9807176003
18171,Kavya Sharma,28,Male,O+,9790743902
18172,Divya Gupta,21,Male,O-,9606171050
18173,Vikram Kapoor,35,Male,B+,9510473196
18174,Vikram Verma,53,Male,B+,9421870592
18175,Rahul Reddy,49,Female,AB-,9822710498
18176,Karan Patel,59,Male,O+,9431639811
18177,Arjun Mehta,35,Female,O-,9219881976
18178,Sahil Sharma,51,Male,O+,9955025986
18179,Rohan Reddy,27,Female,B+,9236533203
18180,Aman Kapoor,25,Female,AB-,9130344909
18181,Priya Singh,30,Male,O-,9924866111
18182,Divya Sharma,34,Male,O+,9687211268
18183,Pooja Singh,45,Male,AB+,9100727264
18184,Aditya Mehta,33,Male,O+,9470575944
18185,Sahil Gupta,33,Male,B+,9930404693
18186,Pooja Sharma,22,Female,B-,9504645627
18187,Neha Mehta,37,Female,A+,9418008818
18188,Priya Sharma,44,Male,B+,9812457811
18189,Anjali Kapoor,52,Male,O+,9564989890
18190,Rohan Patel,28,Male,B+,9764822985
18191,Pooja Gupta,38,Male,O-,9903814512
18192,Rohan Sharma,26,Female,AB-,9751689909
18193,Aman Reddy,44,Male,B+,9203846166
18194,Pooja Kapoor,21,Male,B+,9640231062
18195,Karan Sharma,42,Female,O+,9846345423
18196,Anjali Kapoor,50,Male,B+,9578949142
18197,Aditya Mehta,52,Female,B-,9127283717
18198,Anjali Gupta,25,Female,A-,9346191579
18199,Riya Reddy,55,Male,AB+,9488972680
18200,Pooja Patel,36,Male,O-,9898689626
18201,Neha Verma,43,Female,AB+,9630358674
18202,Pooja Singh,49,Female,AB-,9865842208
18203,Arjun Verma,37,Female,A-,9265293908
18204,Pooja Gupta,43,Female,A+,9643882995
18205,Riya Singh,25,Female,A-,9303564059
18206,Arjun Singh,42,Female,B+,9477712251
18207,Sneha Mehta,60,Female,B-,9310163414
18208,Kavya Gupta,52,Male,O-,9572990248
18209,Rahul Sharma,43,Male,AB+,9927192838
18210,Neha Gupta,39,Male,O-,9715658000
18211,Anjali Patel,52,Female,O-,9871417601
18212,Vikram Verma,53,Female,AB+,9307850770
18213,Aditya Patel,42,Male,O-,9601216914
18214,Vikram Patel,36,Male,B-,9987416250
18215,Vikram Singh,33,Female,B+,9553292651
18216,Sneha Kapoor,27,Male,AB+,9956171338
18217,Aman Verma,53,Male,B+,9412598983
18218,Arjun Singh,58,Female,AB-,9510863826
18219,Anjali Gupta,20,Female,O+,9821053346
18220,Pooja Reddy,37,Female,O+,9468216393
18221,Divya Kapoor,21,Male,O+,9952471000
18222,Arjun Reddy,25,Male,A-,9217429292
18223,Sneha Gupta,35,Male,B-,9343394822
18224,Riya Mehta,38,Male,A-,9497617031
18225,Neha Gupta,25,Male,A+,9876698525
18226,Sneha Patel,46,Male,AB-,9148960526
18227,Aditya Kapoor,58,Male,A-,9861588864
18228,Karan Patel,38,Male,AB-,9881789464
18229,Riya Singh,31,Female,A+,9839257524
18230,Kavya Sharma,31,Male,O+,9710187454
18231,Anjali Singh,35,Female,O-,9841809523
18232,Vikram Patel,41,Male,A-,9798336501
18233,Arjun Sharma,41,Male,AB-,9388769517
18234,Divya Singh,41,Female,B-,9531876365
18235,Anjali Singh,53,Male,B-,9587715999
18236,Divya Verma,34,Male,A+,9440900190
18237,Kavya Singh,41,Female,B+,9725050444
18238,Priya Reddy,35,Male,B-,9890684598
18239,Vikram Patel,38,Female,B+,9307656334
18240,Sneha Kapoor,55,Male,A+,9171351708
18241,Arjun Sharma,58,Female,A-,9246018972
18242,Aman Mehta,19,Female,AB+,9898629339
18243,Anjali Verma,37,Female,A-,9984664960
18244,Anjali Gupta,58,Male,B+,9536913548
18245,Riya Verma,55,Female,B+,9544302667
18246,Rohan Sharma,39,Male,B+,9539770938
18247,Arjun Mehta,20,Male,AB+,9655020689
18248,Vikram Reddy,25,Female,O+,9775193268
18249,Kavya Sharma,49,Male,O-,9262441795
18250,Kavya Gupta,59,Female,A+,9180565801
18251,Anjali Verma,45,Male,A+,9526791890
18252,Rahul Patel,39,Female,AB+,9104437436
18253,Sahil Gupta,27,Male,A-,9673127735
18254,Aman Kapoor,34,Male,A+,9447916659
18255,Kavya Sharma,51,Male,B+,9334569568
18256,Riya Singh,60,Female,AB-,9239207472
18257,Aditya Patel,22,Male,O+,9797041488
18258,Arjun Sharma,51,Female,B+,9657940580
18259,Priya Sharma,53,Male,B-,9415103360
18260,Pooja Reddy,29,Male,B-,9315421698
18261,Arjun Kapoor,42,Female,B-,9658622738
18262,Riya Verma,20,Male,B+,9293796364
18263,Arjun Patel,36,Male,O+,9669924873
18264,Rohan Kapoor,48,Male,O+,9410020533
18265,Priya Patel,59,Male,B+,9717511143
18266,Rohan Mehta,25,Male,AB-,9463965631
18267,Sneha Reddy,48,Female,O-,9457704993
18268,Vikram Mehta,25,Female,O+,9499463984
18269,Riya Verma,51,Male,B+,9280098773
18270,Sneha Sharma,49,Male,B-,9559794283
18271,Kavya Kapoor,32,Male,A-,9246385235
18272,Anjali Singh,37,Female,B+,9609860304
18273,Sneha Verma,24,Male,A+,9955005362
18274,Kavya Verma,49,Male,O-,9125704702
18275,Kavya Mehta,58,Male,O+,9701680176
18276,Aditya Sharma,26,Female,O-,9619378613
18277,Kavya Patel,48,Female,A+,9864721528
18278,Arjun Patel,49,Female,B-,9785601196
18279,Divya Singh,49,Female,AB-,9103220183
18280,Karan Patel,31,Female,B-,9296050525
18281,Pooja Kapoor,53,Female,AB-,9591696860
18282,Sneha Verma,42,Male,O-,9797490514
18283,Priya Kapoor,54,Female,AB+,9638314466
18284,Karan Singh,58,Female,B+,9320467980
18285,Riya Reddy,54,Male,B+,9207911670
18286,Aman Singh,46,Male,B-,9713546159
18287,Rohan Verma,37,Female,B+,9581306421
18288,Riya Sharma,28,Male,AB+,9311944630
18289,Rahul Patel,43,Male,A-,9630163633
18290,Aditya Verma,48,Male,B-,9831897421
18291,Aman Gupta,41,Male,A-,9557520803
18292,Riya Reddy,57,Female,O-,9194029111
18293,Neha Singh,40,Female,B+,9954409723
18294,Vikram Singh,33,Female,A-,9800296377
18295,Priya Patel,18,Male,AB+,9740255078
18296,Anjali Mehta,53,Male,A-,9659405019
18297,Rahul Reddy,32,Male,A+,9745731767
18298,Rahul Reddy,23,Female,AB+,9901717200
18299,Riya Patel,19,Female,A-,9966458220
18300,Anjali Gupta,19,Female,O+,9639774999
18301,Aditya Patel,19,Female,O-,9431046625
18302,Anjali Kapoor,60,Male,O+,9473884302
18303,Rohan Patel,32,Female,A+,9835408748
18304,Kavya Mehta,27,Female,AB-,9295692807
18305,Aman Gupta,28,Female,AB-,9231208212
18306,Vikram Mehta,56,Male,A+,9885593240
18307,Kavya Verma,20,Female,B+,9647837170
18308,Rohan Verma,49,Male,O+,9257751955
18309,Priya Mehta,31,Male,AB+,9306665411
18310,Priya Sharma,36,Female,A+,9612756144
18311,Divya Reddy,24,Female,O+,9218078120
18312,Aditya Patel,46,Male,AB+,9350021124
18313,Sneha Kapoor,26,Female,O+,9634518722
18314,Sahil Mehta,50,Male,O-,9722182254
18315,Pooja Mehta,34,Female,AB+,9657844147
18316,Aditya Singh,39,Male,A-,9433551484
18317,Aman Verma,26,Female,O-,9702546293
18318,Aditya Gupta,54,Female,O+,9572539410
18319,Vikram Kapoor,48,Male,A-,9408257765
18320,Aman Verma,23,Female,A-,9652583013
18321,Rohan Sharma,42,Male,AB-,9938265729
18322,Priya Reddy,53,Female,O-,9657586691
18323,Riya Mehta,32,Female,AB-,9461590354
18324,Kavya Sharma,59,Female,B-,9310594890
18325,Karan Sharma,55,Male,O+,9589219600
18326,Riya Sharma,46,Male,O+,9689945566
18327,Anjali Gupta,19,Male,O+,9834309073
18328,Karan Gupta,43,Male,O+,9248983538
18329,Aditya Kapoor,20,Male,A-,9271067798
18330,Rahul Patel,49,Male,AB+,9479092351
18331,Vikram Reddy,32,Male,O+,9959568537
18332,Sneha Gupta,23,Male,B+,9363693390
18333,Riya Kapoor,34,Male,AB+,9448954526
18334,Vikram Reddy,21,Female,B+,9901986532
18335,Rohan Kapoor,33,Female,AB-,9353512290
18336,Karan Kapoor,56,Male,B+,9741376385
18337,Sahil Mehta,23,Female,O+,9297805078
18338,Sneha Kapoor,56,Male,O+,9977821084
18339,Anjali Verma,44,Female,AB-,9442067905
18340,Sahil Kapoor,54,Male,B-,9785916681
18341,Karan Gupta,50,Male,O+,9376445090
18342,Arjun Singh,35,Male,A+,9464261709
18343,Kavya Kapoor,40,Female,B-,9872643572
18344,Kavya Mehta,26,Female,A+,9598836141
18345,Arjun Verma,38,Male,O-,9150905771
18346,Anjali Kapoor,51,Male,O-,9619158184
18347,Karan Mehta,53,Female,O+,9780127533
18348,Kavya Reddy,41,Female,O+,9138013895
18349,Sneha Patel,60,Female,B+,9828213341
18350,Riya Mehta,22,Female,A+,9799621097
18351,Divya Kapoor,40,Male,B-,9759625688
18352,Aditya Verma,24,Female,O-,9596613096
18353,Riya Patel,51,Female,AB-,9991413803
18354,Rohan Singh,49,Female,B+,9861297186
18355,Anjali Verma,34,Female,AB+,9953457866
18356,Karan Reddy,37,Female,AB-,9815129740
18357,Aman Patel,29,Female,AB+,9596605923
18358,Sneha Singh,55,Male,B+,9675957653
18359,Sneha Gupta,55,Female,B+,9749088189
18360,Vikram Gupta,48,Male,O+,9104971702
18361,Pooja Verma,46,Female,AB+,9214889073
18362,Arjun Verma,46,Male,A+,9120478405
18363,Riya Patel,28,Female,AB-,9471737086
18364,Rahul Gupta,37,Male,A+,9220690275
18365,Riya Reddy,28,Male,B+,9198824156
18366,Riya Patel,39,Female,O-,9651443374
18367,Sahil Gupta,58,Female,AB-,9959414554
18368,Aman Mehta,57,Female,O+,9997278092
18369,Pooja Singh,47,Male,AB-,9512807885
18370,Anjali Singh,38,Female,O-,9139621919
18371,Aditya Mehta,54,Male,AB-,9238498272
18372,Arjun Reddy,52,Male,O+,9551232032
18373,Anjali Mehta,54,Female,B+,9994630986
18374,Aman Gupta,31,Male,O+,9514558428
18375,Neha Gupta,23,Female,AB+,9967656274
18376,Vikram Reddy,54,Female,B+,9481460665
18377,Sneha Patel,29,Female,O+,9290256180
18378,Aman Mehta,52,Male,AB+,9631550648
18379,Pooja Mehta,47,Male,O-,9375654492
18380,Pooja Singh,46,Female,A-,9318950647
18381,Sneha Sharma,24,Male,A-,9159072439
18382,Rahul Reddy,25,Female,B-,9185172173
18383,Neha Verma,25,Male,AB-,9920631103
18384,Riya Reddy,47,Female,A-,9178279664
18385,Neha Kapoor,60,Male,A+,9378352011
18386,Vikram Reddy,18,Male,O+,9803886372
18387,Sahil Kapoor,32,Male,O+,9540684584
18388,Vikram Sharma,41,Male,AB-,9507654289
18389,Vikram Singh,54,Female,AB-,9186041786
18390,Arjun Kapoor,59,Female,B+,9649673194
18391,Priya Patel,59,Male,AB-,9712964896
18392,Sneha Patel,53,Female,O+,9222620702
18393,Vikram Mehta,60,Female,A+,9272654162
18394,Pooja Sharma,44,Male,B+,9934611146
18395,Rohan Sharma,35,Male,AB-,9864615444
18396,Sneha Gupta,56,Female,AB+,9539083330
18397,Karan Gupta,54,Female,AB-,9347100831
18398,Arjun Kapoor,47,Female,AB-,9234773285
18399,Divya Singh,59,Female,O+,9113781340
18400,Pooja Reddy,60,Male,O-,9797314184
18401,Aman Verma,47,Female,B-,9950107630
18402,Karan Patel,42,Male,A-,9495273475
18403,Aman Mehta,55,Female,O-,9255621716
18404,Rohan Verma,29,Female,AB-,9457142366
18405,Karan Sharma,19,Male,B-,9531602968
18406,Karan Reddy,43,Male,A+,9463083661
18407,Pooja Mehta,40,Male,O+,9133346028
18408,Aman Verma,47,Female,B-,9662263917
18409,Anjali Kapoor,28,Female,A-,9476101233
18410,Divya Mehta,34,Female,A-,9620497476
18411,Arjun Gupta,60,Female,A+,9180427942
18412,Kavya Verma,23,Male,A+,9862428073
18413,Rahul Gupta,30,Male,O-,9164821390
18414,Sahil Verma,57,Female,O-,9298104955
18415,Anjali Verma,47,Female,O-,9616614991
18416,Neha Kapoor,43,Female,O+,9194559179
18417,Sneha Reddy,55,Female,A-,9537368786
18418,Aditya Patel,42,Female,A-,9483579238
18419,Kavya Verma,51,Female,A-,9703487296
18420,Vikram Sharma,25,Female,B-,9621266347
18421,Arjun Reddy,38,Female,AB-,9734345488
18422,Sahil Verma,54,Male,B+,9281157448
18423,Kavya Kapoor,37,Female,O-,9424653519
18424,Arjun Verma,52,Female,A-,9301416802
18425,Sahil Kapoor,44,Male,A-,9329618785
18426,Kavya Patel,57,Male,A-,9203881932
18427,Kavya Reddy,30,Female,AB-,9472329549
18428,Riya Kapoor,42,Male,AB+,9616348500
18429,Rohan Gupta,21,Male,B-,9361644903
18430,Riya Reddy,20,Male,O+,9209418288
18431,Karan Reddy,43,Male,A+,9340544194
18432,Arjun Singh,30,Male,A-,9745759790
18433,Rahul Reddy,29,Female,A+,9225771693
18434,Priya Kapoor,60,Male,AB+,9688518634
18435,Rahul Kapoor,48,Male,O+,9171079205
18436,Rahul Verma,52,Male,A-,9750589175
18437,Riya Singh,27,Female,A+,9821911753
18438,Aman Mehta,55,Female,A-,9655038033
18439,Riya Reddy,42,Female,O-,9422887077
18440,Arjun Verma,31,Female,AB-,9955325789
18441,Vikram Reddy,58,Male,B+,9323140174
18442,Aditya Reddy,44,Male,B+,9839026327
18443,Sahil Patel,29,Male,AB+,9513210488
18444,Sneha Verma,19,Female,AB-,9110325424
18445,Anjali Mehta,47,Male,O+,9755478334
18446,Riya Reddy,48,Female,AB-,9550666717
18447,Arjun Patel,18,Male,B-,9472767844
18448,Riya Kapoor,34,Male,O-,9920593003
18449,Divya Singh,32,Male,O+,9735581106
18450,Aditya Verma,46,Female,AB-,9104375305
18451,Neha Kapoor,39,Female,A-,9628541285
18452,Aditya Singh,44,Female,A-,9520968110
18453,Pooja Patel,29,Male,A+,9465828595
18454,Riya Verma,40,Male,B-,9628858021
18455,Divya Singh,32,Male,B-,9776453638
18456,Karan Verma,24,Male,B+,9511236680
18457,Rohan Kapoor,24,Female,AB-,9836511590
18458,Vikram Mehta,27,Male,B+,9924890743
18459,Aman Verma,60,Female,A+,9104920727
18460,Vikram Mehta,27,Male,O-,9386691773
18461,Karan Gupta,45,Female,A-,9641151020
18462,Sahil Gupta,26,Female,O+,9331171711
18463,Aditya Reddy,33,Male,AB-,9280359419
18464,Arjun Sharma,57,Female,AB-,9524425289
18465,Sahil Mehta,25,Male,B+,9935558184
18466,Pooja Reddy,28,Male,B+,9335166702
18467,Aditya Reddy,45,Male,A+,9522436089
18468,Vikram Verma,31,Male,AB-,9452787893
18469,Aman Reddy,18,Male,AB-,9719350087
18470,Karan Verma,42,Female,B-,9877871094
18471,Aditya Sharma,51,Female,A+,9604072227
18472,Priya Sharma,51,Female,A-,9450248354
18473,Kavya Singh,27,Male,O+,9760617572
18474,Karan Verma,60,Male,B+,9230336526
18475,Rahul Singh,40,Male,AB-,9656394334
18476,Anjali Kapoor,48,Male,AB-,9701300621
18477,Rohan Patel,47,Female,B+,9926240767
18478,Kavya Singh,23,Female,B+,9467026070
18479,Priya Reddy,39,Male,B+,9110539325
18480,Aman Mehta,56,Male,O-,9323127803
18481,Rohan Sharma,25,Male,B-,9483808112
18482,Aditya Gupta,59,Female,AB-,9323537220
18483,Riya Mehta,28,Male,AB-,9903922555
18484,Neha Sharma,41,Male,AB+,9813240301
18485,Arjun Sharma,36,Female,A+,9716999728
18486,Anjali Kapoor,21,Female,O-,9486462314
18487,Arjun Mehta,58,Male,B+,9181644191
18488,Anjali Patel,60,Male,A+,9983152399
18489,Anjali Mehta,36,Male,A+,9120549090
18490,Neha Verma,39,Male,O-,9639032448
18491,Priya Verma,39,Female,A-,9533996839
18492,Rohan Verma,31,Male,AB+,9640444910
18493,Priya Kapoor,26,Male,A-,9889093210
18494,Pooja Singh,49,Female,A-,9137554369
18495,Pooja Patel,52,Female,B+,9458451013
18496,Sneha Patel,52,Male,A-,9120130704
18497,Pooja Patel,40,Female,AB+,9775100474
18498,Anjali Kapoor,29,Female,AB-,9369804896
18499,Arjun Gupta,23,Male,B-,9958518226
18500,Arjun Gupta,41,Female,B+,9300539248
18501,Aditya Singh,43,Male,B-,9252966155
18502,Pooja Kapoor,40,Female,A-,9164791469
18503,Aman Reddy,48,Male,A-,9398732718
18504,Riya Reddy,27,Female,AB-,9881992021
18505,Kavya Kapoor,49,Male,A-,9695032599
18506,Kavya Reddy,59,Male,AB-,9762015820
18507,Divya Sharma,50,Female,B-,9507188097
18508,Pooja Patel,42,Female,A+,9222753521
18509,Kavya Gupta,18,Female,O+,9554948897
18510,Anjali Singh,33,Female,O+,9235842158
18511,Aditya Verma,39,Male,AB+,9307041996
18512,Rahul Verma,49,Female,O+,9857825131
18513,Rahul Sharma,57,Male,A-,9774030972
18514,Riya Verma,49,Female,A-,9139100444
18515,Riya Gupta,55,Female,AB+,9390815169
18516,Aman Patel,54,Male,B-,9806029861
18517,Aman Singh,56,Male,AB+,9250973727
18518,Sneha Gupta,21,Male,A-,9593632152
18519,Pooja Kapoor,51,Male,O+,9195882434
18520,Vikram Verma,32,Male,O-,9790922040
18521,Pooja Sharma,49,Male,A+,9404352283
18522,Riya Kapoor,48,Female,O-,9473008817
18523,Karan Gupta,60,Male,AB-,9635490854
18524,Riya Sharma,41,Female,A+,9938222234
18525,Aman Mehta,19,Male,AB-,9364486386
18526,Rohan Kapoor,30,Female,A-,9905812678
18527,Pooja Mehta,44,Male,O-,9689148500
18528,Priya Reddy,36,Female,A-,9469970167
18529,Sahil Mehta,60,Female,B-,9187105845
18530,Aditya Mehta,24,Female,O-,9554922247
18531,Vikram Verma,28,Male,O+,9534665300
18532,Arjun Verma,45,Male,O+,9541225484
18533,Priya Verma,58,Male,A+,9847893446
18534,Sahil Kapoor,43,Male,B-,9152981474
18535,Rohan Singh,22,Male,B+,9335233094
18536,Sahil Verma,52,Male,O-,9981449270
18537,Kavya Mehta,46,Male,O+,9107141436
18538,Karan Singh,19,Male,AB-,9968968833
18539,Anjali Verma,39,Female,O+,9384065597
18540,Sahil Sharma,55,Male,B-,9668249945
18541,Arjun Mehta,30,Male,B+,9293100452
18542,Sahil Gupta,34,Male,AB+,9206771787
18543,Karan Gupta,43,Female,AB-,9947491215
18544,Rahul Gupta,24,Female,B-,9512855609
18545,Priya Patel,37,Male,A+,9740570761
18546,Karan Singh,46,Female,B-,9487281499
18547,Rahul Kapoor,36,Male,A+,9916180091
18548,Neha Sharma,52,Male,A+,9165882013
18549,Pooja Sharma,56,Female,O+,9244042508
18550,Arjun Gupta,34,Female,AB-,9986565723
18551,Arjun Kapoor,23,Male,AB-,9473297688
18552,Aman Mehta,33,Female,AB+,9976781356
18553,Pooja Mehta,56,Male,A+,9599106107
18554,Vikram Reddy,58,Female,AB-,9709787715
18555,Aman Patel,55,Female,A+,9792951069
18556,Pooja Verma,22,Male,AB+,9398457507
18557,Priya Reddy,37,Male,AB-,9286145868
18558,Vikram Mehta,46,Male,AB-,9732410453
18559,Aman Kapoor,19,Male,A+,9894503791
18560,Karan Reddy,39,Male,AB+,9923953708
18561,Arjun Mehta,51,Male,O-,9447294053
18562,Neha Singh,45,Male,B-,9894082218
18563,Aditya Verma,29,Female,AB-,9227390454
18564,Neha Patel,57,Female,AB+,9207123166
18565,Riya Kapoor,38,Female,O-,9990499429
18566,Divya Patel,22,Female,A-,9146693010
18567,Rahul Verma,20,Male,B+,9927608853
18568,Rohan Reddy,57,Male,A+,9617208603
18569,Rohan Kapoor,48,Female,O+,9688664155
18570,Sneha Sharma,33,Male,AB+,9612800799
18571,Aman Reddy,32,Female,O+,9448369459
18572,Riya Sharma,51,Male,B+,9328694325
18573,Arjun Verma,44,Female,A+,9733501956
18574,Anjali Mehta,59,Female,O-,9947315673
18575,Neha Gupta,49,Female,A-,9527324182
18576,Sneha Reddy,28,Male,O-,9184951989
18577,Neha Kapoor,38,Male,A+,9712153029
18578,Kavya Patel,55,Male,O-,9380437608
18579,Aditya Sharma,42,Female,B+,9943459207
18580,Aditya Patel,24,Male,AB+,9966625856
18581,Anjali Singh,18,Male,B+,9199117880
18582,Priya Verma,60,Female,A-,9431468352
18583,Aman Verma,48,Female,AB+,9438347390
18584,Anjali Reddy,43,Male,A+,9755993142
18585,Riya Mehta,20,Male,AB+,9926170612
18586,Priya Verma,23,Female,AB+,9477346682
18587,Sneha Reddy,58,Female,B+,9237389622
18588,Rohan Verma,35,Male,O+,9191909665
18589,Vikram Kapoor,58,Male,AB+,9859956746
18590,Vikram Gupta,23,Male,A+,9356481064
18591,Kavya Reddy,32,Male,B+,9513989530
18592,Divya Sharma,21,Female,AB-,9415939631
18593,Priya Patel,32,Male,B+,9952011102
18594,Vikram Mehta,40,Female,A-,9231849989
18595,Aditya Singh,44,Male,A-,9572415431
18596,Anjali Reddy,26,Male,O+,9493718511
18597,Divya Verma,57,Female,O-,9325386522
18598,Riya Kapoor,45,Male,A+,9270827973
18599,Riya Verma,30,Female,O-,9803907465
18600,Vikram Mehta,29,Male,A-,9886270088
18601,Aditya Sharma,36,Female,A+,9863222896
18602,Karan Reddy,36,Male,B-,9934760888
18603,Rohan Reddy,42,Male,B-,9901047109
18604,Pooja Reddy,40,Female,B-,9322312794
18605,Neha Verma,45,Female,AB-,9127242728
18606,Neha Singh,60,Male,AB-,9265983868
18607,Kavya Sharma,18,Male,O+,9597770974
18608,Sahil Gupta,33,Female,AB+,9881800643
18609,Anjali Mehta,54,Female,A-,9712334142
18610,Sneha Verma,18,Female,A-,9221889585
18611,Priya Mehta,54,Male,A+,9984877367
18612,Kavya Kapoor,19,Male,O+,9287758860
18613,Arjun Reddy,48,Female,AB+,9675803146
18614,Karan Sharma,47,Female,AB-,9670238035
18615,Pooja Mehta,54,Male,B-,9228511547
18616,Neha Reddy,19,Female,B+,9499792908
18617,Sneha Mehta,52,Female,A+,9864856558
18618,Aditya Reddy,26,Male,B-,9449632068
18619,Sneha Gupta,20,Male,O+,9471175231
18620,Aman Verma,57,Male,A+,9433376967
18621,Divya Kapoor,23,Female,O-,9788310642
18622,Rahul Kapoor,32,Male,A+,9387979059
18623,Sahil Gupta,39,Female,O-,9692661780
18624,Kavya Mehta,36,Female,AB+,9112305456
18625,Karan Sharma,33,Female,B+,9570272024
18626,Riya Patel,31,Female,AB-,9758804231
18627,Pooja Kapoor,29,Male,O+,9694796454
18628,Pooja Reddy,56,Male,AB+,9112011912
18629,Arjun Reddy,47,Male,O-,9433785990
18630,Arjun Verma,29,Male,B+,9195654567
18631,Rahul Verma,35,Male,O+,9866937086
18632,Kavya Mehta,58,Female,AB+,9886936266
18633,Anjali Singh,26,Male,A+,9788619034
18634,Rohan Gupta,24,Female,O+,9390002277
18635,Divya Reddy,34,Female,O+,9607811642
18636,Anjali Verma,38,Female,AB+,9647362515
18637,Kavya Singh,51,Male,AB+,9815338511
18638,Riya Reddy,32,Female,AB-,9904512001
18639,Riya Reddy,56,Female,O-,9848437345
18640,Arjun Sharma,50,Male,AB+,9505602666
18641,Anjali Verma,45,Female,O-,9135042259
18642,Priya Kapoor,24,Male,B-,9295249297
18643,Kavya Singh,29,Male,A-,9861192998
18644,Kavya Mehta,39,Male,B-,9403252560
18645,Anjali Reddy,43,Female,O+,9940629454
18646,Pooja Verma,48,Male,O-,9154591300
18647,Riya Kapoor,55,Female,O+,9399095677
18648,Rahul Reddy,50,Male,B-,9520849196
18649,Sahil Reddy,22,Male,AB+,9144215645
18650,Divya Sharma,27,Female,AB+,9834098187
18651,Aman Reddy,29,Male,O+,9848856604
18652,Riya Patel,22,Female,B+,9943122001
18653,Rahul Patel,37,Male,B-,9945321444
18654,Anjali Verma,53,Male,A-,9794949323
18655,Sneha Patel,45,Male,O+,9794588715
18656,Pooja Patel,18,Male,B-,9262498584
18657,Vikram Kapoor,37,Female,B+,9583684252
18658,Rahul Kapoor,34,Female,A+,9666304552
18659,Rahul Gupta,29,Female,A+,9295881214
18660,Priya Kapoor,34,Male,AB+,9296312186
18661,Neha Kapoor,20,Female,O+,9637115355
18662,Vikram Verma,58,Male,A+,9972193344
18663,Anjali Kapoor,22,Male,B-,9831360350
18664,Rahul Patel,56,Male,B-,9553212617
18665,Pooja Verma,32,Male,O+,9426887805
18666,Priya Singh,28,Male,B+,9465612364
18667,Kavya Verma,20,Male,B+,9550567352
18668,Anjali Kapoor,23,Male,O+,9629777019
18669,Arjun Kapoor,43,Male,AB+,9669056659
18670,Aditya Gupta,50,Female,O+,9232582498
18671,Anjali Reddy,36,Male,O-,9523600550
18672,Priya Patel,45,Male,AB-,9939565754
18673,Divya Gupta,29,Male,A-,9221772743
18674,Kavya Kapoor,52,Male,A-,9399876548
18675,Riya Verma,23,Male,B-,9714238366
18676,Sneha Kapoor,36,Male,B-,9226545565
18677,Arjun Kapoor,20,Female,A-,9102449747
18678,Rohan Kapoor,28,Male,A-,9968185236
18679,Anjali Sharma,23,Female,O-,9922671746
18680,Neha Mehta,36,Female,O+,9252214991
18681,Divya Reddy,60,Female,A+,9229510548
18682,Arjun Verma,49,Male,AB+,9847147589
18683,Karan Mehta,43,Male,B+,9471553566
18684,Aman Mehta,35,Male,B-,9467206314
18685,Riya Kapoor,20,Male,AB+,9776904142
18686,Divya Verma,43,Female,O-,9546351945
18687,Aditya Gupta,45,Female,O-,9800994829
18688,Priya Patel,26,Female,A-,9412547399
18689,Divya Kapoor,19,Male,AB+,9827723036
18690,Anjali Gupta,27,Male,A-,9893129095
18691,Rahul Reddy,20,Male,B-,9546789430
18692,Sneha Mehta,42,Male,B-,9847216201
18693,Sahil Gupta,38,Female,AB-,9119291064
18694,Vikram Gupta,31,Male,AB+,9933420350
18695,Aman Patel,34,Female,A-,9811946843
18696,Sahil Singh,41,Male,A+,9381402185
18697,Aman Singh,27,Female,O-,9431998464
18698,Sneha Gupta,36,Male,B+,9276519419
18699,Sneha Verma,21,Male,A-,9229108607
18700,Vikram Verma,41,Male,A+,9103377187
18701,Rahul Verma,54,Female,AB-,9916472087
18702,Riya Mehta,34,Female,B-,9429043078
18703,Rohan Reddy,50,Female,A-,9294348663
18704,Kavya Reddy,59,Female,O-,9294892106
18705,Kavya Verma,20,Female,O-,9652988103
18706,Arjun Kapoor,46,Female,B-,9912359483
18707,Sahil Verma,42,Female,O+,9266864891
18708,Anjali Sharma,48,Female,B-,9873134490
18709,Kavya Reddy,34,Female,AB+,9902572199
18710,Vikram Sharma,55,Female,B+,9337965448
18711,Riya Mehta,50,Female,AB+,9529276822
18712,Aditya Patel,55,Male,B-,9380773956
18713,Priya Singh,27,Female,A-,9128203606
18714,Rahul Singh,23,Male,B-,9565957096
18715,Priya Sharma,39,Female,B-,9870472215
18716,Divya Sharma,27,Female,AB+,9809554397
18717,Rahul Gupta,18,Female,B+,9162844175
18718,Pooja Reddy,42,Female,A+,9699092077
18719,Anjali Mehta,21,Female,O+,9149227998
18720,Riya Gupta,43,Female,B+,9527927720
18721,Priya Kapoor,49,Female,A-,9973163263
18722,Aditya Gupta,39,Female,B-,9706773365
18723,Karan Gupta,41,Male,AB+,9346639193
18724,Karan Reddy,35,Male,AB-,9789945102
18725,Aditya Singh,51,Male,B+,9251735859
18726,Riya Gupta,47,Female,AB+,9666535389
18727,Aditya Patel,30,Male,AB+,9938332710
18728,Vikram Gupta,49,Female,B-,9865138569
18729,Vikram Reddy,54,Female,B-,9172114281
18730,Rahul Verma,28,Male,AB+,9328223581
18731,Divya Gupta,29,Female,AB-,9471155409
18732,Vikram Patel,59,Female,O+,9736603812
18733,Rohan Patel,52,Male,B-,9942710093
18734,Kavya Verma,30,Male,A-,9548185264
18735,Sneha Kapoor,39,Male,O+,9540492623
18736,Divya Verma,50,Female,O-,9139952367
18737,Kavya Verma,21,Female,AB-,9485635743
18738,Rohan Sharma,60,Female,AB+,9301909250
18739,Pooja Patel,47,Male,B-,9763412340
18740,Sahil Kapoor,59,Female,A-,9528687011
18741,Vikram Reddy,42,Male,B+,9515963443
18742,Kavya Verma,24,Female,O+,9193162398
18743,Neha Verma,23,Female,AB+,9215195866
18744,Rahul Gupta,30,Male,B+,9538349150
18745,Rahul Patel,29,Male,O+,9805167427
18746,Kavya Reddy,18,Male,A-,9864300201
18747,Priya Verma,42,Male,O+,9136250848
18748,Rahul Mehta,29,Female,B-,9697227891
18749,Karan Mehta,21,Male,B-,9638712673
18750,Anjali Verma,41,Female,B+,9819942232
18751,Arjun Verma,21,Male,B-,9280139055
18752,Sneha Mehta,38,Female,B-,9238748000
18753,Kavya Sharma,58,Female,A+,9921993843
18754,Aditya Verma,35,Female,B+,9290722663
18755,Karan Kapoor,48,Male,B-,9736471241
18756,Rahul Mehta,21,Male,O-,9976228875
18757,Sneha Sharma,25,Female,AB-,9444042393
18758,Sneha Mehta,54,Female,A+,9867411845
18759,Karan Reddy,28,Male,AB+,9108651983
18760,Vikram Mehta,60,Female,O+,9114423771
18761,Sahil Gupta,25,Male,B-,9927661216
18762,Aditya Mehta,39,Male,A-,9487597593
18763,Divya Sharma,59,Male,O-,9585273438
18764,Sneha Kapoor,42,Female,A-,9714322082
18765,Rohan Mehta,22,Male,AB+,9200121918
18766,Neha Sharma,45,Male,B-,9533917248
18767,Karan Kapoor,55,Female,B-,9922781824
18768,Rahul Gupta,34,Female,A-,9498017487
18769,Divya Patel,31,Female,A+,9279519632
18770,Aditya Reddy,20,Male,AB-,9367995924
18771,Sneha Mehta,28,Female,O+,9212257114
18772,Rohan Reddy,36,Female,A-,9883788813
18773,Anjali Reddy,39,Male,AB-,9129573022
18774,Karan Patel,21,Male,O+,9222990009
18775,Anjali Kapoor,20,Male,O-,9553967596
18776,Divya Sharma,25,Male,A+,9957638596
18777,Aditya Reddy,28,Male,B+,9191031422
18778,Vikram Singh,48,Female,AB+,9262194399
18779,Arjun Verma,29,Female,B+,9557774867
18780,Aditya Kapoor,54,Male,AB+,9939124731
18781,Sneha Kapoor,59,Male,B+,9245367172
18782,Rohan Patel,24,Female,AB+,9874568488
18783,Sahil Patel,48,Male,O+,9116218557
18784,Karan Mehta,45,Female,O+,9191414444
18785,Arjun Gupta,43,Male,B+,9654451285
18786,Arjun Verma,37,Male,B+,9751256846
18787,Vikram Reddy,41,Female,AB-,9575232383
18788,Sneha Verma,57,Female,O-,9816856821
18789,Priya Verma,31,Male,AB-,9785560328
18790,Priya Patel,48,Female,AB+,9836061732
18791,Anjali Kapoor,40,Male,B-,9868076780
18792,Divya Patel,46,Female,O-,9176756589
18793,Pooja Singh,47,Female,B-,9150630130
18794,Kavya Verma,38,Female,AB+,9235429251
18795,Riya Patel,56,Male,AB+,9422758316
18796,Divya Kapoor,42,Male,A+,9438140718
18797,Aman Kapoor,52,Male,A+,9210097171
18798,Arjun Mehta,25,Female,B-,9433470836
18799,Aman Mehta,40,Female,A-,9237803534
18800,Karan Gupta,28,Male,O+,9393786716
18801,Anjali Singh,25,Female,AB-,9173380202
18802,Riya Sharma,39,Male,O-,9979739745
18803,Rohan Verma,41,Male,O-,9290163526
18804,Neha Mehta,36,Male,O-,9451355957
18805,Vikram Kapoor,19,Female,B+,9922409590
18806,Priya Reddy,23,Male,B-,9230288802
18807,Rohan Singh,25,Male,O+,9472421798
18808,Neha Sharma,32,Male,AB-,9744596480
18809,Arjun Patel,21,Male,AB+,9410131063
18810,Divya Reddy,60,Male,AB-,9435987914
18811,Neha Mehta,22,Female,O-,9468880748
18812,Rahul Sharma,36,Female,O+,9189933702
18813,Sahil Patel,35,Female,B-,9833393248
18814,Rohan Kapoor,26,Female,B+,9869122954
18815,Neha Singh,40,Male,A+,9849063035
18816,Rahul Sharma,37,Female,B-,9539946622
18817,Aditya Verma,35,Female,O-,9646113125
18818,Sahil Kapoor,28,Male,O+,9590837565
18819,Kavya Verma,41,Male,AB+,9935174284
18820,Aman Patel,26,Female,B+,9278718514
18821,Anjali Mehta,38,Male,B-,9169941039
18822,Divya Sharma,20,Female,O-,9856679848
18823,Sahil Kapoor,24,Male,A+,9373353485
18824,Anjali Patel,28,Female,O-,9353772018
18825,Aditya Mehta,43,Female,O+,9752902352
18826,Sahil Singh,40,Male,B+,9167765965
18827,Priya Singh,36,Male,AB-,9803637358
18828,Aman Patel,28,Female,B-,9983749811
18829,Vikram Reddy,24,Female,B-,9234905739
18830,Sneha Sharma,35,Female,O+,9844011968
18831,Priya Singh,50,Female,A+,9256691062
18832,Neha Verma,34,Female,A-,9855453593
18833,Aditya Reddy,40,Female,AB-,9608175052
18834,Rahul Singh,33,Male,O+,9269057624
18835,Neha Singh,57,Male,A-,9850009534
18836,Anjali Kapoor,39,Female,B+,9922267427
18837,Priya Verma,22,Female,O-,9964874775
18838,Arjun Sharma,49,Female,A+,9644667487
18839,Divya Reddy,33,Female,B+,9856683979
18840,Rohan Gupta,59,Male,O+,9614302830
18841,Vikram Verma,32,Female,A+,9458864773
18842,Neha Mehta,47,Male,B+,9446756041
18843,Aditya Gupta,27,Male,O+,9577114716
18844,Divya Sharma,40,Female,B+,9137991414
18845,Rohan Verma,55,Female,O-,9440128615
18846,Aditya Patel,18,Male,A-,9801912847
18847,Rahul Mehta,27,Male,AB+,9513228516
18848,Arjun Gupta,18,Male,A-,9946803566
18849,Sahil Verma,35,Male,O-,9964484770
18850,Rahul Verma,29,Female,O+,9737185864
18851,Divya Singh,38,Female,B-,9824830722
18852,Aman Reddy,44,Male,O+,9629027897
18853,Pooja Verma,34,Male,A-,9459003943
18854,Aditya Verma,40,Male,O+,9163420521
18855,Sahil Gupta,34,Male,A+,9340304856
18856,Sneha Sharma,46,Female,AB+,9504062846
18857,Aditya Mehta,57,Female,A-,9427057732
18858,Kavya Reddy,52,Male,AB+,9564695713
18859,Rahul Singh,33,Male,A+,9470369471
18860,Anjali Verma,48,Female,B-,9872239970
18861,Vikram Singh,18,Female,O-,9959415722
18862,Aditya Gupta,50,Male,A-,9828608502
18863,Vikram Mehta,49,Male,B+,9515169512
18864,Divya Sharma,60,Male,O-,9432928152
18865,Riya Kapoor,51,Female,AB-,9302239303
18866,Priya Patel,47,Male,AB+,9908122933
18867,Sneha Patel,44,Female,B+,9742223810
18868,Vikram Kapoor,54,Male,B+,9282638166
18869,Karan Mehta,43,Male,A+,9766955432
18870,Kavya Mehta,60,Female,O-,9737238558
18871,Rahul Patel,31,Male,O+,9903565975
18872,Aman Reddy,32,Male,A-,9225629838
18873,Karan Kapoor,29,Female,B+,9339081905
18874,Riya Kapoor,22,Male,B+,9816403517
18875,Neha Singh,18,Female,AB+,9134468270
18876,Karan Gupta,37,Female,AB+,9375102125
18877,Riya Patel,53,Male,B+,9715283025
18878,Vikram Patel,49,Male,B-,9988680963
18879,Rohan Verma,37,Female,AB+,9287941016
18880,Karan Gupta,28,Male,B-,9671996346
18881,Karan Patel,48,Male,A+,9309688912
18882,Riya Sharma,34,Male,O+,9160808007
18883,Arjun Sharma,41,Female,B+,9453912270
18884,Aman Patel,50,Female,AB+,9926536008
18885,Aditya Kapoor,22,Female,O+,9698351296
18886,Anjali Mehta,49,Male,O+,9444667875
18887,Riya Kapoor,29,Male,A+,9332738268
18888,Aditya Gupta,40,Male,A+,9837822591
18889,Sneha Gupta,49,Male,A-,9470956927
18890,Karan Singh,20,Male,B+,9899030081
18891,Aditya Verma,46,Male,AB+,9374067487
18892,Vikram Singh,33,Male,B-,9496088248
18893,Anjali Reddy,54,Male,O+,9138062232
18894,Priya Mehta,31,Male,A+,9894971189
18895,Rahul Mehta,39,Female,B-,9822513791
18896,Priya Singh,30,Female,A+,9730189799
18897,Vikram Sharma,22,Male,AB-,9726302601
18898,Riya Reddy,52,Male,O+,9254720827
18899,Arjun Singh,54,Male,O-,9848547393
18900,Aditya Kapoor,34,Male,B+,9961440132
18901,Priya Kapoor,48,Female,A+,9367321666
18902,Vikram Mehta,23,Female,A+,9866005619
18903,Kavya Patel,46,Female,AB-,9715480247
18904,Divya Reddy,47,Male,AB+,9664798607
18905,Neha Singh,24,Female,O+,9305239561
18906,Vikram Kapoor,46,Male,A-,9288638417
18907,Sahil Patel,27,Female,A+,9618535447
18908,Anjali Patel,30,Male,A+,9785447444
18909,Riya Verma,60,Female,AB+,9991711309
18910,Rohan Gupta,60,Female,AB+,9812291446
18911,Divya Singh,59,Male,O-,9983057639
18912,Riya Gupta,43,Male,A-,9701265802
18913,Kavya Verma,27,Female,A-,9521642399
18914,Divya Patel,40,Male,AB+,9967880943
18915,Rohan Gupta,20,Male,B-,9111879113
18916,Sneha Kapoor,28,Female,A+,9638444684
18917,Karan Sharma,20,Female,A-,9410063761
18918,Vikram Gupta,37,Female,O+,9205214712
18919,Aditya Reddy,19,Female,AB-,9672273424
18920,Riya Mehta,57,Male,AB+,9777901354
18921,Rohan Patel,21,Male,O+,9130524128
18922,Karan Sharma,35,Male,A-,9306930118
18923,Karan Gupta,48,Male,AB+,9613590930
18924,Rohan Kapoor,37,Male,O-,9374563533
18925,Aditya Gupta,47,Female,B+,9567422732
18926,Aditya Verma,59,Male,B+,9770499577
18927,Priya Gupta,25,Female,O-,9181371234
18928,Neha Gupta,28,Female,A-,9173838487
18929,Priya Mehta,53,Male,O-,9251657777
18930,Rohan Sharma,44,Female,O+,9809906315
18931,Riya Reddy,44,Female,A+,9711055942
18932,Neha Sharma,22,Male,O+,9536708651
18933,Rahul Verma,50,Male,AB+,9425324449
18934,Priya Kapoor,28,Female,A-,9404705255
18935,Divya Sharma,26,Male,A+,9821682475
18936,Divya Gupta,29,Female,B-,9221784415
18937,Rahul Reddy,21,Male,AB+,9881264072
18938,Sneha Singh,59,Female,A+,9901229697
18939,Kavya Singh,50,Male,A+,9752248502
18940,Priya Patel,29,Male,B-,9955492020
18941,Anjali Reddy,31,Male,O+,9357558657
18942,Rohan Gupta,33,Female,B+,9709547765
18943,Priya Kapoor,55,Female,A-,9204466731
18944,Aman Singh,54,Female,O+,9371709335
18945,Rahul Reddy,26,Male,AB-,9216897328
18946,Arjun Mehta,32,Male,A-,9826615086
18947,Arjun Gupta,23,Female,AB+,9538306275
18948,Aman Kapoor,20,Male,A+,9148347067
18949,Neha Sharma,51,Female,A+,9353508991
18950,Riya Kapoor,58,Female,A+,9333195623
18951,Riya Verma,45,Male,B+,9347175249
18952,Arjun Kapoor,45,Female,B+,9715445886
18953,Karan Reddy,35,Male,A+,9238398461
18954,Priya Mehta,59,Male,AB-,9417436497
18955,Arjun Patel,51,Female,O-,9737708850
18956,Sneha Reddy,28,Female,A+,9291057406
18957,Aditya Singh,34,Male,O-,9494976767
18958,Sahil Singh,27,Female,O+,9608574480
18959,Neha Gupta,26,Male,AB+,9267080948
18960,Sahil Reddy,49,Female,O-,9210270411
18961,Aman Sharma,38,Female,O-,9357216292
18962,Rahul Mehta,53,Male,AB+,9953499526
18963,Neha Sharma,38,Female,A-,9654816571
18964,Sahil Kapoor,50,Male,AB-,9402352247
18965,Karan Patel,40,Female,AB-,9220115888
18966,Rahul Reddy,41,Female,B+,9525520235
18967,Anjali Singh,42,Female,B+,9128104183
18968,Vikram Singh,59,Male,B-,9559669605
18969,Priya Mehta,48,Female,B+,9613982979
18970,Priya Singh,32,Female,B+,9770445020
18971,Arjun Kapoor,34,Male,B+,9253908157
18972,Rahul Gupta,47,Female,B-,9756319418
18973,Rohan Gupta,41,Female,B+,9973004528
18974,Anjali Patel,25,Female,O-,9727979840
18975,Sahil Reddy,57,Male,O-,9238788820
18976,Divya Gupta,56,Female,A+,9186716876
18977,Kavya Reddy,40,Female,O+,9261472227
18978,Anjali Verma,46,Male,AB+,9555645157
18979,Kavya Gupta,59,Male,A+,9436676698
18980,Rahul Mehta,51,Male,A-,9396484140
18981,Sahil Singh,24,Female,A-,9614539879
18982,Divya Reddy,41,Male,A-,9690716851
18983,Sahil Kapoor,45,Male,O-,9527454163
18984,Riya Kapoor,60,Female,A-,9929722501
18985,Aditya Kapoor,27,Female,A-,9425055893
18986,Divya Kapoor,54,Male,O-,9349348562
18987,Vikram Mehta,22,Female,AB-,9406072526
18988,Riya Sharma,45,Male,O-,9939164812
18989,Riya Gupta,59,Male,B-,9854850257
18990,Kavya Verma,51,Female,AB+,9744305435
18991,Kavya Sharma,47,Male,AB+,9925319050
18992,Arjun Gupta,53,Male,A-,9352552080
18993,Arjun Gupta,55,Female,AB-,9705634808
18994,Karan Mehta,30,Female,O+,9914017107
18995,Aman Singh,58,Female,AB-,9466321794
18996,Anjali Singh,22,Female,O+,9313239300
18997,Vikram Reddy,52,Male,A-,9554553927
18998,Vikram Mehta,58,Male,A-,9334450804
18999,Divya Sharma,50,Male,B+,9788758343
19000,Karan Singh,32,Female,A-,9883440269
19001,Riya Patel,60,Male,A+,9601388757
19002,Pooja Patel,36,Female,B-,9758927372
19003,Vikram Sharma,45,Male,A-,9159906709
19004,Rohan Patel,38,Female,B+,9765335901
19005,Arjun Reddy,52,Female,O-,9456539523
19006,Arjun Sharma,47,Male,A-,9826285246
19007,Rahul Singh,41,Female,A+,9682270333
19008,Pooja Kapoor,28,Male,AB+,9392158046
19009,Aditya Singh,49,Female,AB-,9449275648
19010,Riya Reddy,21,Female,A+,9729921275
19011,Aman Patel,22,Female,A+,9940990105
19012,Rohan Patel,19,Female,AB-,9524610493
19013,Kavya Mehta,53,Male,AB+,9686261920
19014,Karan Sharma,22,Male,B-,9742144617
19015,Arjun Sharma,47,Female,AB+,9849484345
19016,Aman Verma,53,Male,B+,9404740707
19017,Sneha Sharma,26,Female,O+,9415151073
19018,Rahul Patel,32,Female,A+,9796701941
19019,Rohan Verma,56,Male,B+,9488936277
19020,Aman Verma,54,Male,B+,9417572449
19021,Rohan Verma,30,Female,A-,9552278977
19022,Aditya Singh,45,Female,O-,9295462994
19023,Rahul Reddy,53,Male,B+,9412111027
19024,Karan Mehta,44,Male,A-,9517028864
19025,Sneha Reddy,32,Male,O-,9841915363
19026,Aman Verma,51,Male,O-,9691215188
19027,Neha Kapoor,28,Female,O-,9873022699
19028,Riya Kapoor,46,Female,B-,9162137424
19029,Sahil Sharma,30,Female,A-,9618773234
19030,Vikram Patel,18,Female,O-,9600870162
19031,Neha Singh,49,Female,B+,9663014662
19032,Vikram Sharma,55,Female,A+,9766191907
19033,Aditya Gupta,55,Male,AB-,9644213170
19034,Priya Reddy,21,Female,A-,9744066942
19035,Aman Mehta,51,Male,AB+,9484189193
19036,Anjali Gupta,38,Female,O+,9599363229
19037,Kavya Mehta,27,Male,A+,9670054022
19038,Anjali Verma,55,Male,AB+,9330526621
19039,Rahul Singh,19,Female,O-,9950934283
19040,Sneha Verma,55,Male,O+,9153251388
19041,Sneha Singh,42,Female,AB-,9358453760
19042,Arjun Kapoor,26,Male,O-,9126942079
19043,Riya Mehta,50,Male,O-,9187032510
19044,Karan Kapoor,44,Female,O+,9973339511
19045,Divya Verma,55,Female,A-,9715857957
19046,Riya Gupta,58,Male,A-,9780758950
19047,Arjun Reddy,49,Male,AB+,9525103866
19048,Divya Reddy,31,Female,AB-,9968799398
19049,Priya Reddy,19,Male,O-,9856222889
19050,Anjali Verma,55,Female,AB-,9745598127
19051,Vikram Kapoor,18,Female,O+,9469018979
19052,Riya Kapoor,54,Male,A-,9294462516
19053,Pooja Reddy,60,Male,O-,9892081989
19054,Anjali Sharma,43,Male,AB+,9597539645
19055,Pooja Kapoor,24,Male,O+,9413120280
19056,Kavya Kapoor,53,Female,A+,9702314261
19057,Sneha Singh,44,Male,A+,9594137479
19058,Priya Sharma,46,Female,AB+,9656753151
19059,Divya Verma,59,Male,A-,9586376737
19060,Arjun Verma,45,Female,O+,9940593323
19061,Neha Gupta,26,Female,A+,9362087254
19062,Divya Verma,22,Male,A-,9400951137
19063,Aman Mehta,28,Male,B-,9649045155
19064,Vikram Singh,44,Female,O-,9229799704
19065,Sahil Singh,22,Male,A+,9380751639
19066,Pooja Sharma,36,Female,AB+,9520998360
19067,Riya Verma,18,Female,A-,9286065408
19068,Neha Reddy,44,Female,O-,9245670662
19069,Kavya Sharma,38,Female,O+,9471281981
19070,Arjun Singh,18,Female,AB+,9697700277
19071,Karan Reddy,37,Female,A+,9556361491
19072,Pooja Reddy,44,Female,A+,9500478885
19073,Rahul Gupta,34,Male,B-,9302410815
19074,Sahil Singh,22,Female,B+,9539131138
19075,Priya Patel,37,Female,A-,9554777341
19076,Vikram Singh,18,Male,AB+,9502941809
19077,Pooja Kapoor,51,Female,AB+,9634265869
19078,Aditya Verma,59,Female,A+,9381989842
19079,Rahul Mehta,47,Male,AB-,9684374869
19080,Rohan Gupta,40,Female,A-,9235301334
19081,Pooja Patel,24,Female,O-,9148495018
19082,Vikram Reddy,26,Male,B+,9731419746
19083,Rahul Kapoor,25,Male,B-,9487083039
19084,Divya Verma,19,Male,A+,9994790721
19085,Rahul Kapoor,28,Female,AB+,9277598752
19086,Riya Gupta,58,Female,AB+,9754446390
19087,Pooja Reddy,43,Female,A-,9418503479
19088,Anjali Mehta,51,Female,O-,9758340537
19089,Neha Gupta,47,Male,O-,9475347826
19090,Aman Singh,34,Male,O-,9950084785
19091,Pooja Singh,36,Female,A+,9732015830
19092,Vikram Sharma,33,Male,A-,9770063636
19093,Divya Singh,26,Female,A+,9884764980
19094,Vikram Gupta,47,Male,AB-,9279633955
19095,Kavya Patel,33,Female,O+,9663594834
19096,Kavya Sharma,55,Male,AB+,9481573183
19097,Priya Kapoor,57,Female,O-,9293762435
19098,Priya Reddy,44,Female,B-,9965643591
19099,Sahil Singh,29,Male,O-,9661217884
19100,Karan Singh,42,Female,A+,9337352029
19101,Sahil Reddy,40,Male,B-,9491077549
19102,Anjali Mehta,57,Male,O-,9548314006
19103,Divya Mehta,38,Male,A+,9735451366
19104,Divya Kapoor,55,Female,O-,9109144841
19105,Pooja Reddy,21,Male,AB+,9102121359
19106,Arjun Singh,55,Female,A-,9724119362
19107,Sneha Gupta,39,Male,O-,9132086984
19108,Anjali Sharma,44,Male,O+,9928899405
19109,Karan Patel,45,Male,A-,9347726332
19110,Sneha Kapoor,20,Female,A-,9902460607
19111,Riya Mehta,28,Male,AB-,9527119631
19112,Rahul Mehta,42,Female,B-,9456297823
19113,Vikram Patel,54,Male,A+,9174630295
19114,Pooja Reddy,41,Female,AB+,9189537175
19115,Sneha Gupta,49,Female,O+,9346846028
19116,Neha Reddy,55,Male,B-,9296261935
19117,Neha Mehta,43,Male,A+,9588282389
19118,Sneha Sharma,49,Male,O+,9371241187
19119,Divya Patel,29,Male,A-,9247241151
19120,Vikram Verma,21,Female,AB+,9320817355
19121,Aditya Patel,26,Female,A+,9369311269
19122,Riya Gupta,51,Female,B+,9592856880
19123,Aditya Kapoor,38,Female,AB-,9849961393
19124,Anjali Kapoor,42,Male,A+,9546688811
19125,Vikram Reddy,47,Female,B+,9688541738
19126,Karan Verma,27,Female,O+,9249415020
19127,Neha Verma,23,Female,AB-,9562664714
19128,Divya Sharma,26,Male,O+,9622605259
19129,Sahil Verma,46,Male,O+,9886879564
19130,Rohan Patel,56,Female,O-,9201621711
19131,Aman Singh,38,Female,O-,9353749897
19132,Sahil Singh,47,Female,AB+,9303541459
19133,Divya Reddy,45,Female,B-,9709927274
19134,Riya Singh,23,Male,AB-,9747202232
19135,Vikram Gupta,55,Male,O+,9837504205
19136,Sneha Patel,23,Male,O+,9546639251
19137,Aman Singh,32,Male,AB+,9480056379
19138,Aditya Patel,37,Male,B+,9751475589
19139,Anjali Sharma,42,Female,B-,9686614613
19140,Divya Reddy,30,Female,AB+,9137252697
19141,Arjun Kapoor,54,Female,AB-,9484402393
19142,Arjun Verma,18,Female,A-,9178112969
19143,Riya Kapoor,53,Female,AB+,9720859331
19144,Pooja Verma,33,Male,B+,9409188432
19145,Karan Reddy,26,Female,A-,9299904187
19146,Vikram Singh,48,Female,B-,9276728676
19147,Riya Singh,43,Male,B+,9133784439
19148,Arjun Patel,55,Male,O-,9527139837
19149,Pooja Reddy,42,Female,B+,9779047073
19150,Anjali Gupta,40,Female,AB+,9525918185
19151,Riya Kapoor,19,Female,B-,9141936377
19152,Aman Kapoor,27,Male,AB+,9256829847
19153,Karan Kapoor,34,Female,B-,9848161623
19154,Kavya Mehta,18,Male,A-,9768492434
19155,Rahul Kapoor,27,Female,AB+,9203582103
19156,Neha Kapoor,27,Male,AB+,9909050949
19157,Arjun Reddy,48,Male,B-,9621001541
19158,Neha Reddy,18,Female,B-,9649986147
19159,Vikram Mehta,26,Female,O+,9993793653
19160,Aditya Singh,23,Male,A-,9317880393
19161,Anjali Sharma,53,Male,AB-,9371209924
19162,Vikram Patel,55,Female,A+,9116434515
19163,Aman Patel,50,Female,O+,9680249713
19164,Kavya Kapoor,46,Female,O+,9986998782
19165,Aman Patel,53,Male,AB+,9851331433
19166,Karan Reddy,59,Female,AB+,9916487904
19167,Aditya Gupta,18,Male,AB+,9152300800
19168,Divya Singh,39,Female,B-,9266109408
19169,Sahil Kapoor,41,Male,B+,9562938947
19170,Karan Patel,55,Male,B-,9507961484
19171,Priya Reddy,48,Female,B-,9129058062
19172,Neha Singh,49,Male,AB+,9328180873
19173,Neha Singh,47,Female,A+,9834536808
19174,Aditya Sharma,53,Female,A+,9411289708
19175,Pooja Singh,57,Female,O+,9105649641
19176,Karan Gupta,45,Male,A-,9636713838
19177,Neha Patel,31,Female,AB-,9798701813
19178,Riya Kapoor,24,Female,AB-,9778641691
19179,Karan Sharma,37,Male,O+,9197113085
19180,Rahul Reddy,59,Female,O-,9292910862
19181,Priya Mehta,21,Female,B-,9585377317
19182,Aman Verma,27,Male,O+,9353764649
19183,Sneha Gupta,59,Female,A-,9432058220
19184,Neha Gupta,27,Female,O-,9632994473
19185,Divya Verma,31,Male,AB+,9407663721
19186,Pooja Singh,57,Male,AB+,9963300748
19187,Arjun Gupta,44,Male,O+,9825884208
19188,Riya Mehta,48,Female,AB+,9112156843
19189,Aman Reddy,28,Male,AB+,9405931129
19190,Rahul Kapoor,21,Male,A+,9446064971
19191,Divya Gupta,26,Male,AB+,9213690312
19192,Rahul Patel,48,Female,B-,9305607715
19193,Vikram Sharma,32,Male,A+,9938479667
19194,Rahul Patel,59,Female,B+,9987477650
19195,Karan Singh,22,Male,B-,9274601560
19196,Neha Sharma,36,Male,AB+,9430934013
19197,Aman Gupta,54,Male,O-,9219843234
19198,Kavya Singh,58,Male,B-,9798747356
19199,Neha Singh,41,Male,AB-,9912416496
19200,Sneha Patel,24,Male,A+,9950835850
19201,Karan Patel,41,Female,A-,9895091353
19202,Priya Reddy,40,Male,A-,9888143485
19203,Aman Patel,27,Female,A-,9974259169
19204,Sneha Reddy,23,Male,B+,9276307875
19205,Karan Kapoor,23,Female,AB-,9228647199
19206,Sneha Patel,30,Male,O-,9206647346
19207,Divya Gupta,57,Male,O-,9537594635
19208,Arjun Verma,43,Male,B-,9483308161
19209,Rahul Sharma,50,Female,O-,9428129480
19210,Pooja Patel,26,Female,O+,9450369202
19211,Karan Singh,20,Male,AB+,9331444037
19212,Arjun Gupta,19,Female,AB+,9976087028
19213,Neha Gupta,37,Male,O-,9992019826
19214,Rahul Sharma,49,Male,B+,9174982409
19215,Rahul Reddy,24,Female,A-,9919233633
19216,Vikram Kapoor,52,Female,A+,9877657582
19217,Rohan Singh,21,Male,A+,9124554986
19218,Riya Mehta,37,Female,B-,9740601127
19219,Pooja Sharma,42,Male,O+,9423217082
19220,Sneha Reddy,35,Male,A-,9435744816
19221,Kavya Reddy,60,Male,B-,9693335887
19222,Divya Singh,23,Male,B+,9745734452
19223,Aman Sharma,43,Female,AB+,9610176014
19224,Arjun Kapoor,46,Female,O-,9472745529
19225,Aditya Kapoor,21,Female,O+,9927628985
19226,Vikram Verma,18,Female,O-,9614577070
19227,Sneha Patel,49,Male,O+,9876317935
19228,Neha Kapoor,26,Female,B+,9620213181
19229,Vikram Verma,20,Female,O+,9680484337
19230,Karan Sharma,50,Male,O+,9859560564
19231,Priya Verma,40,Female,AB-,9136390940
19232,Aman Mehta,38,Male,AB-,9323084803
19233,Sneha Kapoor,37,Female,AB+,9870162888
19234,Kavya Patel,57,Female,B-,9998369590
19235,Rohan Verma,46,Male,A-,9746679487
19236,Aman Mehta,52,Female,B+,9949989835
19237,Rahul Sharma,53,Female,O-,9275642314
19238,Sahil Gupta,25,Female,A-,9721573125
19239,Aditya Gupta,31,Female,B+,9585832840
19240,Aman Singh,22,Male,O-,9209823381
19241,Pooja Mehta,56,Male,B-,9252713905
19242,Anjali Reddy,55,Female,AB+,9179608639
19243,Sahil Patel,59,Male,B+,9922118091
19244,Aman Mehta,60,Female,A-,9146756539
19245,Arjun Verma,23,Female,O+,9797344046
19246,Riya Gupta,57,Female,O-,9228370617
19247,Aman Patel,22,Female,A+,9865202857
19248,Priya Gupta,38,Female,A-,9460747919
19249,Aditya Gupta,32,Female,O-,9872664494
19250,Sneha Mehta,26,Male,B+,9557325645
19251,Pooja Singh,45,Male,B+,9510582316
19252,Riya Gupta,18,Male,A-,9380535640
19253,Sneha Reddy,43,Male,AB-,9565216936
19254,Karan Singh,18,Male,A+,9173187983
19255,Priya Gupta,39,Female,O-,9517104959
19256,Divya Singh,57,Female,O+,9633858029
19257,Sneha Gupta,56,Female,B-,9751015053
19258,Aditya Patel,50,Female,AB-,9620116025
19259,Pooja Gupta,25,Male,AB-,9219797035
19260,Aditya Kapoor,18,Female,A-,9629784072
19261,Divya Kapoor,40,Female,B-,9320015877
19262,Rahul Sharma,18,Male,O+,9905100283
19263,Divya Sharma,23,Male,A+,9447413992
19264,Arjun Mehta,57,Female,B-,9967935564
19265,Divya Mehta,30,Female,B+,9202279468
19266,Pooja Reddy,46,Male,A+,9934266142
19267,Vikram Patel,31,Male,A+,9103486644
19268,Karan Patel,60,Female,AB+,9596690371
19269,Rohan Patel,50,Male,A-,9248495533
19270,Vikram Reddy,59,Female,O+,9436166572
19271,Karan Sharma,25,Female,O-,9144909151
19272,Priya Kapoor,35,Female,O-,9394965251
19273,Riya Mehta,28,Male,B+,9137799612
19274,Priya Singh,40,Female,A-,9342771309
19275,Neha Kapoor,33,Female,AB-,9948283011
19276,Kavya Patel,22,Male,AB+,9132703734
19277,Arjun Reddy,24,Female,A-,9909309099
19278,Neha Singh,30,Female,A-,9651959642
19279,Riya Patel,46,Female,B+,9375011546
19280,Arjun Sharma,38,Female,AB+,9168096438
19281,Riya Mehta,21,Female,O-,9170851805
19282,Pooja Kapoor,48,Female,B-,9289693530
19283,Vikram Mehta,35,Female,B-,9648106949
19284,Rahul Sharma,42,Female,O+,9507757747
19285,Sahil Reddy,60,Male,AB+,9113748343
19286,Arjun Reddy,23,Female,O+,9656388255
19287,Vikram Patel,40,Female,A-,9626981017
19288,Anjali Mehta,26,Male,B+,9305524624
19289,Sahil Patel,24,Male,B+,9254979553
19290,Riya Patel,56,Male,O+,9378913460
19291,Karan Sharma,58,Male,B-,9620963101
19292,Vikram Verma,48,Male,B+,9586098592
19293,Neha Kapoor,42,Female,O-,9271024574
19294,Vikram Kapoor,39,Male,B-,9902692303
19295,Anjali Singh,51,Male,AB+,9712428183
19296,Arjun Kapoor,52,Female,O+,9160071471
19297,Neha Singh,57,Male,AB+,9642824408
19298,Priya Singh,35,Male,B-,9895585010
19299,Arjun Singh,50,Female,O+,9716081669
19300,Arjun Mehta,51,Male,B-,9259243986
19301,Rohan Kapoor,32,Female,AB-,9628637204
19302,Aman Patel,48,Male,A+,9784974007
19303,Neha Singh,49,Male,B-,9191858635
19304,Aditya Gupta,60,Male,B+,9525062352
19305,Rahul Gupta,59,Female,A-,9836122492
19306,Neha Verma,33,Male,B-,9655552061
19307,Riya Mehta,40,Female,O+,9908560701
19308,Aditya Verma,20,Female,B+,9962271943
19309,Rahul Kapoor,44,Female,O+,9135202396
19310,Priya Reddy,48,Female,B-,9837940719
19311,Divya Patel,35,Female,AB+,9790208449
19312,Aditya Mehta,50,Female,A+,9352640813
19313,Aditya Sharma,45,Female,AB-,9800925733
19314,Rohan Patel,43,Male,O+,9373402557
19315,Rohan Reddy,35,Female,A-,9502602918
19316,Riya Patel,21,Male,O-,9851320906
19317,Kavya Mehta,58,Male,O-,9791396698
19318,Neha Kapoor,40,Male,AB-,9944550185
19319,Aditya Patel,60,Female,A-,9127196423
19320,Kavya Kapoor,49,Female,B-,9881024338
19321,Sahil Verma,19,Male,AB-,9588039948
19322,Riya Gupta,52,Male,AB+,9897450459
19323,Pooja Verma,25,Female,B-,9351798219
19324,Kavya Patel,44,Female,A-,9560151745
19325,Aditya Singh,26,Female,B-,9760602664
19326,Kavya Patel,28,Male,O-,9698498199
19327,Neha Verma,59,Male,A-,9446639042
19328,Rahul Singh,33,Male,AB+,9410739476
19329,Sahil Reddy,41,Male,B-,9370178569
19330,Priya Gupta,35,Male,A-,9230043174
19331,Anjali Mehta,20,Female,O+,9734139910
19332,Aman Gupta,46,Female,A+,9792236785
19333,Pooja Singh,60,Female,O+,9173180858
19334,Kavya Sharma,37,Male,B-,9968311731
19335,Karan Reddy,53,Male,A-,9380790551
19336,Karan Mehta,39,Female,A+,9731354901
19337,Arjun Gupta,37,Female,AB+,9711780852
19338,Arjun Singh,59,Female,O+,9410712852
19339,Vikram Gupta,34,Male,B+,9847589199
19340,Vikram Kapoor,48,Female,O+,9540618571
19341,Rohan Reddy,38,Male,B-,9865297504
19342,Anjali Mehta,54,Female,A-,9983106194
19343,Rohan Sharma,40,Female,AB-,9759903209
19344,Divya Mehta,56,Female,AB-,9214396211
19345,Karan Verma,29,Male,A-,9869859189
19346,Divya Verma,24,Female,B-,9669540920
19347,Divya Kapoor,43,Male,B-,9682805641
19348,Pooja Patel,48,Female,O-,9396109040
19349,Sneha Singh,34,Female,AB-,9756924422
19350,Rohan Verma,38,Male,A-,9255245110
19351,Vikram Singh,26,Male,AB-,9632001439
19352,Divya Sharma,28,Male,O-,9906289944
19353,Aman Reddy,39,Female,A+,9767611677
19354,Karan Kapoor,46,Female,B-,9286702139
19355,Riya Gupta,46,Female,B+,9925550481
19356,Aditya Verma,29,Female,A+,9452102541
19357,Divya Mehta,34,Male,B-,9238571141
19358,Kavya Singh,56,Female,A+,9297145217
19359,Kavya Patel,35,Male,B-,9808640374
19360,Neha Verma,43,Male,AB+,9485032216
19361,Karan Reddy,34,Female,A-,9443465978
19362,Arjun Singh,40,Female,A+,9300084580
19363,Riya Gupta,27,Female,A-,9995987490
19364,Riya Gupta,25,Female,AB-,9366982217
19365,Kavya Kapoor,32,Female,O+,9152442777
19366,Anjali Sharma,34,Male,B+,9476589744
19367,Aman Kapoor,35,Female,O-,9846877678
19368,Sahil Gupta,52,Female,A-,9765464711
19369,Sneha Gupta,25,Male,A+,9900195694
19370,Aman Gupta,38,Male,O+,9189098935
19371,Sahil Verma,39,Male,O-,9297820333
19372,Sneha Patel,21,Female,A-,9389457160
19373,Pooja Gupta,50,Male,B+,9113796814
19374,Vikram Reddy,47,Female,AB+,9386620693
19375,Sneha Sharma,55,Male,AB-,9662530577
19376,Divya Singh,26,Female,AB+,9229383689
19377,Sahil Gupta,48,Male,B+,9186561595
19378,Vikram Verma,58,Female,O-,9975260144
19379,Aman Patel,32,Male,A+,9338971975
19380,Rahul Verma,20,Male,B-,9799867019
19381,Kavya Sharma,32,Female,A-,9500617720
19382,Divya Reddy,57,Female,B-,9840411087
19383,Sahil Gupta,27,Male,B-,9828895479
19384,Kavya Verma,25,Female,O+,9722369249
19385,Aditya Verma,41,Male,AB+,9136080470
19386,Aditya Patel,44,Female,A-,9989899529
19387,Kavya Kapoor,46,Female,O+,9819495690
19388,Pooja Kapoor,50,Male,B-,9549853460
19389,Aditya Singh,30,Male,A+,9602239027
19390,Sneha Mehta,34,Female,A+,9540711738
19391,Rahul Verma,39,Female,B+,9582855929
19392,Anjali Singh,18,Male,O+,9835807003
19393,Aditya Reddy,50,Female,A+,9919290379
19394,Priya Patel,34,Female,O-,9483230879
19395,Anjali Sharma,47,Female,AB+,9293609663
19396,Rahul Verma,37,Male,O+,9711417863
19397,Arjun Reddy,58,Male,B-,9389854709
19398,Sneha Kapoor,53,Male,B-,9762167473
19399,Sneha Gupta,19,Female,AB+,9479238752
19400,Riya Verma,28,Female,AB+,9151631504
19401,Sneha Sharma,41,Male,B+,9732593165
19402,Kavya Singh,31,Female,A-,9229125971
19403,Arjun Reddy,49,Female,AB-,9200749785
19404,Anjali Gupta,23,Female,AB+,9333874384
19405,Karan Singh,24,Male,AB+,9859440360
19406,Sneha Singh,28,Female,AB-,9113156008
19407,Sahil Gupta,35,Male,B-,9952733722
19408,Pooja Verma,44,Female,A+,9281557258
19409,Sneha Verma,43,Female,AB-,9776371525
19410,Priya Singh,27,Male,B+,9376004245
19411,Sahil Sharma,47,Female,B+,9558477032
19412,Karan Singh,46,Female,B+,9892540699
19413,Divya Patel,25,Male,AB-,9352499358
19414,Neha Kapoor,25,Male,B-,9286016936
19415,Priya Sharma,53,Male,A+,9886956649
19416,Divya Verma,19,Female,O+,9738700266
19417,Neha Verma,33,Female,A+,9792828609
19418,Vikram Verma,57,Female,A-,9555428616
19419,Sneha Mehta,47,Female,B+,9425394557
19420,Kavya Singh,48,Female,A-,9750866927
19421,Priya Verma,39,Female,AB-,9943682658
19422,Priya Sharma,31,Male,A+,9696383101
19423,Anjali Reddy,46,Male,A-,9515388005
19424,Pooja Sharma,55,Female,AB-,9494575245
19425,Sahil Kapoor,37,Male,A+,9120149405
19426,Karan Gupta,19,Female,AB+,9430484379
19427,Rohan Reddy,32,Male,O-,9654062595
19428,Aditya Mehta,31,Male,AB-,9564412441
19429,Anjali Kapoor,46,Male,A-,9816234356
19430,Kavya Mehta,48,Female,B-,9795178919
19431,Divya Kapoor,60,Male,A-,9213070344
19432,Arjun Verma,31,Male,B+,9614210180
19433,Pooja Patel,43,Female,AB-,9758772406
19434,Arjun Patel,27,Female,AB-,9168701782
19435,Rohan Kapoor,35,Male,O+,9883691239
19436,Riya Verma,57,Male,A-,9111199135
19437,Anjali Mehta,49,Male,B+,9757880046
19438,Karan Mehta,39,Male,B-,9857914752
19439,Riya Sharma,59,Female,B-,9525738937
19440,Divya Reddy,20,Female,B-,9104244203
19441,Vikram Kapoor,53,Female,AB+,9442414762
19442,Aman Gupta,51,Male,A-,9410149829
19443,Aditya Singh,26,Male,O+,9948795364
19444,Rahul Sharma,54,Male,A+,9160120246
19445,Karan Reddy,49,Male,A+,9690458111
19446,Aditya Verma,23,Female,A-,9296148548
19447,Divya Kapoor,52,Male,O-,9401184567
19448,Riya Mehta,56,Female,B+,9364397848
19449,Kavya Mehta,41,Male,B+,9141235786
19450,Rohan Kapoor,37,Male,O+,9384231807
19451,Neha Sharma,60,Male,AB+,9360346817
19452,Priya Kapoor,19,Female,B+,9850317103
19453,Aditya Kapoor,34,Female,A-,9637886111
19454,Rahul Singh,26,Female,AB+,9718105555
19455,Neha Reddy,19,Female,O-,9397735851
19456,Rohan Singh,60,Male,AB+,9390546913
19457,Pooja Gupta,20,Male,O-,9191437048
19458,Priya Kapoor,49,Female,O-,9991249493
19459,Aman Singh,52,Male,A-,9605909462
19460,Karan Mehta,30,Female,AB-,9987420417
19461,Aman Verma,42,Female,AB-,9972217503
19462,Aditya Singh,49,Male,A-,9133128563
19463,Sahil Gupta,32,Female,AB-,9211361879
19464,Vikram Kapoor,44,Female,B+,9347459217
19465,Kavya Gupta,21,Female,A+,9894260561
19466,Sahil Gupta,38,Female,AB-,9783507422
19467,Aditya Verma,40,Female,O-,9119333945
19468,Priya Patel,55,Male,AB-,9207141306
19469,Aditya Gupta,24,Male,O+,9685634235
19470,Neha Verma,50,Male,B+,9356674602
19471,Arjun Verma,28,Male,AB-,9924848875
19472,Karan Verma,53,Female,AB-,9635615014
19473,Aditya Mehta,22,Female,AB+,9579187653
19474,Karan Singh,34,Female,B-,9485006289
19475,Priya Reddy,27,Male,A-,9798344864
19476,Kavya Mehta,18,Female,A+,9958588679
19477,Sneha Singh,51,Male,AB+,9618046502
19478,Neha Gupta,27,Male,AB-,9170568524
19479,Kavya Reddy,51,Female,B+,9512410314
19480,Karan Reddy,33,Male,B+,9339023554
19481,Arjun Mehta,30,Male,O-,9243984440
19482,Karan Verma,38,Female,A+,9298264307
19483,Rohan Verma,38,Male,A-,9900023743
19484,Vikram Patel,24,Male,B-,9319362681
19485,Kavya Kapoor,55,Male,A+,9212299683
19486,Riya Sharma,24,Female,A+,9419119415
19487,Neha Sharma,34,Female,AB-,9836044853
19488,Aditya Patel,60,Male,B-,9876563779
19489,Vikram Kapoor,28,Female,A+,9749938226
19490,Aman Reddy,33,Male,A+,9909199831
19491,Priya Gupta,41,Male,B+,9502094135
19492,Rohan Singh,54,Female,AB+,9569268488
19493,Aman Mehta,38,Male,O-,9434616969
19494,Sneha Sharma,32,Male,A-,9879510287
19495,Sneha Kapoor,38,Male,B+,9603224147
19496,Aman Mehta,56,Female,O-,9858419563
19497,Sahil Patel,30,Female,AB+,9807505221
19498,Rahul Kapoor,43,Male,AB+,9141126998
19499,Riya Singh,32,Male,B+,9949938794
19500,Aditya Verma,35,Male,A-,9135371431
19501,Priya Singh,27,Female,AB-,9127807768
19502,Anjali Mehta,56,Male,B+,9722559352
19503,Kavya Kapoor,51,Female,AB+,9465710855
19504,Aman Gupta,56,Male,A-,9681488956
19505,Arjun Patel,23,Female,O-,9917622382
19506,Sneha Singh,37,Female,AB+,9350532523
19507,Neha Singh,50,Female,AB+,9490630042
19508,Anjali Patel,29,Female,A-,9461434709
19509,Vikram Patel,25,Male,AB-,9125843713
19510,Anjali Verma,47,Female,A+,9851046577
19511,Neha Sharma,40,Female,AB+,9937794978
19512,Divya Gupta,19,Female,AB+,9501686354
19513,Sneha Singh,38,Male,AB+,9403028059
19514,Arjun Gupta,27,Male,A+,9365412059
19515,Pooja Sharma,37,Male,A-,9169732155
19516,Karan Gupta,56,Female,O+,9269622246
19517,Vikram Gupta,40,Female,O-,9649478177
19518,Sneha Sharma,38,Female,A+,9402012052
19519,Aditya Gupta,58,Male,B+,9637898123
19520,Karan Singh,50,Female,B-,9664009247
19521,Kavya Sharma,31,Female,AB-,9113971268
19522,Aditya Reddy,59,Male,O-,9728737620
19523,Rahul Verma,18,Male,A-,9961138309
19524,Aditya Patel,26,Female,B-,9874948617
19525,Kavya Singh,58,Male,A+,9201520093
19526,Rahul Verma,55,Female,A+,9723398220
19527,Karan Patel,50,Female,A-,9357625660
19528,Rohan Singh,49,Male,AB+,9737940194
19529,Vikram Gupta,34,Female,AB+,9836101400
19530,Karan Gupta,36,Female,A+,9974446255
19531,Pooja Verma,18,Male,AB-,9995598046
19532,Riya Mehta,37,Female,B-,9546352787
19533,Rohan Verma,56,Female,O+,9783249233
19534,Pooja Mehta,41,Female,B-,9549991921
19535,Kavya Verma,21,Female,O-,9108976337
19536,Sneha Reddy,46,Male,A-,9648026697
19537,Sneha Singh,32,Female,AB+,9822834030
19538,Riya Patel,39,Male,B+,9315709035
19539,Kavya Verma,55,Female,B+,9587281424
19540,Sahil Reddy,43,Female,AB+,9218392197
19541,Vikram Kapoor,25,Female,O+,9213631409
19542,Aman Kapoor,32,Female,AB+,9528345377
19543,Neha Reddy,21,Male,AB+,9841486101
19544,Rohan Patel,35,Male,A+,9667916198
19545,Aman Mehta,42,Female,B-,9984489145
19546,Anjali Verma,24,Male,A-,9322217288
19547,Neha Sharma,57,Male,A+,9514981699
19548,Kavya Reddy,34,Female,A+,9318011566
19549,Rahul Reddy,58,Female,O+,9972612793
19550,Sneha Verma,32,Male,AB+,9889191165
19551,Priya Patel,27,Female,O-,9424680128
19552,Aman Reddy,35,Female,AB-,9409755737
19553,Riya Verma,39,Female,O-,9526167422
19554,Riya Singh,40,Female,O+,9830257984
19555,Sahil Kapoor,20,Female,O+,9949940129
19556,Sahil Verma,52,Male,B-,9957803105
19557,Vikram Sharma,40,Male,A+,9511983082
19558,Pooja Sharma,50,Female,O-,9715681134
19559,Rohan Verma,37,Male,A+,9654052984
19560,Karan Sharma,27,Female,O-,9551468041
19561,Pooja Patel,23,Male,B-,9275585374
19562,Karan Kapoor,32,Female,A-,9538158404
19563,Aditya Sharma,19,Female,A-,9184589700
19564,Kavya Reddy,39,Male,B+,9976877982
19565,Sneha Kapoor,35,Male,A+,9988688565
19566,Karan Sharma,44,Female,A-,9315947385
19567,Aman Verma,23,Female,O+,9745073747
19568,Neha Verma,25,Male,B-,9217148736
19569,Rahul Sharma,28,Female,O-,9739979560
19570,Karan Mehta,47,Male,A-,9818043122
19571,Aditya Patel,31,Male,O-,9542338200
19572,Aman Kapoor,51,Female,A+,9970701252
19573,Sahil Sharma,25,Female,AB+,9274838895
19574,Priya Patel,26,Male,AB+,9446306145
19575,Aman Sharma,38,Female,B+,9471908319
19576,Rohan Gupta,55,Male,O-,9697706283
19577,Priya Verma,38,Female,A+,9212611276
19578,Rohan Sharma,50,Male,A-,9246946488
19579,Arjun Sharma,32,Female,AB-,9419086046
19580,Arjun Sharma,41,Male,A+,9214823131
19581,Arjun Mehta,60,Female,AB-,9782786776
19582,Aman Gupta,57,Male,B-,9373959366
19583,Kavya Gupta,48,Female,O+,9398123240
19584,Sahil Kapoor,49,Female,B+,9246460455
19585,Kavya Gupta,38,Male,O-,9586324123
19586,Sahil Kapoor,20,Female,B-,9168849386
19587,Arjun Kapoor,25,Male,AB+,9212049463
19588,Vikram Kapoor,33,Male,O-,9833310903
19589,Karan Kapoor,43,Female,B+,9775132551
19590,Arjun Mehta,23,Female,B-,9802606526
19591,Priya Patel,30,Male,O-,9632920907
19592,Neha Verma,53,Male,B-,9822204408
19593,Karan Singh,52,Male,B-,9641461285
19594,Pooja Sharma,31,Male,O+,9428875837
19595,Anjali Mehta,60,Male,A-,9582083220
19596,Rahul Reddy,38,Female,O-,9981524715
19597,Kavya Reddy,37,Female,O+,9282069544
19598,Rahul Patel,18,Male,A-,9103933922
19599,Priya Mehta,52,Female,A+,9716588235
19600,Aman Verma,38,Male,B+,9857256352
19601,Vikram Reddy,42,Male,B-,9428885128
19602,Rohan Reddy,51,Male,A+,9381263857
19603,Aditya Singh,60,Female,AB-,9615186942
19604,Aman Singh,58,Female,O-,9601637180
19605,Anjali Sharma,46,Male,A+,9153432824
19606,Priya Verma,40,Female,O+,9506011390
19607,Priya Reddy,56,Female,AB+,9289791241
19608,Divya Mehta,31,Female,A-,9190048196
19609,Sahil Gupta,46,Male,AB+,9107709277
19610,Divya Reddy,29,Female,AB-,9661768425
19611,Kavya Gupta,24,Female,AB+,9457472390
19612,Karan Reddy,38,Female,B-,9747033958
19613,Rohan Singh,42,Female,A-,9142613404
19614,Divya Kapoor,33,Male,AB-,9828932998
19615,Neha Verma,60,Male,O-,9232576431
19616,Kavya Mehta,57,Male,O-,9170768987
19617,Aman Gupta,46,Male,AB+,9427273036
19618,Anjali Kapoor,43,Female,AB-,9862557855
19619,Pooja Singh,32,Male,B-,9511774408
19620,Aman Reddy,50,Female,A-,9369441973
19621,Aman Gupta,36,Female,O+,9409728577
19622,Pooja Mehta,30,Female,A+,9797788707
19623,Kavya Mehta,28,Male,A-,9674492507
19624,Divya Sharma,54,Male,B+,9121177580
19625,Sahil Mehta,42,Female,A+,9788276366
19626,Anjali Reddy,33,Female,O+,9184591289
19627,Rohan Verma,28,Male,O-,9749898714
19628,Priya Kapoor,60,Male,O+,9839315680
19629,Kavya Patel,46,Male,O-,9144148557
19630,Riya Singh,22,Female,A-,9518105769
19631,Aman Sharma,26,Male,A-,9387684352
19632,Arjun Sharma,41,Male,AB+,9750051441
19633,Anjali Singh,52,Male,A-,9390065451
19634,Aman Mehta,40,Female,A-,9943656548
19635,Divya Kapoor,24,Female,AB+,9619085878
19636,Rahul Mehta,54,Male,AB-,9543686315
19637,Pooja Verma,46,Female,A+,9407865270
19638,Riya Mehta,52,Female,O-,9444438968
19639,Aman Gupta,26,Male,A+,9250280780
19640,Sneha Singh,60,Male,O-,9856306922
19641,Arjun Patel,24,Female,B+,9542832787
19642,Divya Reddy,48,Male,B+,9278405628
19643,Priya Reddy,59,Male,A+,9298955584
19644,Divya Mehta,58,Male,B-,9280691470
19645,Neha Mehta,25,Female,A+,9221048750
19646,Rahul Kapoor,33,Male,O-,9197654191
19647,Aditya Patel,45,Female,AB+,9997783131
19648,Aman Patel,31,Female,B+,9320188473
19649,Priya Reddy,51,Male,A-,9721271282
19650,Rohan Mehta,34,Female,A+,9680583705
19651,Kavya Kapoor,42,Male,B+,9777471511
19652,Riya Verma,29,Female,B-,9716969039
19653,Karan Kapoor,41,Male,AB+,9988435518
19654,Neha Patel,48,Female,O-,9559622740
19655,Karan Mehta,48,Male,O+,9261607867
19656,Riya Sharma,41,Female,A-,9392804228
19657,Sneha Singh,32,Female,A-,9777041539
19658,Aman Verma,55,Female,B+,9708231567
19659,Anjali Gupta,27,Female,A+,9659347910
19660,Kavya Patel,32,Female,A-,9757937521
19661,Sneha Sharma,33,Male,B+,9678641889
19662,Rahul Reddy,56,Female,A-,9770631879
19663,Aditya Verma,19,Male,AB+,9930367973
19664,Arjun Verma,55,Male,O-,9347688480
19665,Neha Verma,44,Female,AB+,9805147584
19666,Riya Singh,47,Female,O-,9819349983
19667,Priya Verma,50,Male,AB+,9827904105
19668,Priya Patel,46,Female,AB-,9321374022
19669,Neha Patel,32,Male,A+,9198692220
19670,Riya Mehta,46,Male,AB+,9906834908
19671,Riya Reddy,35,Female,AB-,9136954902
19672,Sneha Patel,29,Female,A-,9827352379
19673,Rohan Verma,38,Male,A-,9367811354
19674,Priya Singh,29,Female,A-,9620201072
19675,Divya Sharma,57,Female,B+,9244082078
19676,Aman Mehta,18,Female,O-,9371948415
19677,Rohan Mehta,39,Male,A+,9765950303
19678,Sahil Verma,56,Male,A+,9898779654
19679,Vikram Mehta,35,Male,AB-,9592686171
19680,Aditya Reddy,60,Male,AB-,9447663556
19681,Pooja Patel,20,Male,AB-,9438041287
19682,Anjali Reddy,20,Female,O-,9381745248
19683,Neha Kapoor,30,Female,O+,9441512578
19684,Divya Gupta,59,Female,O-,9471761030
19685,Arjun Mehta,34,Male,B-,9872533274
19686,Anjali Patel,19,Female,AB+,9345267114
19687,Arjun Singh,57,Male,B-,9162416365
19688,Arjun Patel,22,Male,AB-,9288757679
19689,Kavya Singh,49,Female,B-,9655867129
19690,Anjali Sharma,27,Female,AB+,9128654943
19691,Aditya Patel,40,Female,A+,9348163156
19692,Arjun Reddy,28,Male,A+,9116525161
19693,Rahul Singh,31,Female,A-,9407075709
19694,Karan Singh,30,Female,B-,9498334767
19695,Divya Reddy,41,Female,A-,9412311845
19696,Vikram Sharma,32,Male,B-,9344011558
19697,Kavya Sharma,50,Female,O+,9113376988
19698,Neha Patel,46,Female,AB+,9443922113
19699,Kavya Patel,55,Female,A-,9975688865
19700,Arjun Patel,47,Female,AB-,9215817545
19701,Sneha Verma,58,Female,A-,9216150026
19702,Aman Singh,56,Female,A-,9509045867
19703,Rohan Mehta,39,Female,AB+,9670724351
19704,Sneha Singh,36,Female,B-,9250910380
19705,Anjali Singh,60,Male,O-,9584880146
19706,Divya Gupta,43,Male,O+,9739489190
19707,Karan Gupta,46,Male,A-,9458028717
19708,Rahul Gupta,27,Male,AB+,9470436344
19709,Aman Sharma,20,Female,B-,9448769254
19710,Anjali Sharma,20,Male,O+,9308118568
19711,Karan Kapoor,53,Female,A+,9161525734
19712,Priya Reddy,55,Male,A-,9905379033
19713,Karan Verma,57,Female,A+,9401050505
19714,Divya Singh,19,Female,O+,9205234037
19715,Aditya Gupta,23,Female,A-,9766301554
19716,Divya Gupta,49,Female,O+,9666080791
19717,Rohan Reddy,33,Male,O-,9474913845
19718,Rahul Reddy,60,Male,A+,9433821342
19719,Vikram Kapoor,26,Male,B+,9892675782
19720,Aditya Gupta,47,Female,B+,9155491079
19721,Neha Kapoor,37,Male,A-,9204024929
19722,Anjali Reddy,45,Female,B+,9277442307
19723,Rohan Patel,19,Male,B-,9980538507
19724,Rahul Gupta,34,Female,A+,9719423195
19725,Pooja Mehta,26,Male,AB-,9350140235
19726,Riya Verma,60,Female,O-,9540638256
19727,Pooja Singh,52,Male,B-,9122751003
19728,Aman Mehta,36,Male,B-,9405446396
19729,Aditya Sharma,38,Male,AB+,9337902599
19730,Rohan Mehta,60,Male,B+,9605181791
19731,Sahil Kapoor,27,Male,A-,9987724648
19732,Arjun Verma,60,Male,B-,9795544652
19733,Karan Kapoor,34,Male,O-,9654749961
19734,Rohan Mehta,33,Female,AB+,9669153148
19735,Karan Gupta,36,Male,AB+,9970683352
19736,Arjun Patel,24,Female,A+,9362479855
19737,Aditya Kapoor,21,Female,B+,9210649342
19738,Priya Singh,45,Female,AB-,9107962630
19739,Sahil Reddy,41,Female,A+,9454342330
19740,Aditya Patel,52,Female,B-,9924581539
19741,Rohan Gupta,31,Female,O+,9605873236
19742,Rohan Sharma,27,Male,B+,9470542561
19743,Sahil Singh,39,Female,A-,9423108144
19744,Kavya Patel,50,Female,B+,9374376787
19745,Anjali Patel,49,Female,AB-,9326366461
19746,Karan Kapoor,18,Male,B-,9969331296
19747,Pooja Gupta,43,Female,O-,9947822131
19748,Sneha Verma,58,Female,B+,9399263595
19749,Riya Gupta,47,Female,A+,9164018860
19750,Rahul Mehta,44,Male,O+,9215094363
19751,Pooja Patel,36,Female,A+,9942708372
19752,Aditya Sharma,47,Female,A+,9668861739
19753,Divya Singh,27,Male,B+,9757251750
19754,Riya Singh,58,Male,AB+,9786885986
19755,Priya Verma,18,Female,O+,9278551724
19756,Karan Mehta,19,Female,AB-,9143674520
19757,Pooja Kapoor,22,Male,O+,9975420526
19758,Priya Gupta,52,Female,B-,9471446616
19759,Kavya Singh,33,Female,O-,9715131421
19760,Sahil Gupta,43,Male,A+,9950566501
19761,Rohan Reddy,53,Female,A-,9206253830
19762,Karan Patel,55,Female,O+,9247808513
19763,Riya Sharma,55,Male,B-,9331058228
19764,Sneha Reddy,30,Female,A-,9967724711
19765,Anjali Kapoor,49,Female,O-,9381906964
19766,Riya Verma,58,Female,B+,9910340804
19767,Anjali Gupta,54,Female,AB-,9695734816
19768,Pooja Singh,58,Male,B+,9316811029
19769,Riya Mehta,43,Female,AB-,9405338643
19770,Neha Sharma,19,Female,B-,9510703035
19771,Divya Gupta,41,Male,B+,9822172411
19772,Kavya Reddy,26,Female,B-,9146384013
19773,Karan Reddy,39,Female,AB-,9471281828
19774,Karan Gupta,23,Male,A-,9306984633
19775,Anjali Verma,34,Male,B-,9582665401
19776,Anjali Singh,55,Male,AB+,9521303269
19777,Aditya Verma,39,Female,AB-,9645277994
19778,Sahil Mehta,58,Male,AB+,9522048216
19779,Neha Singh,51,Male,A-,9351111457
19780,Sahil Kapoor,32,Female,AB-,9264157651
19781,Rahul Gupta,49,Female,AB+,9792854141
19782,Rahul Verma,48,Male,O+,9334321375
19783,Aditya Sharma,28,Female,B-,9905258436
19784,Aman Verma,33,Female,AB+,9715650633
19785,Arjun Patel,43,Male,AB+,9343348426
19786,Vikram Gupta,37,Female,O+,9972056891
19787,Kavya Reddy,59,Female,A-,9827317147
19788,Riya Verma,41,Male,B-,9953380502
19789,Sneha Mehta,28,Male,O-,9252830316
19790,Rohan Mehta,42,Female,A-,9906982122
19791,Rahul Patel,53,Male,AB-,9161095729
19792,Vikram Verma,47,Male,O-,9145094098
19793,Sneha Patel,21,Female,AB+,9435394298
19794,Kavya Gupta,44,Male,A+,9692816510
19795,Vikram Sharma,51,Male,A+,9248512083
19796,Riya Singh,60,Female,O+,9759191413
19797,Vikram Mehta,19,Male,B+,9114877223
19798,Rahul Singh,51,Female,AB+,9355168325
19799,Aman Kapoor,26,Male,AB+,9602710451
19800,Sneha Kapoor,29,Female,B-,9745051645
19801,Neha Patel,33,Female,AB+,9606410806
19802,Riya Singh,46,Male,O+,9153786000
19803,Rohan Singh,59,Female,O+,9171170475
19804,Anjali Sharma,35,Female,A-,9592154020
19805,Riya Reddy,19,Male,B-,9906559973
19806,Pooja Gupta,39,Female,A+,9271585137
19807,Karan Reddy,28,Male,O-,9266520819
19808,Vikram Verma,60,Male,A-,9749524647
19809,Rohan Singh,53,Female,B+,9562868232
19810,Neha Verma,41,Male,B+,9961947644
19811,Anjali Sharma,35,Female,O-,9523895440
19812,Karan Sharma,25,Male,O+,9931295761
19813,Rohan Patel,41,Female,A-,9163843486
19814,Sahil Singh,28,Female,O+,9375464488
19815,Aman Verma,24,Male,O-,9661211674
19816,Sneha Kapoor,46,Male,O+,9115796966
19817,Kavya Kapoor,20,Female,A-,9179477929
19818,Pooja Patel,18,Female,B-,9547179611
19819,Aman Mehta,55,Female,O-,9867913247
19820,Anjali Verma,34,Male,B+,9613406486
19821,Pooja Singh,40,Female,A-,9393481224
19822,Neha Sharma,39,Male,AB+,9387802214
19823,Divya Patel,43,Female,B-,9755207598
19824,Pooja Verma,57,Female,O-,9114856861
19825,Neha Verma,26,Female,B+,9608416358
19826,Aman Sharma,44,Female,AB-,9205253607
19827,Kavya Reddy,25,Male,AB-,9660544065
19828,Rahul Verma,20,Male,O-,9712236029
19829,Sneha Gupta,41,Female,O+,9576318852
19830,Sahil Gupta,41,Male,A-,9211842335
19831,Divya Mehta,46,Female,O-,9267918359
19832,Sneha Sharma,24,Male,O+,9257423746
19833,Rahul Patel,41,Male,O-,9953249834
19834,Sneha Singh,60,Female,O+,9378201564
19835,Priya Mehta,34,Male,A-,9477668100
19836,Rahul Patel,50,Female,O+,9417152770
19837,Aman Reddy,49,Male,A-,9818261041
19838,Riya Kapoor,20,Female,B+,9578188396
19839,Pooja Kapoor,27,Male,B+,9117513140
19840,Aman Gupta,40,Male,O+,9995636469
19841,Rohan Mehta,59,Male,B+,9895311320
19842,Arjun Gupta,31,Female,AB+,9997652846
19843,Rohan Gupta,53,Male,B+,9414511350
19844,Aditya Mehta,33,Male,B+,9110499390
19845,Vikram Patel,37,Female,O-,9515807010
19846,Rahul Verma,24,Male,AB+,9915370472
19847,Riya Gupta,49,Male,A+,9280596785
19848,Rahul Reddy,56,Female,AB-,9766117088
19849,Sneha Gupta,54,Female,B-,9290306455
19850,Anjali Verma,43,Female,B+,9162650497
19851,Rahul Sharma,34,Male,O-,9776108619
19852,Riya Patel,49,Male,AB+,9266039628
19853,Sahil Gupta,48,Male,AB-,9553860221
19854,Rahul Patel,43,Female,A+,9143373891
19855,Anjali Verma,53,Female,AB+,9288486104
19856,Karan Patel,36,Female,AB-,9516072222
19857,Vikram Mehta,34,Male,B+,9524048923
19858,Divya Sharma,44,Male,A+,9425231201
19859,Rohan Verma,43,Female,B+,9656895919
19860,Pooja Gupta,39,Male,AB-,9789710015
19861,Vikram Mehta,44,Male,A+,9967349056
19862,Neha Patel,56,Male,O+,9961267978
19863,Vikram Reddy,40,Male,O+,9482227463
19864,Priya Patel,29,Female,B+,9324687085
19865,Vikram Reddy,41,Male,B+,9733375670
19866,Sneha Sharma,43,Female,AB+,9361656669
19867,Riya Gupta,54,Female,O-,9628243025
19868,Karan Verma,39,Female,B-,9263342276
19869,Pooja Sharma,52,Male,A-,9693613361
19870,Aman Kapoor,25,Female,A-,9492849894
19871,Sneha Gupta,49,Female,B+,9969518212
19872,Sneha Sharma,20,Female,B-,9721555403
19873,Neha Singh,21,Male,B+,9797473084
19874,Kavya Reddy,44,Male,B+,9326469204
19875,Rohan Kapoor,23,Female,O-,9464250138
19876,Rohan Mehta,22,Male,B-,9392240172
19877,Karan Patel,21,Female,A+,9622428229
19878,Kavya Verma,31,Male,B-,9185598021
19879,Rohan Kapoor,48,Female,B-,9234790127
19880,Arjun Patel,32,Male,O-,9896081336
19881,Vikram Mehta,57,Male,O+,9558889711
19882,Aditya Mehta,18,Male,A-,9448453158
19883,Aman Sharma,32,Male,A+,9900913904
19884,Kavya Patel,46,Male,A+,9952317816
19885,Priya Sharma,47,Male,B+,9635821674
19886,Anjali Kapoor,35,Male,A+,9321180108
19887,Rahul Mehta,58,Male,B+,9402512318
19888,Aditya Gupta,23,Male,O-,9461881328
19889,Rohan Kapoor,43,Female,AB+,9290154324
19890,Sahil Gupta,39,Male,B-,9601613636
19891,Neha Reddy,45,Female,O+,9120980224
19892,Anjali Gupta,49,Female,A+,9214720144
19893,Rahul Sharma,35,Male,B+,9101968066
19894,Vikram Verma,39,Female,B-,9542395485
19895,Arjun Gupta,34,Male,AB-,9714299349
19896,Anjali Patel,40,Male,O-,9887347083
19897,Riya Gupta,27,Male,B-,9395401880
19898,Sneha Reddy,34,Male,O-,9226279100
19899,Sneha Patel,22,Male,AB+,9313686879
19900,Karan Kapoor,59,Male,AB+,9942853826
19901,Karan Gupta,31,Male,AB-,9311093433
19902,Pooja Singh,44,Male,A+,9199310810
19903,Divya Reddy,47,Female,A+,9916077843
19904,Rahul Mehta,58,Female,A+,9336752187
19905,Aditya Verma,31,Male,O-,9504545355
19906,Neha Gupta,24,Male,B-,9535638671
19907,Sneha Verma,25,Male,O+,9758341182
19908,Kavya Kapoor,53,Male,O+,9888548561
19909,Aman Sharma,24,Female,AB-,9244512193
19910,Arjun Patel,37,Female,O+,9613163112
19911,Pooja Mehta,35,Female,B+,9975690927
19912,Aman Kapoor,22,Female,A+,9492637579
19913,Divya Kapoor,42,Female,AB+,9484019990
19914,Kavya Reddy,42,Male,B-,9162740238
19915,Divya Sharma,30,Male,AB-,9972847675
19916,Sneha Sharma,21,Male,A-,9113421002
19917,Anjali Mehta,31,Male,AB-,9676476491
19918,Sneha Kapoor,57,Female,B-,9832136261
19919,Neha Verma,48,Female,O+,9336905839
19920,Neha Verma,21,Female,A-,9817910832
19921,Pooja Patel,50,Male,A-,9717612160
19922,Rahul Singh,40,Female,AB+,9925790329
19923,Karan Sharma,42,Male,A-,9595079626
19924,Neha Singh,29,Male,A+,9564809219
19925,Divya Verma,48,Female,B+,9415954710
19926,Sneha Verma,49,Male,B-,9660506468
19927,Pooja Patel,58,Male,O-,9377124211
19928,Kavya Verma,34,Female,B+,9446119989
19929,Vikram Sharma,60,Male,A-,9712208908
19930,Neha Gupta,22,Male,AB-,9992622156
19931,Sneha Sharma,25,Female,O+,9384807985
19932,Kavya Verma,58,Female,AB+,9378730075
19933,Priya Mehta,54,Male,AB+,9890307518
19934,Kavya Kapoor,41,Female,AB-,9272369422
19935,Vikram Kapoor,29,Female,AB+,9239363145
19936,Divya Kapoor,28,Female,B+,9779688456
19937,Anjali Kapoor,26,Male,O+,9732611916
19938,Priya Patel,51,Female,A+,9160490917
19939,Arjun Sharma,57,Male,B-,9820470354
19940,Rahul Verma,53,Female,B+,9112195556
19941,Anjali Gupta,22,Female,AB+,9238342980
19942,Sneha Verma,53,Female,B+,9539683518
19943,Anjali Reddy,43,Female,B+,9523903149
19944,Rohan Gupta,21,Male,O+,9723527739
19945,Arjun Patel,32,Male,O-,9789650986
19946,Sneha Gupta,37,Male,A-,9839223340
19947,Arjun Patel,41,Male,A+,9847396588
19948,Rahul Mehta,29,Male,B-,9662814179
19949,Pooja Gupta,33,Female,B-,9866248388
19950,Karan Gupta,52,Male,AB+,9194349462
19951,Sahil Reddy,45,Female,AB-,9148432701
19952,Aditya Patel,35,Male,O-,9627910806
19953,Aditya Reddy,47,Female,O-,9232794920
19954,Pooja Singh,26,Female,B+,9398370407
19955,Rohan Verma,23,Male,O+,9279827670
19956,Karan Sharma,50,Male,B-,9527904079
19957,Divya Gupta,44,Female,AB-,9617934990
19958,Karan Mehta,36,Male,B+,9627008070
19959,Priya Mehta,25,Female,A-,9874327472
19960,Aditya Verma,45,Male,B-,9247525509
19961,Pooja Sharma,42,Male,O-,9996192897
19962,Priya Sharma,26,Female,B+,9829532081
19963,Rohan Mehta,56,Female,O-,9965779228
19964,Arjun Sharma,43,Male,A-,9826683612
19965,Divya Patel,26,Female,B-,9279549498
19966,Neha Kapoor,23,Male,O+,9411080228
19967,Rohan Patel,48,Female,O+,9705076012
19968,Anjali Singh,34,Male,O+,9438060944
19969,Pooja Singh,25,Male,A+,9274447016
19970,Arjun Kapoor,31,Male,A+,9314058964
19971,Anjali Gupta,60,Female,B+,9467539586
19972,Pooja Patel,43,Male,O-,9655205168
19973,Karan Verma,42,Female,B+,9882237139
19974,Anjali Gupta,40,Female,A+,9389725492
19975,Arjun Reddy,47,Female,A+,9838052110
19976,Pooja Kapoor,39,Male,A-,9973602858
19977,Priya Singh,55,Female,AB-,9535932109
19978,Kavya Singh,27,Female,A+,9728351273
19979,Rahul Patel,45,Male,A+,9471420403
19980,Rohan Sharma,48,Female,O-,9557668783
19981,Anjali Reddy,54,Female,A-,9221826955
19982,Anjali Patel,55,Male,B+,9289077482
19983,Anjali Sharma,49,Female,B+,9727597229
19984,Vikram Mehta,49,Female,B+,9900233226
19985,Kavya Patel,58,Female,O-,9968444333
19986,Priya Reddy,36,Male,O+,9667393451
19987,Aman Reddy,34,Male,O+,9343686792
19988,Arjun Mehta,26,Female,AB-,9284716604
19989,Pooja Verma,35,Male,A-,9599077632
19990,Aditya Sharma,38,Male,B-,9974811919
19991,Riya Verma,52,Female,O+,9853367941
19992,Anjali Sharma,23,Female,A-,9202730888
19993,Pooja Mehta,25,Female,O-,9238487199
19994,Sahil Singh,44,Female,O+,9219731096
19995,Riya Kapoor,38,Male,B+,9341905089
19996,Vikram Kapoor,22,Female,B+,9264447871
19997,Karan Mehta,37,Male,A-,9388711158
19998,Sahil Sharma,55,Male,AB+,9371213599
19999,Aditya Mehta,31,Male,AB-,9811375768
20000,Aditya Gupta,22,Male,B-,9343877984
20001,Vikram Kapoor,35,Female,A-,9108003080
20002,Karan Patel,22,Female,B+,9118390265
20003,Sneha Mehta,44,Female,AB+,9483540535
20004,Karan Gupta,28,Female,B+,9800048463
20005,Divya Reddy,18,Male,AB+,9509496172
20006,Vikram Singh,35,Female,O+,9502727049
20007,Karan Verma,26,Male,A-,9812355969
20008,Karan Patel,54,Male,A-,9393393461
20009,Vikram Reddy,48,Male,AB+,9732850813
20010,Sneha Sharma,39,Male,AB+,9301311384
20011,Aman Kapoor,29,Female,B+,9563371868
20012,Aditya Kapoor,36,Female,A-,9401154226
20013,Arjun Kapoor,24,Male,A+,9265134441
20014,Anjali Kapoor,55,Female,A+,9524189214
20015,Arjun Verma,52,Male,B-,9338816217
20016,Anjali Singh,58,Female,AB+,9741769298
20017,Vikram Gupta,37,Male,AB+,9784541041
20018,Aman Gupta,42,Male,O+,9365719128
20019,Kavya Mehta,44,Male,O+,9798169164
20020,Aman Singh,25,Male,O+,9259570522
20021,Aman Verma,49,Female,AB+,9780614692
20022,Karan Gupta,35,Female,O-,9262339141
20023,Aditya Mehta,58,Male,B+,9693753611
20024,Aditya Kapoor,42,Male,O-,9723357245
20025,Vikram Kapoor,18,Male,B-,9947285221
20026,Aditya Patel,52,Female,B+,9263449164
20027,Anjali Mehta,32,Female,B+,9315953917
20028,Sahil Gupta,36,Female,A+,9792701562
20029,Aman Verma,33,Male,B-,9449310121
20030,Rahul Singh,23,Male,AB-,9205501457
20031,Vikram Gupta,51,Female,A+,9287563824
20032,Aditya Kapoor,60,Female,O-,9548762205
20033,Kavya Sharma,52,Female,AB+,9290289988
20034,Priya Patel,52,Male,B+,9789211606
20035,Vikram Reddy,23,Male,AB-,9351584555
20036,Rahul Kapoor,23,Female,AB-,9366475633
20037,Karan Kapoor,23,Male,A-,9544627977
20038,Aman Kapoor,59,Female,B-,9300657978
20039,Rahul Gupta,41,Female,AB+,9630019167
20040,Priya Patel,46,Male,AB-,9101298720
20041,Rahul Patel,53,Female,B+,9581440973
20042,Neha Reddy,39,Male,A+,9891566695
20043,Priya Patel,34,Male,B-,9797338139
20044,Sahil Reddy,59,Female,AB-,9960740720
20045,Pooja Sharma,40,Male,A-,9755322821
20046,Rohan Sharma,57,Female,O-,9737157914
20047,Rohan Mehta,55,Male,O+,9646088513
20048,Vikram Gupta,59,Male,AB+,9305069902
20049,Sneha Sharma,29,Male,B-,9124595489
20050,Vikram Mehta,45,Female,O+,9859284332
20051,Neha Verma,49,Female,AB+,9358168894
20052,Riya Sharma,48,Male,A+,9307081760
20053,Sneha Patel,32,Female,A-,9215347146
20054,Sahil Verma,51,Female,B-,9325197409
20055,Anjali Reddy,55,Male,A+,9628052175
20056,Karan Sharma,21,Female,O+,9481987902
20057,Karan Kapoor,41,Female,O-,9257158290
20058,Anjali Gupta,31,Male,B+,9377123251
20059,Priya Verma,25,Male,O+,9116691558
20060,Sneha Gupta,40,Male,A+,9765327007
20061,Sahil Mehta,34,Male,A-,9876575134
20062,Aditya Mehta,32,Male,AB-,9783419439
20063,Kavya Reddy,42,Female,A+,9877625407
20064,Priya Sharma,47,Male,AB-,9901360336
20065,Rahul Sharma,48,Female,A+,9937360635
20066,Sneha Singh,32,Female,O+,9508431701
20067,Pooja Singh,47,Female,B+,9149537162
20068,Riya Kapoor,42,Female,A-,9633433355
20069,Aman Reddy,50,Female,O+,9472161977
20070,Anjali Sharma,37,Male,O+,9861939984
20071,Aditya Singh,21,Female,A-,9584024791
20072,Arjun Patel,59,Female,O+,9921228621
20073,Karan Patel,46,Male,O-,9260881116
20074,Pooja Verma,30,Male,AB+,9811494042
20075,Rohan Mehta,30,Female,O+,9159614049
20076,Kavya Reddy,39,Female,O+,9259569394
20077,Anjali Singh,31,Female,AB-,9796503318
20078,Anjali Reddy,48,Female,AB-,9663966257
20079,Kavya Sharma,45,Female,AB+,9747804445
20080,Aman Kapoor,28,Male,B+,9880840476
20081,Neha Reddy,38,Female,O-,9521443678
20082,Aditya Patel,18,Male,O-,9282777462
20083,Aman Singh,22,Male,O+,9949223243
20084,Vikram Verma,45,Female,O-,9545819146
20085,Karan Kapoor,46,Female,O-,9905095171
20086,Sahil Verma,24,Male,A-,9828469005
20087,Rahul Mehta,57,Female,A-,9439141419
20088,Neha Singh,41,Female,B-,9375583859
20089,Riya Verma,58,Female,AB-,9135598784
20090,Priya Mehta,34,Male,B+,9461918442
20091,Vikram Sharma,37,Female,O-,9723197695
20092,Rohan Reddy,60,Female,A-,9514548737
20093,Neha Patel,24,Female,B+,9732555527
20094,Sahil Reddy,22,Female,AB+,9475898076
20095,Rohan Kapoor,57,Female,AB+,9431568413
20096,Aditya Reddy,26,Female,B-,9318578937
20097,Arjun Gupta,34,Female,AB+,9907734380
20098,Vikram Kapoor,55,Male,B+,9951870920
20099,Kavya Mehta,27,Female,O-,9362604104
20100,Riya Singh,57,Female,B+,9716472031
20101,Kavya Verma,33,Female,A+,9335693145
20102,Karan Mehta,57,Female,B+,9804863548
20103,Rohan Singh,48,Female,AB-,9598271651
20104,Sneha Gupta,57,Female,B+,9140208225
20105,Anjali Singh,39,Male,AB+,9561803197
20106,Sahil Gupta,53,Female,A-,9884603203
20107,Karan Kapoor,20,Male,O-,9868835858
20108,Anjali Patel,18,Male,O-,9631601618
20109,Karan Sharma,38,Female,O+,9853591446
20110,Karan Verma,45,Male,A+,9482469889
20111,Sneha Verma,30,Male,O-,9875473933
20112,Kavya Gupta,32,Male,A-,9149069884
20113,Rohan Kapoor,24,Male,B+,9164475314
20114,Rahul Sharma,52,Male,O-,9881319870
20115,Divya Reddy,19,Male,O+,9313906398
20116,Divya Kapoor,48,Male,O-,9600364196
20117,Arjun Sharma,24,Male,O+,9325035407
20118,Kavya Reddy,26,Female,O+,9452173122
20119,Priya Reddy,32,Female,B-,9550195953
20120,Sneha Gupta,18,Female,B+,9444747836
20121,Vikram Gupta,58,Male,B+,9378672181
20122,Aman Patel,54,Female,A-,9911272860
20123,Arjun Kapoor,40,Male,B-,9843507886
20124,Pooja Gupta,48,Female,A-,9362820987
20125,Rohan Verma,48,Female,AB+,9205073416
20126,Aman Gupta,29,Female,O-,9360067499
20127,Anjali Gupta,51,Female,O-,9445220788
20128,Karan Singh,19,Male,A+,9574592661
20129,Sneha Reddy,52,Male,AB+,9615519906
20130,Sneha Mehta,20,Female,O-,9303969031
20131,Pooja Sharma,26,Female,A+,9988660487
20132,Riya Singh,49,Male,O-,9154650482
20133,Sahil Mehta,36,Male,AB-,9777615915
20134,Rohan Gupta,34,Female,AB-,9319626747
20135,Aditya Kapoor,23,Male,B-,9776953929
20136,Vikram Singh,51,Female,A-,9269171355
20137,Kavya Patel,41,Male,AB-,9435250180
20138,Kavya Gupta,50,Female,O-,9865046360
20139,Rahul Singh,23,Female,O-,9552586262
20140,Vikram Singh,60,Female,A-,9488014552
20141,Aman Verma,59,Male,B+,9968437930
20142,Kavya Reddy,22,Male,O-,9163338612
20143,Divya Reddy,24,Female,O+,9290813013
20144,Sneha Verma,23,Female,O+,9871403942
20145,Sneha Singh,18,Female,A+,9168944727
20146,Priya Singh,58,Female,AB+,9911533591
20147,Karan Verma,39,Female,AB-,9936325369
20148,Priya Reddy,21,Female,O-,9634659263
20149,Pooja Mehta,37,Female,A+,9909240111
20150,Sneha Reddy,20,Female,AB-,9719533608
20151,Karan Gupta,60,Female,O+,9888910651
20152,Vikram Reddy,46,Female,AB-,9380639130
20153,Divya Verma,50,Male,A+,9589710386
20154,Neha Patel,40,Male,B+,9839550998
20155,Kavya Gupta,51,Female,AB+,9412717128
20156,Riya Singh,41,Female,O+,9981393038
20157,Karan Mehta,45,Female,AB-,9675096025
20158,Vikram Gupta,31,Male,AB-,9287369129
20159,Rahul Patel,59,Female,B-,9356071503
20160,Aditya Kapoor,30,Female,B+,9190468449
20161,Sneha Verma,39,Female,O+,9746516659
20162,Aman Mehta,31,Female,AB+,9383683674
20163,Rohan Reddy,19,Male,B-,9821616607
20164,Kavya Kapoor,18,Female,B+,9271847599
20165,Vikram Mehta,27,Male,AB+,9695736636
20166,Aman Kapoor,39,Male,AB-,9541238196
20167,Anjali Patel,59,Male,B+,9692412390
20168,Vikram Sharma,47,Male,O+,9601074400
20169,Anjali Sharma,60,Male,A+,9591828273
20170,Sneha Patel,25,Male,A+,9888790404
20171,Pooja Kapoor,48,Male,B+,9719118688
20172,Arjun Singh,25,Male,B+,9788501172
20173,Sneha Mehta,56,Male,A-,9397740738
20174,Sahil Mehta,41,Male,O+,9544285789
20175,Anjali Gupta,46,Male,B-,9169916617
20176,Neha Singh,53,Male,B-,9740072676
20177,Vikram Gupta,19,Female,A-,9372628805
20178,Neha Verma,42,Female,A-,9361244887
20179,Pooja Gupta,18,Female,O+,9311658136
20180,Rohan Verma,50,Female,O+,9537398935
20181,Kavya Patel,33,Female,AB+,9495767412
20182,Anjali Sharma,53,Female,O-,9378019050
20183,Sneha Singh,37,Female,O+,9656819584
20184,Kavya Verma,59,Male,A-,9497284962
20185,Priya Reddy,42,Male,AB+,9503212212
20186,Neha Patel,46,Female,B+,9593902490
20187,Anjali Singh,56,Male,O+,9831173451
20188,Rohan Patel,51,Male,A+,9791342553
20189,Divya Sharma,42,Female,B+,9795870491
20190,Priya Sharma,22,Male,A-,9310884990
20191,Karan Reddy,36,Male,B+,9883045001
20192,Rohan Kapoor,18,Male,A-,9107627823
20193,Aditya Reddy,18,Female,AB+,9869205843
20194,Divya Mehta,57,Female,O+,9987449041
20195,Karan Kapoor,30,Female,AB+,9563782202
20196,Sneha Kapoor,19,Male,A-,9495845936
20197,Pooja Singh,39,Female,A-,9379626425
20198,Vikram Kapoor,53,Male,A-,9177703356
20199,Arjun Singh,35,Female,A+,9911311448
20200,Aman Mehta,55,Male,O-,9300683848
20201,Arjun Gupta,46,Female,A-,9126640246
20202,Kavya Reddy,26,Female,A-,9348389242
20203,Rahul Patel,59,Female,O+,9599679176
20204,Sneha Singh,44,Female,AB-,9750300631
20205,Vikram Singh,57,Female,A-,9563256337
20206,Priya Reddy,46,Female,O+,9464752731
20207,Pooja Patel,44,Male,A-,9653214570
20208,Sneha Mehta,53,Male,O+,9987586920
20209,Vikram Gupta,31,Male,AB-,9732713859
20210,Pooja Verma,21,Male,B-,9819980573
20211,Kavya Reddy,46,Female,AB-,9997734779
20212,Aditya Kapoor,60,Female,B-,9950811177
20213,Neha Sharma,60,Male,B-,9485358316
20214,Neha Singh,54,Female,A-,9949843961
20215,Priya Verma,58,Female,AB-,9819236699
20216,Karan Kapoor,49,Male,B-,9107995758
20217,Anjali Reddy,44,Female,A-,9299279886
20218,Kavya Reddy,50,Male,AB-,9806524605
20219,Aditya Mehta,55,Male,A+,9708499126
20220,Arjun Singh,21,Male,O-,9756167329
20221,Rahul Singh,30,Male,O+,9216947880
20222,Vikram Mehta,23,Male,B-,9178340795
20223,Riya Reddy,19,Female,A-,9893582822
20224,Priya Reddy,59,Female,O-,9211151616
20225,Arjun Patel,59,Female,A-,9502117030
20226,Rohan Mehta,40,Male,AB-,9770327274
20227,Arjun Mehta,19,Male,O-,9563545089
20228,Arjun Reddy,50,Female,O+,9918063712
20229,Aditya Kapoor,42,Female,B+,9646442574
20230,Aditya Reddy,35,Female,AB+,9928445164
20231,Neha Sharma,49,Male,AB+,9106872342
20232,Arjun Patel,48,Female,AB+,9947115711
20233,Kavya Reddy,22,Female,A-,9436954852
20234,Aman Kapoor,31,Female,AB+,9987032560
20235,Sahil Reddy,41,Female,B+,9483472042
20236,Arjun Singh,51,Female,AB-,9300744287
20237,Kavya Reddy,35,Female,B-,9259599411
20238,Sahil Gupta,30,Female,B-,9424646623
20239,Kavya Verma,33,Female,A-,9789110360
20240,Arjun Verma,60,Male,B+,9430210136
20241,Sahil Kapoor,40,Male,A-,9371020632
20242,Kavya Sharma,36,Male,AB+,9705944084
20243,Karan Verma,48,Male,A+,9216259736
20244,Neha Kapoor,50,Male,AB-,9751869867
20245,Aman Sharma,45,Female,AB+,9408622385
20246,Aman Verma,46,Male,O-,9947319419
20247,Vikram Sharma,29,Male,O-,9777455914
20248,Divya Patel,20,Male,AB+,9487854361
20249,Priya Kapoor,58,Female,B+,9147024480
20250,Aditya Verma,26,Female,AB+,9351088045
20251,Karan Mehta,48,Male,AB-,9208842976
20252,Aman Mehta,47,Male,B-,9226068353
20253,Neha Reddy,29,Male,O-,9148175671
20254,Divya Verma,20,Male,O+,9771934314
20255,Pooja Verma,53,Female,A+,9884984063
20256,Neha Kapoor,28,Male,B+,9314672550
20257,Kavya Patel,33,Male,A-,9413057142
20258,Anjali Verma,58,Male,O-,9613262040
20259,Karan Gupta,52,Female,AB-,9392120469
20260,Rahul Sharma,49,Male,AB-,9280510719
20261,Rohan Verma,18,Female,A+,9372478962
20262,Aditya Gupta,36,Male,A+,9590199462
20263,Arjun Sharma,54,Male,A+,9539358722
20264,Sahil Sharma,46,Female,B+,9573740285
20265,Aditya Patel,26,Male,A+,9708024600
20266,Priya Sharma,33,Female,O+,9679969361
20267,Priya Singh,48,Female,O+,9399370889
20268,Pooja Verma,51,Female,O+,9256960250
20269,Aditya Mehta,45,Male,B-,9660283942
20270,Rohan Gupta,42,Male,O-,9960434463
20271,Riya Patel,52,Female,B-,9769502179
20272,Sneha Verma,29,Male,AB+,9971145180
20273,Pooja Reddy,47,Female,B+,9804850859
20274,Priya Gupta,47,Female,O-,9155392501
20275,Neha Singh,36,Male,O+,9402545652
20276,Rohan Reddy,59,Female,O+,9399299618
20277,Kavya Patel,53,Male,O+,9245930494
20278,Riya Gupta,23,Female,A-,9291428290
20279,Rohan Patel,46,Female,AB-,9367312150
20280,Divya Kapoor,51,Male,B+,9499955477
20281,Rohan Sharma,35,Male,O-,9694504193
20282,Pooja Singh,18,Female,O+,9145821852
20283,Rohan Reddy,51,Male,O+,9255169645
20284,Sahil Reddy,35,Female,AB-,9928332881
20285,Karan Patel,33,Male,B+,9823235974
20286,Rohan Singh,40,Male,AB-,9454303799
20287,Vikram Patel,22,Male,AB+,9317335280
20288,Neha Reddy,28,Female,AB-,9278783920
20289,Priya Patel,19,Female,O-,9822147081
20290,Vikram Mehta,52,Male,O-,9344369331
20291,Rohan Sharma,20,Female,AB-,9175503605
20292,Divya Sharma,56,Male,B-,9916161527
20293,Sneha Singh,18,Male,B-,9672584760
20294,Rahul Mehta,35,Female,AB-,9397963038
20295,Vikram Singh,45,Female,O-,9447362568
20296,Riya Mehta,48,Female,O+,9393863503
20297,Arjun Sharma,22,Female,B-,9880223602
20298,Kavya Kapoor,48,Female,B-,9591906019
20299,Kavya Mehta,50,Female,B-,9870499354
20300,Divya Singh,47,Female,A+,9753937566
20301,Kavya Sharma,57,Male,B-,9505133779
20302,Anjali Reddy,41,Female,B-,9962718080
20303,Pooja Mehta,33,Female,B+,9579648394
20304,Kavya Mehta,52,Male,B-,9837668470
20305,Aditya Singh,43,Male,AB+,9525427644
20306,Kavya Verma,36,Female,B-,9583278851
20307,Priya Reddy,60,Male,A-,9496344883
20308,Rahul Patel,24,Male,A+,9987744897
20309,Priya Singh,34,Male,O-,9987776757
20310,Kavya Reddy,53,Male,A-,9602883516
20311,Karan Reddy,22,Male,B-,9672443461
20312,Neha Verma,50,Male,A+,9392749410
20313,Sahil Verma,57,Male,AB-,9865884436
20314,Priya Mehta,31,Female,O+,9434803737
20315,Anjali Reddy,49,Female,B+,9180054339
20316,Divya Singh,27,Female,O-,9271422863
20317,Aman Patel,21,Male,A+,9280681872
20318,Sneha Verma,52,Male,B-,9444496223
20319,Pooja Singh,59,Male,O+,9874298989
20320,Karan Sharma,24,Female,AB+,9254672446
20321,Divya Kapoor,56,Female,B+,9628940478
20322,Kavya Mehta,42,Male,O-,9463541763
20323,Pooja Sharma,45,Male,AB+,9548964366
20324,Neha Gupta,41,Female,AB-,9543452054
20325,Arjun Verma,37,Female,B+,9747321346
20326,Sahil Mehta,51,Female,B-,9316764521
20327,Rohan Gupta,59,Male,B+,9467185321
20328,Kavya Reddy,57,Male,A-,9706024494
20329,Karan Reddy,19,Female,AB+,9797139526
20330,Priya Singh,39,Female,O-,9150518664
20331,Riya Mehta,18,Female,AB-,9834414423
20332,Pooja Verma,53,Male,AB+,9859443110
20333,Arjun Singh,49,Male,A-,9695535103
20334,Anjali Gupta,30,Male,AB+,9483101726
20335,Rohan Singh,24,Male,O+,9400813391
20336,Rohan Patel,52,Male,O+,9993562801
20337,Anjali Patel,32,Male,A-,9833487966
20338,Vikram Patel,39,Female,AB-,9258795811
20339,Arjun Kapoor,59,Male,B+,9918602037
20340,Pooja Sharma,24,Male,A-,9629726831
20341,Sneha Gupta,50,Female,B+,9770578420
20342,Vikram Reddy,45,Male,B-,9572817364
20343,Kavya Mehta,57,Female,AB+,9242480017
20344,Anjali Kapoor,25,Male,B-,9951031492
20345,Riya Reddy,40,Female,O-,9315590508
20346,Sneha Patel,31,Female,A-,9379633271
20347,Priya Verma,29,Female,AB+,9918021262
20348,Sneha Sharma,37,Female,O-,9799909524
20349,Arjun Mehta,44,Male,A-,9329089521
20350,Divya Verma,56,Male,B-,9244336401
20351,Neha Patel,34,Male,A+,9981106410
20352,Aditya Singh,36,Male,O+,9380377570
20353,Aditya Patel,34,Female,O-,9344055936
20354,Sneha Verma,46,Male,B+,9464490621
20355,Aman Verma,60,Male,O-,9903135489
20356,Riya Verma,52,Female,B+,9878132457
20357,Pooja Kapoor,23,Male,O-,9284027028
20358,Sneha Patel,48,Female,A-,9447743717
20359,Priya Sharma,56,Male,A-,9170602037
20360,Rahul Verma,54,Male,B-,9757825638
20361,Rohan Gupta,29,Male,O+,9908993262
20362,Kavya Verma,34,Male,AB-,9429177188
20363,Kavya Sharma,59,Female,O-,9512438498
20364,Priya Patel,52,Male,A-,9780041754
20365,Aman Sharma,46,Male,O-,9897952682
20366,Sahil Gupta,55,Male,B+,9368703826
20367,Arjun Patel,53,Male,O+,9275456606
20368,Aditya Mehta,43,Male,B+,9770969177
20369,Neha Sharma,39,Male,B+,9176558518
20370,Sneha Gupta,56,Male,B+,9396879080
20371,Vikram Verma,23,Female,AB+,9190747547
20372,Anjali Gupta,47,Male,A+,9555075681
20373,Vikram Sharma,36,Male,AB-,9193789989
20374,Kavya Gupta,35,Female,O+,9997208278
20375,Neha Patel,51,Male,AB+,9893708852
20376,Pooja Mehta,28,Female,O-,9644028687
20377,Divya Mehta,32,Male,B-,9427510065
20378,Anjali Singh,39,Male,B+,9166288877
20379,Rohan Verma,49,Male,A+,9488620703
20380,Anjali Gupta,54,Male,AB+,9327282760
20381,Pooja Reddy,56,Male,O+,9673357795
20382,Pooja Mehta,49,Female,AB+,9285272966
20383,Rahul Verma,34,Male,B-,9610264862
20384,Vikram Kapoor,27,Male,A+,9796325176
20385,Kavya Singh,24,Male,O-,9645438024
20386,Kavya Sharma,60,Male,A-,9311872081
20387,Sneha Patel,49,Male,AB+,9363171229
20388,Divya Verma,53,Male,AB+,9922665560
20389,Rohan Reddy,34,Male,O+,9830058930
20390,Arjun Singh,20,Male,AB-,9692356142
20391,Aman Singh,26,Male,O+,9824698975
20392,Rahul Gupta,52,Female,A+,9988866215
20393,Arjun Patel,19,Female,O+,9380730125
20394,Anjali Kapoor,37,Male,B-,9309840567
20395,Arjun Patel,43,Female,AB+,9379132736
20396,Karan Verma,36,Male,A-,9719054008
20397,Arjun Patel,42,Female,O+,9531700581
20398,Riya Gupta,25,Male,O+,9605515468
20399,Kavya Singh,44,Male,B-,9787909467
20400,Neha Reddy,26,Female,A+,9795865697
20401,Sahil Mehta,40,Female,O-,9241640221
20402,Aditya Patel,54,Male,B+,9992278749
20403,Vikram Mehta,34,Male,A+,9736918769
20404,Neha Reddy,55,Female,AB-,9386987189
20405,Divya Mehta,19,Male,B+,9950143662
20406,Karan Sharma,58,Female,B-,9550413279
20407,Priya Gupta,24,Female,AB+,9721751014
20408,Anjali Sharma,20,Female,B-,9894723271
20409,Divya Reddy,32,Male,AB-,9339864812
20410,Riya Kapoor,55,Male,B+,9654941262
20411,Riya Singh,53,Female,AB-,9339266419
20412,Rohan Gupta,50,Female,A-,9309330709
20413,Arjun Singh,55,Female,O+,9395135639
20414,Aman Gupta,42,Female,AB+,9215725583
20415,Sneha Verma,40,Female,O+,9997951324
20416,Sneha Mehta,60,Male,AB+,9801000589
20417,Rohan Verma,37,Male,O-,9236099769
20418,Karan Mehta,42,Female,O+,9682704533
20419,Rohan Sharma,31,Female,A-,9390170474
20420,Aman Reddy,54,Male,O-,9302590804
20421,Rohan Patel,27,Male,B-,9831541433
20422,Kavya Sharma,37,Male,O+,9170882848
20423,Rahul Singh,56,Male,A-,9627588732
20424,Aditya Reddy,45,Female,O+,9397194022
20425,Rohan Reddy,60,Male,O-,9125828952
20426,Sahil Kapoor,41,Female,O+,9149632044
20427,Riya Gupta,21,Female,A-,9955234178
20428,Divya Kapoor,45,Female,A+,9417139951
20429,Rahul Reddy,57,Male,AB-,9427089411
20430,Anjali Mehta,22,Female,A-,9412966812
20431,Aditya Reddy,48,Male,O+,9183663747
20432,Neha Verma,33,Female,A-,9155314667
20433,Sneha Sharma,48,Female,O+,9782168011
20434,Vikram Gupta,29,Female,AB-,9138975827
20435,Anjali Gupta,55,Female,A+,9261947368
20436,Rahul Mehta,51,Male,O-,9744941612
20437,Karan Gupta,44,Female,O+,9435140947
20438,Aman Singh,29,Male,O+,9477227087
20439,Karan Kapoor,44,Male,A+,9768649614
20440,Arjun Reddy,50,Female,AB+,9932480614
20441,Sneha Kapoor,51,Female,A+,9324668267
20442,Priya Mehta,32,Male,B-,9699070803
20443,Sneha Singh,23,Male,AB+,9735377561
20444,Pooja Sharma,33,Male,AB+,9685425818
20445,Rahul Sharma,39,Female,B+,9815184570
20446,Divya Patel,23,Male,A+,9765504347
20447,Kavya Kapoor,30,Male,A-,9961177981
20448,Aditya Gupta,19,Female,AB-,9575754438
20449,Arjun Patel,24,Female,O-,9332281401
20450,Vikram Singh,47,Male,AB-,9989992251
20451,Pooja Gupta,25,Male,B-,9844615117
20452,Rahul Singh,32,Male,B+,9751211991
20453,Divya Singh,49,Male,A-,9232920110
20454,Arjun Mehta,24,Male,AB-,9156352382
20455,Sneha Reddy,25,Female,O+,9574624035
20456,Arjun Verma,46,Male,AB-,9754573368
20457,Anjali Reddy,26,Female,O-,9845181287
20458,Karan Verma,19,Male,AB-,9449307684
20459,Priya Kapoor,36,Male,B+,9638644731
20460,Rahul Mehta,44,Female,B-,9556710702
20461,Vikram Patel,24,Female,A-,9787046033
20462,Karan Verma,39,Male,O+,9772106710
20463,Sahil Gupta,19,Female,AB+,9192794669
20464,Karan Kapoor,44,Female,O-,9296197538
20465,Kavya Gupta,31,Female,A-,9191756268
20466,Neha Verma,54,Male,O+,9265957434
20467,Rohan Gupta,18,Female,B-,9790618953
20468,Aditya Kapoor,52,Male,O-,9792095823
20469,Neha Reddy,29,Female,A+,9406785786
20470,Rohan Reddy,27,Male,A+,9894708259
20471,Aman Gupta,57,Male,A+,9126758572
20472,Rahul Patel,44,Male,O+,9979286457
20473,Divya Reddy,18,Female,A-,9844550987
20474,Karan Patel,24,Male,AB-,9767143974
20475,Rahul Singh,51,Male,B+,9385811464
20476,Priya Verma,55,Female,A-,9446645464
20477,Sneha Gupta,44,Female,O+,9950563350
20478,Arjun Sharma,44,Male,O-,9892654934
20479,Divya Singh,39,Male,O-,9516095985
20480,Kavya Singh,22,Male,O+,9808628340
20481,Divya Gupta,32,Female,B+,9918670083
20482,Pooja Reddy,30,Female,AB-,9130253828
20483,Rohan Verma,21,Male,B+,9730989821
20484,Karan Gupta,26,Male,B-,9496202799
20485,Divya Verma,54,Female,O+,9694200405
20486,Kavya Kapoor,60,Female,A+,9354481539
20487,Arjun Verma,38,Female,B-,9959458655
20488,Arjun Gupta,59,Female,O-,9570986312
20489,Aman Sharma,35,Female,O-,9711035614
20490,Arjun Singh,29,Female,AB-,9488361641
20491,Karan Singh,54,Male,O+,9512678259
20492,Rahul Verma,28,Female,A-,9569092957
20493,Rahul Mehta,40,Female,AB-,9598000869
20494,Rohan Patel,38,Female,O+,9586998423
20495,Aditya Reddy,55,Female,B-,9387977807
20496,Anjali Sharma,57,Female,B+,9382021436
20497,Priya Gupta,30,Female,B-,9443110322
20498,Priya Singh,28,Male,O+,9379906080
20499,Aman Patel,33,Female,O-,9966746471
20500,Karan Reddy,46,Male,AB-,9957081262
20501,Pooja Kapoor,19,Female,A+,9762680398
20502,Rahul Sharma,37,Male,B+,9385902424
20503,Sneha Singh,58,Male,AB+,9699544839
20504,Arjun Reddy,51,Male,A-,9523326446
20505,Aditya Singh,28,Male,A+,9926410245
20506,Kavya Mehta,27,Female,AB-,9644423002
20507,Vikram Singh,59,Male,O+,9858313178
20508,Pooja Singh,19,Female,B-,9367844692
20509,Riya Singh,26,Male,AB+,9754808116
20510,Pooja Sharma,45,Male,AB-,9234588415
20511,Rahul Sharma,47,Female,O-,9979321035
20512,Anjali Sharma,32,Male,A-,9401057609
20513,Neha Mehta,58,Female,AB-,9182379086
20514,Vikram Singh,22,Female,O-,9951058576
20515,Anjali Patel,30,Male,AB-,9161627655
20516,Karan Singh,38,Male,O-,9292213749
20517,Kavya Verma,51,Male,AB+,9998671190
20518,Riya Reddy,56,Male,B+,9994833777
20519,Priya Singh,39,Female,B+,9529195402
20520,Vikram Kapoor,46,Female,B+,9718866767
20521,Sahil Mehta,38,Male,O-,9410205839
20522,Vikram Gupta,34,Male,O+,9492843079
20523,Sahil Kapoor,37,Female,O-,9892810069
20524,Neha Singh,43,Male,AB+,9747559371
20525,Aman Gupta,34,Male,A+,9182782943
20526,Pooja Kapoor,53,Female,O+,9338478677
20527,Sahil Gupta,47,Female,AB+,9357981677
20528,Rahul Mehta,49,Female,AB+,9470676981
20529,Anjali Kapoor,31,Male,O+,9846364233
20530,Rohan Verma,55,Male,B-,9590625874
20531,Rahul Kapoor,18,Female,A+,9189368469
20532,Priya Patel,22,Male,B+,9674698495
20533,Arjun Verma,42,Female,A-,9564844776
20534,Riya Gupta,47,Male,A+,9685509850
20535,Aman Reddy,26,Male,B+,9321432273
20536,Aman Mehta,42,Female,AB+,9235675043
20537,Karan Singh,52,Male,B+,9661647169
20538,Karan Verma,50,Female,AB+,9438221804
20539,Sahil Gupta,27,Female,B+,9234732388
20540,Sahil Gupta,56,Female,A-,9102873679
20541,Aditya Verma,37,Male,A-,9602002311
20542,Sneha Verma,41,Male,A+,9851548969
20543,Pooja Verma,53,Male,AB+,9588827548
20544,Riya Singh,24,Male,B-,9483898430
20545,Karan Sharma,44,Male,AB-,9615272064
20546,Arjun Kapoor,31,Female,AB-,9886074847
20547,Sahil Patel,27,Male,A+,9193913415
20548,Sneha Gupta,28,Female,AB+,9605198504
20549,Riya Kapoor,49,Female,A+,9806047617
20550,Anjali Gupta,54,Male,B+,9679802830
20551,Vikram Sharma,52,Female,O-,9370987123
20552,Rohan Kapoor,20,Female,A-,9486307580
20553,Sahil Sharma,50,Female,B+,9457086084
20554,Kavya Mehta,40,Male,AB+,9371394956
20555,Aman Sharma,35,Female,B+,9426006448
20556,Vikram Reddy,51,Female,A-,9708163414
20557,Anjali Mehta,59,Female,AB+,9989176159
20558,Arjun Kapoor,34,Female,B+,9969175215
20559,Vikram Reddy,46,Female,AB+,9247507947
20560,Priya Singh,41,Female,AB-,9482810322
20561,Aditya Singh,33,Male,AB-,9483899453
20562,Rahul Reddy,39,Male,B+,9427671943
20563,Anjali Gupta,58,Female,B+,9921370162
20564,Rahul Patel,28,Female,O-,9634780176
20565,Neha Mehta,28,Female,A-,9322344042
20566,Aman Mehta,55,Female,O+,9547506953
20567,Aditya Gupta,45,Male,O+,9527238144
20568,Karan Reddy,32,Male,O+,9265499418
20569,Divya Gupta,26,Male,B+,9303461303
20570,Rohan Singh,37,Female,B+,9272899762
20571,Sneha Reddy,26,Female,AB+,9127648738
20572,Aman Gupta,49,Male,B+,9246485867
20573,Anjali Gupta,54,Male,A+,9434201960
20574,Arjun Verma,52,Male,AB-,9164853638
20575,Pooja Reddy,60,Male,B-,9387536940
20576,Sahil Verma,52,Female,O-,9253587917
20577,Pooja Reddy,29,Male,AB-,9595367402
20578,Rohan Singh,19,Male,O+,9359848812
20579,Sneha Mehta,55,Male,A+,9139094577
20580,Riya Mehta,32,Male,O+,9596110984
20581,Divya Singh,52,Female,O-,9606756435
20582,Pooja Mehta,24,Male,A+,9590633770
20583,Pooja Reddy,24,Female,AB+,9574696964
20584,Rahul Kapoor,36,Male,AB+,9235669600
20585,Pooja Reddy,54,Male,AB-,9545515579
20586,Sneha Patel,48,Female,AB-,9479175435
20587,Rohan Mehta,52,Male,B-,9839712750
20588,Rahul Verma,35,Male,B-,9202184949
20589,Aditya Mehta,30,Female,O-,9109859130
20590,Anjali Singh,44,Female,B+,9402487063
20591,Rohan Kapoor,37,Female,A+,9819657343
20592,Riya Reddy,34,Female,A-,9566973309
20593,Arjun Patel,59,Female,A+,9202826517
20594,Kavya Reddy,52,Female,A+,9622594711
20595,Kavya Gupta,26,Male,AB-,9981960738
20596,Riya Reddy,33,Female,B+,9911947417
20597,Riya Sharma,52,Male,B-,9127877188
20598,Priya Reddy,37,Female,B+,9748608857
20599,Anjali Patel,34,Male,O+,9216344975
20600,Pooja Singh,34,Male,A-,9907145713
20601,Rohan Patel,44,Female,A-,9965193457
20602,Vikram Singh,28,Male,O+,9175633389
20603,Divya Reddy,45,Female,A+,9407172163
20604,Divya Singh,27,Female,AB+,9213067205
20605,Aditya Sharma,55,Female,A+,9701124247
20606,Rohan Kapoor,27,Male,O-,9440178988
20607,Anjali Kapoor,22,Female,B-,9213265678
20608,Anjali Verma,20,Female,AB+,9300319384
20609,Riya Mehta,50,Male,O-,9226986295
20610,Kavya Reddy,56,Male,AB-,9850298303
20611,Karan Sharma,34,Male,A+,9128060409
20612,Rohan Verma,24,Female,O+,9751803901
20613,Arjun Sharma,43,Female,B+,9544913115
20614,Aditya Gupta,54,Female,O+,9152917891
20615,Karan Gupta,25,Female,O+,9857526810
20616,Aditya Singh,20,Male,O-,9123163517
20617,Kavya Patel,20,Male,O-,9236034752
20618,Rohan Verma,20,Male,AB-,9543082482
20619,Karan Sharma,46,Male,B-,9376101398
20620,Riya Singh,39,Male,A-,9741146155
20621,Pooja Verma,44,Female,O-,9616794849
20622,Anjali Sharma,41,Male,A+,9241910381
20623,Priya Reddy,42,Male,AB-,9503144603
20624,Sneha Verma,48,Female,AB-,9375065502
20625,Riya Kapoor,18,Female,AB+,9637367729
20626,Karan Gupta,49,Male,A-,9213537718
20627,Arjun Gupta,51,Male,A-,9939334604
20628,Arjun Mehta,46,Male,A+,9303209844
20629,Karan Gupta,27,Male,AB+,9564628339
20630,Divya Patel,35,Male,AB+,9167047669
20631,Arjun Singh,29,Male,AB+,9524517188
20632,Anjali Patel,26,Female,B+,9526118365
20633,Kavya Mehta,31,Female,A+,9993965417
20634,Sahil Sharma,22,Male,O-,9419131194
20635,Anjali Reddy,21,Male,A-,9665450921
20636,Aditya Verma,54,Male,O-,9202800272
20637,Riya Verma,35,Male,AB+,9986847099
20638,Neha Patel,36,Female,AB-,9110560245
20639,Aditya Kapoor,28,Male,O-,9417106571
20640,Aman Reddy,31,Male,B+,9595971256
20641,Pooja Kapoor,54,Male,A+,9874748396
20642,Priya Gupta,21,Female,A+,9769616012
20643,Kavya Kapoor,24,Male,A-,9952969353
20644,Sneha Gupta,53,Female,B+,9377267632
20645,Sahil Sharma,22,Male,A+,9322271507
20646,Karan Kapoor,38,Male,AB+,9195595127
20647,Anjali Sharma,60,Female,AB+,9221932760
20648,Sneha Kapoor,59,Male,AB+,9272680715
20649,Riya Gupta,26,Male,A+,9728811588
20650,Divya Singh,57,Female,B+,9128236864
20651,Sahil Singh,48,Female,B-,9378626709
20652,Sneha Kapoor,37,Male,AB+,9648213673
20653,Arjun Gupta,41,Female,A+,9823392798
20654,Anjali Mehta,47,Male,O-,9888589444
20655,Sahil Sharma,24,Female,O+,9257172333
20656,Aman Gupta,36,Female,O+,9846627630
20657,Riya Verma,39,Male,AB+,9820635567
20658,Rahul Gupta,55,Male,O+,9786802475
20659,Aditya Mehta,20,Male,O+,9273582215
20660,Divya Gupta,40,Male,AB-,9347597667
20661,Aman Singh,22,Male,A-,9721711729
20662,Sahil Gupta,30,Male,O-,9688260402
20663,Aman Singh,50,Male,O+,9730078927
20664,Priya Gupta,41,Female,AB-,9969025555
20665,Anjali Sharma,51,Male,AB+,9508586355
20666,Aditya Gupta,37,Female,AB+,9232908822
20667,Rahul Reddy,43,Female,A+,9661099515
20668,Riya Sharma,42,Female,O+,9555224196
20669,Neha Singh,20,Female,O+,9438047418
20670,Divya Patel,56,Male,O+,9493375696
20671,Anjali Reddy,39,Male,B-,9506292135
20672,Neha Mehta,41,Male,O+,9849114196
20673,Sahil Patel,58,Male,O+,9863162709
20674,Aman Sharma,19,Male,O-,9173937479
20675,Vikram Mehta,18,Female,O+,9863418091
20676,Rahul Reddy,26,Female,AB-,9866541652
20677,Kavya Mehta,36,Male,A+,9433481328
20678,Rohan Kapoor,56,Female,AB+,9905457532
20679,Aman Mehta,22,Female,B+,9453704295
20680,Sahil Singh,24,Male,B-,9409281685
20681,Pooja Singh,42,Male,O-,9906519996
20682,Rohan Gupta,26,Male,O-,9536166277
20683,Aman Kapoor,23,Female,AB-,9137445363
20684,Rahul Sharma,18,Female,A+,9114830598
20685,Arjun Sharma,21,Male,O+,9763038868
20686,Rohan Kapoor,33,Male,B-,9298998375
20687,Anjali Mehta,39,Female,A+,9882884182
20688,Sahil Mehta,20,Female,A+,9766599968
20689,Pooja Mehta,37,Female,B+,9802905457
20690,Sahil Gupta,36,Male,B-,9153738774
20691,Karan Kapoor,43,Male,B+,9475824162
20692,Aman Verma,49,Female,O+,9382399581
20693,Neha Verma,44,Male,AB+,9659639573
20694,Anjali Kapoor,51,Male,AB+,9938563531
20695,Neha Sharma,52,Male,O+,9926789828
20696,Neha Singh,36,Female,AB+,9713228277
20697,Karan Kapoor,57,Male,AB+,9743912048
20698,Anjali Mehta,52,Female,A+,9225922469
20699,Rohan Sharma,47,Male,O-,9922641689
20700,Rahul Reddy,22,Male,A-,9584682385
20701,Rohan Reddy,54,Male,AB+,9656355167
20702,Sahil Patel,20,Male,O-,9180240667
20703,Pooja Patel,24,Female,B-,9266536801
20704,Sahil Reddy,55,Female,O+,9812778571
20705,Rohan Verma,29,Female,A+,9814864201
20706,Pooja Gupta,33,Male,AB-,9551498879
20707,Rohan Gupta,48,Male,B+,9653197736
20708,Aditya Mehta,59,Male,A+,9206547253
20709,Rohan Gupta,59,Female,O+,9276648113
20710,Anjali Kapoor,52,Male,B-,9601117156
20711,Sahil Mehta,19,Female,A+,9929535011
20712,Aman Mehta,52,Female,AB+,9755331353
20713,Priya Kapoor,59,Female,O+,9258928779
20714,Anjali Mehta,36,Male,O+,9606445845
20715,Vikram Patel,59,Male,O-,9318300744
20716,Arjun Singh,46,Male,AB+,9315604613
20717,Neha Gupta,49,Male,AB-,9498503274
20718,Sahil Sharma,33,Male,B+,9102542971
20719,Rahul Mehta,43,Male,B+,9664233521
20720,Divya Kapoor,35,Female,A-,9583003751
20721,Rohan Gupta,36,Female,A-,9281650538
20722,Divya Sharma,36,Male,O+,9875774821
20723,Aman Sharma,36,Female,A-,9600604798
20724,Sahil Verma,40,Female,B-,9864106000
20725,Rohan Gupta,27,Female,AB+,9126578321
20726,Riya Sharma,34,Male,O-,9673584197
20727,Vikram Singh,24,Female,A-,9608873834
20728,Anjali Verma,55,Male,A+,9486680389
20729,Rahul Patel,46,Female,B+,9468746202
20730,Sahil Patel,46,Male,AB+,9720792138
20731,Rahul Sharma,19,Female,O-,9631400594
20732,Pooja Verma,43,Female,O-,9542583154
20733,Aditya Verma,48,Female,O-,9371862840
20734,Aditya Patel,46,Female,O+,9946086069
20735,Sneha Gupta,30,Female,O-,9359822854
20736,Riya Kapoor,30,Male,B-,9407556914
20737,Aman Singh,19,Male,AB+,9881061877
20738,Pooja Patel,41,Female,A-,9200578292
20739,Pooja Sharma,18,Male,B+,9575230813
20740,Arjun Gupta,24,Female,B-,9136507871
20741,Arjun Mehta,58,Female,O+,9795764000
20742,Divya Singh,51,Female,AB-,9212595236
20743,Arjun Gupta,25,Female,AB-,9170176634
20744,Divya Verma,47,Male,A+,9186260881
20745,Karan Mehta,33,Male,A+,9870237903
20746,Aditya Verma,33,Male,B-,9111772724
20747,Rohan Patel,56,Male,O+,9749609769
20748,Riya Singh,19,Male,B+,9111420056
20749,Vikram Singh,40,Male,A-,9464281007
20750,Rahul Mehta,39,Female,O-,9321513744
20751,Kavya Gupta,27,Male,O+,9587340848
20752,Neha Mehta,23,Male,O-,9546388007
20753,Aman Singh,50,Female,B-,9446779015
20754,Aman Patel,59,Male,AB+,9845829927
20755,Priya Mehta,40,Female,AB+,9873042534
20756,Anjali Patel,29,Male,AB-,9964038885
20757,Divya Mehta,41,Female,B-,9500653901
20758,Divya Kapoor,55,Female,O-,9633642541
20759,Anjali Kapoor,28,Female,AB+,9187091527
20760,Aman Kapoor,35,Female,A+,9128599965
20761,Vikram Mehta,30,Female,O+,9695140521
20762,Divya Patel,21,Female,B-,9671378360
20763,Aditya Reddy,28,Male,AB+,9287183943
20764,Pooja Sharma,48,Male,A+,9233749002
20765,Sahil Gupta,50,Female,O+,9204787698
20766,Divya Sharma,46,Male,AB-,9640724368
20767,Kavya Reddy,36,Male,AB+,9862386519
20768,Karan Patel,53,Female,O-,9159762911
20769,Karan Verma,23,Male,B-,9110436812
20770,Sneha Gupta,40,Male,AB+,9832744396
20771,Karan Sharma,60,Male,B+,9835216884
20772,Sahil Singh,51,Female,O+,9810141070
20773,Sneha Gupta,41,Male,AB-,9745639941
20774,Priya Mehta,59,Female,A+,9395944616
20775,Vikram Gupta,43,Male,O-,9695612384
20776,Anjali Patel,60,Female,A+,9287639853
20777,Sahil Reddy,43,Male,O+,9885392025
20778,Sahil Reddy,27,Male,O-,9381676977
20779,Aditya Gupta,30,Male,O-,9252264972
20780,Sahil Reddy,18,Male,AB-,9767237709
20781,Rahul Singh,18,Male,B-,9792390406
20782,Riya Mehta,36,Male,AB-,9736789733
20783,Aman Mehta,54,Female,B-,9148146927
20784,Arjun Reddy,53,Female,A-,9327894862
20785,Divya Sharma,39,Female,B+,9116279260
20786,Kavya Sharma,30,Male,A+,9810093017
20787,Divya Gupta,53,Male,A+,9874694954
20788,Neha Sharma,39,Male,B-,9267597867
20789,Sahil Kapoor,40,Female,AB+,9987320466
20790,Pooja Kapoor,30,Female,O-,9220028936
20791,Priya Verma,56,Female,A-,9417580395
20792,Aman Gupta,51,Male,B+,9393725794
20793,Neha Verma,26,Female,AB-,9876527728
20794,Divya Reddy,41,Female,O-,9845656671
20795,Neha Reddy,48,Male,O+,9805725691
20796,Sahil Patel,24,Male,O-,9714207279
20797,Aditya Gupta,30,Male,AB-,9375346319
20798,Divya Mehta,38,Female,O+,9467066054
20799,Aman Gupta,54,Female,O+,9915186309
20800,Priya Verma,18,Female,O+,9580342398
20801,Pooja Mehta,47,Female,A-,9746869904
20802,Sneha Kapoor,31,Male,A-,9815219373
20803,Neha Gupta,51,Female,O+,9517106362
20804,Neha Verma,38,Male,B-,9587539559
20805,Arjun Mehta,49,Male,AB+,9497167808
20806,Pooja Kapoor,24,Male,AB-,9554675348
20807,Riya Patel,28,Female,B+,9251242721
20808,Aditya Gupta,22,Female,O+,9840935899
20809,Anjali Sharma,52,Male,B+,9124535179
20810,Arjun Reddy,50,Female,AB+,9253290290
20811,Anjali Singh,36,Male,AB-,9123458031
20812,Aman Kapoor,37,Female,O+,9840738959
20813,Karan Singh,26,Female,AB-,9235749788
20814,Priya Gupta,25,Male,O-,9990638970
20815,Aditya Mehta,21,Male,A+,9447680269
20816,Sneha Sharma,38,Male,AB+,9951690920
20817,Kavya Reddy,27,Female,AB+,9868659323
20818,Priya Singh,55,Male,B-,9656042930
20819,Anjali Kapoor,28,Male,AB+,9221266185
20820,Pooja Mehta,56,Male,A+,9247837112
20821,Aditya Gupta,52,Female,AB-,9235945018
20822,Pooja Kapoor,44,Male,O+,9758136770
20823,Sahil Patel,26,Male,O+,9737651894
20824,Riya Kapoor,23,Male,A+,9808236366
20825,Aditya Patel,26,Female,B+,9269551564
20826,Aman Kapoor,19,Male,O-,9290545677
20827,Karan Reddy,59,Male,AB+,9345099723
20828,Pooja Singh,24,Male,A+,9557766753
20829,Anjali Mehta,40,Male,A+,9211947232
20830,Anjali Singh,47,Male,A+,9727276197
20831,Rahul Mehta,39,Female,AB+,9816568629
20832,Sneha Gupta,25,Male,O-,9704083161
20833,Neha Reddy,37,Male,O-,9769447317
20834,Sneha Mehta,32,Male,AB-,9364160800
20835,Priya Kapoor,31,Female,O+,9939059503
20836,Riya Sharma,52,Female,AB-,9529412295
20837,Sahil Singh,39,Female,O+,9170511662
20838,Rahul Singh,24,Female,B-,9752258204
20839,Priya Gupta,38,Male,O-,9641532818
20840,Neha Kapoor,25,Female,A+,9283360165
20841,Pooja Gupta,51,Female,AB+,9194236099
20842,Aman Verma,44,Female,O+,9481107912
20843,Anjali Gupta,30,Male,O+,9445677561
20844,Rohan Kapoor,36,Female,O-,9429386926
20845,Rahul Verma,31,Female,B+,9703355133
20846,Kavya Singh,29,Male,B+,9952863244
20847,Anjali Patel,22,Male,B+,9366041671
20848,Rohan Reddy,44,Male,A-,9338141089
20849,Kavya Gupta,46,Male,B+,9384471659
20850,Karan Mehta,29,Male,AB+,9893478703
20851,Sahil Singh,58,Female,O-,9305341264
20852,Rohan Reddy,36,Male,AB-,9102524690
20853,Riya Kapoor,45,Male,O+,9965828847
20854,Neha Singh,21,Female,B-,9295418385
20855,Vikram Patel,40,Female,O-,9533578016
20856,Rahul Reddy,54,Female,AB+,9931741804
20857,Aditya Kapoor,30,Female,B+,9743472812
20858,Sneha Kapoor,50,Female,A-,9704995138
20859,Rohan Singh,53,Female,A+,9268899314
20860,Riya Patel,59,Female,AB-,9627110309
20861,Priya Verma,48,Female,A-,9787040795
20862,Sahil Verma,36,Male,AB+,9487981161
20863,Priya Kapoor,51,Female,B+,9416885705
20864,Aditya Mehta,36,Male,A+,9513297981
20865,Sneha Singh,41,Male,B+,9415686568
20866,Priya Reddy,37,Male,O+,9190686550
20867,Arjun Gupta,41,Female,AB+,9556140335
20868,Karan Reddy,23,Female,B+,9512748252
20869,Aditya Reddy,20,Female,O-,9949660100
20870,Priya Reddy,18,Male,B-,9155631980
20871,Riya Patel,27,Female,AB+,9773319828
20872,Kavya Patel,51,Female,O-,9414998398
20873,Aman Verma,19,Male,A+,9695947011
20874,Sahil Verma,31,Male,B-,9363226148
20875,Arjun Reddy,60,Male,AB-,9136212367
20876,Karan Sharma,30,Male,O-,9273576657
20877,Divya Reddy,53,Female,A+,9717590835
20878,Rahul Singh,43,Male,A+,9107411827
20879,Sneha Verma,33,Female,A+,9701343904
20880,Priya Reddy,54,Male,A+,9910151434
20881,Priya Verma,36,Male,AB+,9366533525
20882,Aman Patel,32,Female,A+,9700823519
20883,Sneha Reddy,34,Female,A-,9642371137
20884,Divya Reddy,58,Female,AB+,9664030670
20885,Vikram Verma,34,Female,AB+,9874882894
20886,Rohan Verma,26,Male,A+,9395560670
20887,Anjali Reddy,28,Male,AB-,9112140432
20888,Aman Gupta,26,Male,B-,9555168702
20889,Sneha Patel,31,Female,AB+,9941557515
20890,Neha Mehta,25,Female,B-,9552240409
20891,Anjali Singh,22,Male,AB-,9944143759
20892,Anjali Sharma,50,Male,O-,9418106474
20893,Aman Sharma,35,Female,B-,9882172072
20894,Rahul Gupta,48,Female,AB-,9180872531
20895,Rohan Gupta,26,Female,AB+,9892987478
20896,Vikram Reddy,38,Male,AB+,9745113931
20897,Sneha Verma,48,Male,AB-,9723600635
20898,Neha Patel,35,Female,O+,9354032933
20899,Riya Patel,29,Male,AB-,9351982918
20900,Pooja Sharma,27,Male,O-,9798064959
20901,Neha Reddy,45,Male,AB-,9109819425
20902,Vikram Kapoor,46,Male,O-,9941493284
20903,Anjali Verma,46,Female,AB-,9322888496
20904,Karan Verma,35,Female,B-,9296650556
20905,Aman Mehta,52,Male,A-,9415503417
20906,Karan Singh,21,Male,O+,9759500065
20907,Kavya Gupta,29,Female,A+,9745124305
20908,Priya Patel,28,Male,A-,9960604275
20909,Neha Kapoor,40,Female,O-,9451154009
20910,Priya Verma,43,Female,B-,9959009549
20911,Riya Kapoor,54,Male,O+,9686294580
20912,Arjun Singh,30,Female,B-,9823705750
20913,Priya Sharma,52,Female,B-,9182081082
20914,Vikram Sharma,47,Male,O-,9193368465
20915,Riya Kapoor,40,Male,B+,9767605401
20916,Aditya Verma,45,Female,A-,9918975214
20917,Pooja Gupta,37,Female,AB-,9123573406
20918,Divya Patel,25,Female,A+,9489960731
20919,Riya Gupta,18,Female,B+,9641530096
20920,Sahil Reddy,20,Male,O+,9256463787
20921,Riya Kapoor,41,Female,A+,9203114223
20922,Neha Sharma,54,Female,AB+,9532211804
20923,Aditya Reddy,36,Male,B+,9406206577
20924,Anjali Gupta,29,Female,B-,9373406400
20925,Sahil Patel,55,Female,A-,9213618630
20926,Kavya Mehta,21,Male,O+,9606612587
20927,Aditya Mehta,24,Male,B-,9289919692
20928,Rohan Mehta,31,Female,B-,9332665668
20929,Anjali Verma,28,Male,A-,9947056467
20930,Neha Mehta,26,Female,AB-,9175817679
20931,Aman Patel,20,Female,O+,9373646372
20932,Kavya Verma,46,Male,B-,9235297203
20933,Neha Patel,50,Female,A-,9873865950
20934,Arjun Verma,44,Female,B+,9102486711
20935,Sneha Sharma,35,Male,B+,9168374141
20936,Priya Gupta,35,Female,O+,9839450935
20937,Karan Mehta,53,Male,AB-,9712940847
20938,Priya Kapoor,32,Female,B+,9611983899
20939,Aman Sharma,41,Male,A+,9674159678
20940,Aditya Verma,47,Male,B-,9808600174
20941,Arjun Patel,60,Male,O-,9456939035
20942,Pooja Singh,34,Male,A-,9908720278
20943,Sahil Kapoor,27,Female,AB+,9889558022
20944,Priya Gupta,30,Female,AB-,9206051434
20945,Sneha Singh,33,Female,A+,9174948551
20946,Divya Sharma,29,Female,B-,9417474146
20947,Priya Patel,46,Female,A-,9697703320
20948,Arjun Gupta,33,Male,A-,9812147893
20949,Divya Sharma,48,Female,B+,9143659055
20950,Aman Gupta,23,Female,AB-,9238791098
20951,Karan Patel,56,Female,B-,9118080209
20952,Pooja Reddy,43,Male,B-,9770669398
20953,Arjun Kapoor,34,Male,O-,9454191825
20954,Sahil Patel,25,Male,A-,9986066898
20955,Karan Reddy,51,Female,B-,9298434853
20956,Sahil Sharma,21,Male,AB+,9249651962
20957,Anjali Patel,23,Female,B+,9721677450
20958,Aman Reddy,40,Male,O+,9730641170
20959,Sahil Verma,58,Female,A+,9294429646
20960,Aditya Sharma,30,Male,O-,9334387295
20961,Riya Kapoor,44,Female,B+,9869187571
20962,Divya Gupta,45,Female,A+,9360964402
20963,Karan Verma,34,Male,AB+,9778774703
20964,Pooja Sharma,33,Female,AB+,9209764388
20965,Anjali Kapoor,36,Male,AB-,9553405046
20966,Neha Sharma,47,Female,B+,9442205023
20967,Rahul Kapoor,48,Female,O-,9539457279
20968,Arjun Mehta,18,Male,B-,9503347449
20969,Riya Patel,38,Male,AB+,9394117883
20970,Anjali Patel,58,Male,A-,9463847738
20971,Rohan Kapoor,53,Female,B-,9158304969
20972,Pooja Verma,50,Female,A-,9229777269
20973,Aditya Sharma,29,Male,B-,9732858446
20974,Anjali Verma,53,Female,B-,9606006729
20975,Priya Kapoor,18,Female,AB+,9268176239
20976,Aditya Singh,60,Male,A+,9749882543
20977,Sahil Sharma,49,Female,B-,9658893247
20978,Neha Singh,43,Male,B+,9457125849
20979,Rahul Kapoor,53,Female,B+,9579368362
20980,Sahil Sharma,56,Male,A+,9342859411
20981,Pooja Mehta,26,Male,AB-,9595281849
20982,Karan Patel,35,Female,O-,9961603369
20983,Aman Mehta,19,Male,O-,9337766956
20984,Anjali Singh,28,Female,B-,9150505410
20985,Pooja Mehta,53,Male,A+,9916119783
20986,Divya Mehta,50,Male,AB-,9351986063
20987,Rohan Reddy,50,Male,AB+,9587309030
20988,Pooja Kapoor,42,Male,O-,9560766835
20989,Anjali Patel,41,Male,O-,9537322856
20990,Rohan Kapoor,55,Female,B+,9921148263
20991,Karan Sharma,28,Female,A+,9934499247
20992,Rohan Mehta,37,Female,AB+,9216412763
20993,Rohan Verma,24,Female,O-,9562408874
20994,Karan Sharma,34,Male,AB+,9786100820
20995,Divya Mehta,53,Male,A-,9706271888
20996,Vikram Singh,47,Male,A+,9255578720
20997,Rohan Mehta,49,Female,B-,9144222392
20998,Rohan Singh,22,Female,AB-,9714361822
20999,Karan Verma,41,Male,A+,9134122452
21000,Rahul Verma,24,Female,O-,9515165763
21001,Divya Sharma,46,Male,O-,9388494292
21002,Riya Singh,55,Female,B+,9938130899
21003,Vikram Verma,48,Female,A+,9321751419
21004,Priya Verma,31,Female,A-,9259060645
21005,Pooja Mehta,31,Female,B-,9800305270
21006,Vikram Patel,30,Female,O-,9336649114
21007,Rohan Kapoor,20,Male,AB-,9413524394
21008,Rohan Gupta,30,Female,O-,9981910254
21009,Arjun Mehta,36,Male,O-,9118406363
21010,Sahil Mehta,58,Female,AB-,9735309606
21011,Arjun Patel,22,Male,AB+,9955321432
21012,Pooja Mehta,18,Male,O+,9102449816
21013,Priya Sharma,28,Male,AB-,9693923909
21014,Arjun Patel,45,Female,O+,9120490089
21015,Karan Singh,53,Female,O-,9108893510
21016,Arjun Patel,58,Female,AB-,9248345577
21017,Sahil Reddy,51,Male,AB+,9770647926
21018,Rohan Kapoor,36,Male,O+,9436700589
21019,Vikram Sharma,47,Female,B-,9935093730
21020,Pooja Mehta,24,Male,A+,9237541307
21021,Arjun Patel,26,Female,A+,9668799936
21022,Neha Mehta,57,Male,AB+,9892292443
21023,Rohan Sharma,56,Female,B+,9617902754
21024,Rohan Patel,53,Female,AB-,9364488345
21025,Karan Sharma,21,Female,A+,9568002646
21026,Vikram Patel,25,Female,B-,9475269585
21027,Neha Singh,29,Female,O-,9876742686
21028,Kavya Reddy,38,Female,O+,9887136685
21029,Neha Patel,58,Male,A-,9657568499
21030,Kavya Singh,51,Male,B+,9730294038
21031,Riya Verma,33,Female,O-,9925680430
21032,Sahil Gupta,18,Male,O+,9353641977
21033,Neha Mehta,41,Female,AB-,9109572685
21034,Neha Gupta,36,Male,B+,9562387984
21035,Aman Sharma,27,Female,AB+,9677640042
21036,Divya Reddy,38,Male,B+,9586418088
21037,Aman Mehta,25,Female,A-,9734056576
21038,Divya Reddy,25,Female,A-,9427392691
21039,Aditya Gupta,38,Male,AB+,9345320720
21040,Sneha Singh,30,Male,B+,9254710100
21041,Sneha Mehta,25,Female,AB-,9225493635
21042,Neha Mehta,55,Male,AB+,9534485560
21043,Sneha Singh,21,Female,B+,9125564891
21044,Arjun Verma,59,Female,AB+,9290176612
21045,Rohan Reddy,55,Female,AB-,9446253277
21046,Divya Gupta,49,Male,B-,9367661332
21047,Sahil Verma,32,Male,A-,9487762207
21048,Divya Reddy,42,Male,A+,9512076271
21049,Arjun Reddy,18,Male,B+,9807009443
21050,Riya Verma,54,Male,O+,9577934616
21051,Neha Patel,42,Male,B+,9541511067
21052,Vikram Sharma,49,Male,B+,9252654506
21053,Sneha Singh,36,Female,AB+,9145240325
21054,Divya Kapoor,39,Male,O+,9154746309
21055,Rohan Mehta,40,Female,O-,9364460834
21056,Divya Kapoor,53,Female,AB+,9912330764
21057,Sahil Gupta,34,Male,A-,9308281873
21058,Karan Reddy,30,Female,A-,9212029572
21059,Aditya Mehta,41,Female,AB+,9236887685
21060,Aman Reddy,32,Male,A+,9549404462
21061,Riya Gupta,20,Male,AB-,9548489143
21062,Karan Sharma,58,Female,O-,9302613928
21063,Vikram Gupta,46,Female,AB-,9270598691
21064,Arjun Kapoor,50,Female,B-,9999746011
21065,Rahul Patel,31,Male,AB-,9346448722
21066,Vikram Verma,19,Male,O-,9367637411
21067,Aditya Verma,41,Female,AB+,9965909925
21068,Vikram Mehta,57,Male,O+,9863027654
21069,Karan Singh,53,Male,AB-,9819416280
21070,Vikram Mehta,58,Female,B+,9284452759
21071,Karan Mehta,25,Male,B+,9677569350
21072,Pooja Kapoor,32,Female,O+,9235690896
21073,Kavya Reddy,25,Male,O-,9801562083
21074,Kavya Singh,30,Male,B-,9286818168
21075,Sneha Patel,48,Female,O-,9532430472
21076,Priya Singh,22,Male,O-,9388515915
21077,Arjun Gupta,24,Female,B-,9705653082
21078,Divya Verma,46,Female,O+,9330698671
21079,Kavya Singh,57,Male,B+,9832968222
21080,Priya Verma,43,Female,B+,9998381312
21081,Sahil Verma,18,Female,O+,9519723312
21082,Vikram Kapoor,19,Female,B-,9346047426
21083,Rohan Reddy,41,Female,A+,9551036629
21084,Aman Singh,40,Male,B+,9829645842
21085,Vikram Mehta,29,Male,A-,9452299813
21086,Sneha Kapoor,24,Male,AB+,9432935154
21087,Vikram Kapoor,53,Female,B-,9212264616
21088,Rohan Gupta,20,Female,AB-,9963660856
21089,Priya Kapoor,34,Female,O+,9585826120
21090,Anjali Verma,60,Male,AB+,9674398115
21091,Aditya Sharma,24,Female,A-,9411176597
21092,Karan Mehta,56,Female,A-,9478352415
21093,Sahil Gupta,58,Female,A-,9252372253
21094,Rahul Gupta,30,Male,A+,9981779441
21095,Neha Reddy,41,Female,AB-,9247282216
21096,Neha Reddy,59,Male,O+,9224280993
21097,Priya Singh,59,Female,B+,9738300658
21098,Rahul Kapoor,49,Male,B-,9995374605
21099,Anjali Verma,20,Male,A-,9910935178
21100,Sneha Kapoor,55,Female,AB-,9250031721
21101,Riya Mehta,28,Female,AB-,9166796303
21102,Aditya Singh,49,Male,AB+,9173888978
21103,Sahil Reddy,31,Male,B+,9184326075
21104,Anjali Singh,55,Male,B+,9856631584
21105,Divya Reddy,40,Female,AB-,9785216519
21106,Vikram Verma,41,Female,B-,9698151544
21107,Divya Mehta,40,Male,O+,9333947117
21108,Aditya Patel,46,Female,AB+,9169715380
21109,Aman Kapoor,56,Male,B-,9654134485
21110,Sneha Kapoor,51,Male,B+,9272237121
21111,Rahul Reddy,35,Male,B+,9922025524
21112,Priya Sharma,40,Male,AB-,9192073088
21113,Pooja Gupta,28,Male,A-,9224902064
21114,Sneha Singh,26,Male,O-,9924948808
21115,Priya Reddy,50,Male,AB+,9966359879
21116,Kavya Kapoor,44,Female,O+,9247576662
21117,Divya Reddy,43,Male,B+,9236941502
21118,Vikram Sharma,46,Female,A+,9998347041
21119,Anjali Singh,35,Female,AB-,9858654997
21120,Vikram Patel,52,Male,B-,9974974135
21121,Anjali Gupta,42,Female,AB+,9682531775
21122,Sahil Gupta,40,Female,B-,9688347002
21123,Rohan Reddy,21,Male,B+,9479603402
21124,Vikram Patel,46,Female,O-,9353742134
21125,Aman Kapoor,59,Male,AB-,9415350504
21126,Vikram Reddy,23,Female,B+,9357978477
21127,Karan Patel,24,Male,O+,9683142945
21128,Aman Gupta,38,Female,A-,9241051712
21129,Karan Gupta,33,Male,AB-,9805251285
21130,Aditya Patel,22,Male,B+,9606514574
21131,Divya Verma,32,Female,AB-,9323718905
21132,Pooja Sharma,36,Male,B+,9938297965
21133,Sahil Verma,41,Female,A+,9712599667
21134,Kavya Patel,59,Male,B+,9903424798
21135,Rohan Kapoor,49,Male,B+,9218105527
21136,Arjun Reddy,22,Female,B+,9233916287
21137,Riya Kapoor,33,Female,A+,9652992196
21138,Rohan Kapoor,24,Female,A+,9349808029
21139,Pooja Patel,42,Female,B+,9102073147
21140,Anjali Patel,23,Female,B+,9840001774
21141,Kavya Kapoor,47,Male,B+,9842170400
21142,Neha Verma,30,Male,AB+,9361420300
21143,Aman Verma,26,Male,A-,9871818612
21144,Arjun Gupta,45,Male,O-,9484686254
21145,Sneha Mehta,60,Male,O-,9573774335
21146,Aditya Verma,52,Male,A-,9520206287
21147,Rohan Sharma,59,Female,AB+,9422834832
21148,Riya Singh,48,Male,A-,9779147329
21149,Vikram Patel,53,Male,O+,9213793120
21150,Neha Kapoor,43,Female,AB-,9143047735
21151,Kavya Mehta,22,Female,A+,9415598735
21152,Neha Patel,27,Female,B-,9954385240
21153,Anjali Kapoor,27,Female,O-,9160616629
21154,Vikram Kapoor,60,Female,B+,9306870233
21155,Arjun Verma,44,Female,B+,9711579586
21156,Arjun Reddy,40,Female,B+,9741084103
21157,Vikram Reddy,26,Male,A-,9173723711
21158,Neha Verma,34,Female,A+,9388940247
21159,Anjali Patel,32,Female,A-,9424312250
21160,Vikram Verma,24,Male,AB+,9638895165
21161,Neha Kapoor,56,Female,O+,9204596827
21162,Aman Singh,52,Male,O+,9434282493
21163,Aman Singh,18,Male,A+,9956060109
21164,Karan Kapoor,52,Male,B+,9142352267
21165,Sahil Sharma,51,Female,AB-,9981838638
21166,Anjali Kapoor,32,Male,AB+,9146758384
21167,Vikram Sharma,22,Male,AB+,9533493336
21168,Sahil Mehta,36,Male,O-,9778429693
21169,Divya Kapoor,51,Female,A-,9555727013
21170,Anjali Patel,25,Female,A-,9196144509
21171,Vikram Singh,40,Male,A+,9909325289
21172,Arjun Mehta,53,Female,O-,9686858253
21173,Neha Kapoor,40,Male,A+,9387938428
21174,Sahil Mehta,60,Female,AB-,9264302016
21175,Sneha Reddy,31,Female,A-,9363971522
21176,Sneha Reddy,41,Male,A+,9564819690
21177,Kavya Reddy,19,Male,A-,9939420606
21178,Kavya Mehta,30,Male,A+,9910918029
21179,Aman Gupta,43,Male,O+,9502098047
21180,Arjun Mehta,20,Female,B+,9423514880
21181,Sahil Patel,31,Male,B-,9561738325
21182,Neha Kapoor,33,Female,AB+,9326912697
21183,Divya Gupta,30,Male,AB+,9427999761
21184,Vikram Kapoor,41,Female,AB-,9548511835
21185,Anjali Mehta,37,Male,AB+,9916673712
21186,Priya Sharma,18,Female,B+,9961753453
21187,Pooja Sharma,38,Male,B+,9467841461
21188,Aman Sharma,48,Male,O+,9241038225
21189,Aditya Mehta,29,Female,AB+,9889679352
21190,Rahul Sharma,49,Female,A-,9268518997
21191,Aman Mehta,30,Female,B+,9988719947
21192,Aman Mehta,22,Female,B+,9799761267
21193,Pooja Gupta,43,Male,O+,9251856767
21194,Kavya Reddy,58,Female,AB+,9364365965
21195,Divya Sharma,56,Male,B+,9938631058
21196,Riya Verma,58,Male,A-,9116258550
21197,Riya Sharma,60,Female,O-,9734446157
21198,Karan Singh,51,Male,B-,9518180817
21199,Karan Sharma,42,Male,B-,9566248779
21200,Pooja Kapoor,58,Female,O+,9680749311
21201,Divya Patel,27,Male,A+,9638639492
21202,Anjali Sharma,55,Female,AB-,9587847367
21203,Pooja Patel,50,Female,A+,9373609783
21204,Divya Patel,46,Male,B+,9756351884
21205,Vikram Gupta,56,Female,AB-,9944357610
21206,Anjali Gupta,50,Male,A+,9231435130
21207,Aman Mehta,25,Male,B+,9804894514
21208,Karan Patel,42,Male,AB-,9383374428
21209,Priya Sharma,49,Female,A+,9210756532
21210,Karan Verma,27,Female,O-,9814273503
21211,Aditya Mehta,31,Male,O-,9459038069
21212,Vikram Reddy,58,Female,A+,9909440836
21213,Vikram Singh,56,Female,A+,9958518632
21214,Divya Kapoor,28,Male,AB-,9298593252
21215,Pooja Mehta,37,Female,O+,9854180109
21216,Sahil Mehta,23,Male,A+,9196905931
21217,Riya Kapoor,31,Male,AB-,9758056207
21218,Sahil Kapoor,58,Female,AB-,9647917879
21219,Aman Singh,44,Male,O-,9806373563
21220,Pooja Verma,18,Female,AB+,9498277978
21221,Rahul Sharma,39,Male,A-,9743964674
21222,Priya Gupta,50,Male,AB-,9844424957
21223,Kavya Sharma,35,Female,B+,9167318378
21224,Aditya Sharma,52,Female,A-,9648912744
21225,Rohan Mehta,20,Female,A+,9501347758
21226,Neha Sharma,21,Male,B-,9921474791
21227,Priya Verma,37,Female,B+,9814513526
21228,Vikram Gupta,36,Male,AB+,9285940177
21229,Arjun Mehta,23,Female,B-,9643179859
21230,Sahil Mehta,49,Male,B-,9547079346
21231,Divya Patel,46,Female,O+,9551193146
21232,Riya Sharma,20,Female,AB+,9516685712
21233,Neha Verma,52,Female,O+,9664315338
21234,Priya Gupta,45,Female,O+,9895638640
21235,Pooja Verma,57,Female,A-,9632608764
21236,Kavya Singh,42,Male,A+,9605961076
21237,Pooja Verma,29,Male,A+,9412736310
21238,Vikram Gupta,56,Female,O-,9707244909
21239,Aman Gupta,60,Male,A-,9762960765
21240,Aditya Sharma,49,Male,A-,9105728951
21241,Anjali Verma,20,Male,AB+,9655708722
21242,Divya Singh,23,Female,A-,9896957314
21243,Neha Reddy,58,Female,AB+,9376169193
21244,Karan Sharma,18,Female,B+,9141214231
21245,Vikram Singh,27,Female,AB-,9908124997
21246,Arjun Verma,24,Female,O+,9713020785
21247,Vikram Verma,51,Female,B-,9264702961
21248,Aman Kapoor,52,Male,O+,9608579998
21249,Sneha Mehta,33,Female,AB-,9249308588
21250,Sneha Kapoor,59,Female,B+,9444431287
21251,Arjun Verma,36,Female,A-,9984047024
21252,Arjun Singh,34,Male,B+,9549029283
21253,Vikram Kapoor,21,Female,B-,9622680599
21254,Sneha Singh,56,Male,AB+,9195279277
21255,Rohan Mehta,40,Female,A+,9444140564
21256,Aman Singh,56,Male,B-,9706799632
21257,Sneha Sharma,53,Male,O-,9938907799
21258,Divya Sharma,30,Male,O+,9136297841
21259,Rohan Patel,60,Female,O-,9968547076
21260,Sahil Mehta,47,Male,AB-,9894458506
21261,Vikram Reddy,52,Male,A-,9100321055
21262,Aman Patel,58,Male,O+,9297749163
21263,Sahil Gupta,53,Male,AB-,9117423582
21264,Kavya Singh,58,Female,A+,9699223847
21265,Rohan Mehta,48,Male,O-,9980738641
21266,Aman Reddy,47,Male,O-,9416156793
21267,Aman Reddy,26,Male,O-,9137327457
21268,Sneha Singh,59,Male,A+,9167233083
21269,Anjali Sharma,27,Female,O-,9398625716
21270,Aditya Sharma,33,Male,AB-,9121171127
21271,Rahul Singh,57,Female,O+,9742084315
21272,Vikram Gupta,57,Female,B-,9388314338
21273,Sahil Kapoor,50,Male,B-,9749606177
21274,Aditya Kapoor,31,Female,B-,9542356216
21275,Karan Verma,41,Female,AB+,9179175580
21276,Neha Sharma,42,Female,O+,9527815829
21277,Divya Singh,35,Female,AB-,9206559170
21278,Priya Singh,58,Male,B+,9930218831
21279,Vikram Sharma,58,Male,AB-,9940534906
21280,Arjun Reddy,50,Female,AB-,9126735413
21281,Neha Singh,36,Female,O+,9974757613
21282,Aditya Singh,44,Female,O-,9266522075
21283,Priya Patel,48,Female,B+,9634194012
21284,Arjun Mehta,34,Female,AB-,9743012655
21285,Anjali Gupta,48,Female,AB+,9258646529
21286,Rahul Singh,60,Female,O-,9268186122
21287,Aman Kapoor,43,Male,B+,9707692424
21288,Rohan Mehta,56,Male,AB+,9169695418
21289,Pooja Kapoor,44,Male,B-,9939947681
21290,Kavya Reddy,52,Female,B-,9988168949
21291,Karan Kapoor,35,Male,O-,9101831119
21292,Pooja Sharma,31,Male,A-,9117215240
21293,Rohan Kapoor,43,Female,B+,9178163910
21294,Sneha Mehta,51,Female,A+,9691822731
21295,Rahul Patel,46,Female,O+,9362648567
21296,Riya Kapoor,43,Male,AB-,9832683851
21297,Aman Patel,44,Male,A+,9560591478
21298,Rohan Singh,55,Male,O-,9334586159
21299,Anjali Singh,19,Female,B+,9819786350
21300,Aditya Gupta,29,Male,O-,9511157023
21301,Divya Singh,54,Male,A+,9720589060
21302,Priya Verma,54,Male,AB+,9324971434
21303,Rohan Reddy,42,Female,O+,9633356267
21304,Anjali Reddy,30,Female,AB+,9613058522
21305,Priya Gupta,34,Male,A+,9997095615
21306,Kavya Kapoor,45,Male,B+,9676967933
21307,Priya Verma,36,Female,AB+,9613173310
21308,Rohan Kapoor,28,Female,B+,9174175313
21309,Anjali Sharma,51,Male,A+,9334318321
21310,Aditya Sharma,20,Female,O+,9851949691
21311,Rohan Kapoor,32,Male,AB+,9877122092
21312,Vikram Singh,59,Male,A-,9552416416
21313,Anjali Verma,59,Male,AB+,9167803225
21314,Rahul Singh,31,Male,B-,9800744062
21315,Divya Patel,52,Male,O-,9874908646
21316,Neha Sharma,39,Male,B+,9785888150
21317,Priya Kapoor,29,Female,AB+,9883666345
21318,Riya Singh,58,Female,O-,9325572339
21319,Karan Kapoor,45,Female,B+,9353097136
21320,Sneha Singh,25,Male,O-,9420249141
21321,Sneha Sharma,19,Male,A+,9714442124
21322,Rohan Singh,41,Female,O-,9251363056
21323,Rahul Mehta,49,Male,AB+,9616233366
21324,Rahul Singh,49,Female,O+,9236138990
21325,Aman Gupta,21,Male,A+,9950343598
21326,Aman Reddy,45,Male,AB-,9991423348
21327,Divya Mehta,50,Female,O-,9728800202
21328,Riya Reddy,36,Male,AB+,9446851901
21329,Kavya Verma,22,Male,O+,9155064475
21330,Kavya Reddy,20,Male,A-,9646072456
21331,Divya Sharma,32,Male,O+,9371247129
21332,Aditya Sharma,49,Male,O-,9223050501
21333,Divya Sharma,18,Male,A+,9446600896
21334,Aditya Kapoor,22,Male,AB-,9155679388
21335,Aman Singh,52,Female,O-,9191498052
21336,Vikram Verma,56,Female,AB+,9267017983
21337,Pooja Gupta,27,Male,AB-,9599249119
21338,Rahul Singh,32,Female,AB-,9544026236
21339,Vikram Sharma,23,Male,B-,9998356942
21340,Divya Verma,50,Male,O-,9922560114
21341,Aman Patel,39,Female,A-,9561855418
21342,Rohan Gupta,32,Female,O-,9391640458
21343,Rohan Verma,40,Female,O-,9367111990
21344,Pooja Gupta,29,Female,O-,9983575722
21345,Neha Kapoor,29,Female,B-,9251193955
21346,Rahul Kapoor,47,Male,AB+,9690668822
21347,Pooja Verma,35,Female,AB+,9521526240
21348,Vikram Patel,34,Male,O+,9773211828
21349,Vikram Gupta,32,Male,A+,9340866095
21350,Vikram Singh,34,Male,AB+,9355714788
21351,Arjun Verma,45,Female,B+,9234689534
21352,Pooja Singh,46,Male,B-,9761274483
21353,Sahil Reddy,26,Female,AB+,9528213807
21354,Rahul Sharma,36,Male,AB+,9473473891
21355,Riya Gupta,47,Male,A-,9611227214
21356,Priya Kapoor,46,Female,A+,9223865392
21357,Arjun Sharma,60,Female,B+,9197947620
21358,Sahil Verma,22,Female,AB-,9964208190
21359,Aman Patel,32,Male,A+,9611257105
21360,Karan Gupta,27,Male,AB-,9937118581
21361,Neha Patel,34,Male,A+,9946781987
21362,Aditya Kapoor,45,Male,AB-,9554157787
21363,Riya Reddy,50,Female,B-,9544523340
21364,Neha Sharma,20,Male,AB-,9733957231
21365,Aman Patel,50,Male,AB-,9760800132
21366,Riya Patel,54,Female,B+,9870244412
21367,Aman Verma,46,Male,AB-,9996434544
21368,Sneha Mehta,48,Female,AB+,9350755889
21369,Arjun Mehta,36,Female,O+,9883609647
21370,Rohan Sharma,59,Male,A-,9568627119
21371,Karan Sharma,52,Male,B-,9373405138
21372,Divya Verma,33,Female,B-,9223069614
21373,Aman Mehta,18,Male,A-,9641957134
21374,Sneha Sharma,59,Female,A-,9156629466
21375,Kavya Sharma,27,Male,O-,9666971480
21376,Arjun Gupta,37,Male,O-,9798477020
21377,Arjun Singh,45,Male,A-,9968903321
21378,Aman Sharma,32,Male,A+,9785945860
21379,Vikram Verma,56,Female,O-,9438135611
21380,Anjali Kapoor,59,Male,B-,9142667536
21381,Sneha Singh,39,Male,O+,9378588517
21382,Pooja Patel,35,Male,AB-,9583050619
21383,Kavya Kapoor,56,Male,A+,9415913817
21384,Neha Verma,34,Female,A+,9426165740
21385,Vikram Singh,39,Female,A-,9924811096
21386,Divya Sharma,28,Male,B+,9799869733
21387,Sneha Patel,26,Male,A-,9552406773
21388,Sahil Reddy,39,Male,AB+,9369770473
21389,Aditya Mehta,43,Male,AB-,9324509939
21390,Aman Reddy,29,Male,O+,9866668433
21391,Aman Gupta,44,Female,B-,9670378656
21392,Vikram Sharma,32,Male,B-,9528654630
21393,Sneha Gupta,20,Female,A-,9762559721
21394,Riya Kapoor,50,Male,A+,9141635039
21395,Karan Mehta,59,Female,AB-,9724778893
21396,Kavya Mehta,26,Female,O+,9338224656
21397,Pooja Patel,46,Male,B-,9238443951
21398,Kavya Patel,49,Female,AB+,9429279603
21399,Kavya Mehta,27,Female,A-,9173647280
21400,Karan Sharma,30,Female,A-,9780669347
21401,Arjun Gupta,32,Male,A-,9456684701
21402,Priya Reddy,36,Male,A-,9560320294
21403,Aman Kapoor,37,Female,O+,9812381788
21404,Priya Kapoor,22,Female,A-,9342883437
21405,Aditya Patel,18,Male,B+,9207817254
21406,Anjali Gupta,19,Female,O+,9424446206
21407,Riya Gupta,60,Male,B-,9366406802
21408,Pooja Mehta,60,Female,B-,9596993303
21409,Karan Verma,19,Male,A-,9964864826
21410,Pooja Mehta,24,Female,AB-,9520881179
21411,Karan Mehta,26,Male,AB+,9833075937
21412,Riya Singh,32,Male,A+,9561618427
21413,Pooja Singh,27,Male,O-,9499304295
21414,Pooja Gupta,30,Female,AB-,9780022624
21415,Aditya Singh,50,Female,B+,9860169135
21416,Karan Gupta,39,Female,O-,9496384066
21417,Pooja Verma,51,Female,AB-,9560238246
21418,Sneha Kapoor,55,Male,A+,9128158648
21419,Aditya Reddy,36,Male,B+,9697638183
21420,Sneha Kapoor,41,Female,A-,9116619019
21421,Karan Singh,27,Female,AB-,9981361776
21422,Vikram Singh,28,Female,A+,9786026435
21423,Rohan Patel,31,Male,AB+,9617402258
21424,Arjun Gupta,32,Female,O-,9175197215
21425,Aman Verma,49,Female,A+,9298629215
21426,Sneha Reddy,21,Female,A+,9754615331
21427,Rahul Reddy,36,Male,AB-,9867177977
21428,Pooja Verma,50,Female,AB+,9691825944
21429,Kavya Verma,43,Female,O-,9201656613
21430,Priya Patel,24,Male,AB-,9299066466
21431,Pooja Verma,47,Female,AB-,9154116775
21432,Pooja Kapoor,56,Female,A-,9380216940
21433,Anjali Verma,45,Female,B-,9245484753
21434,Rohan Gupta,36,Male,AB-,9109669970
21435,Arjun Patel,44,Male,O+,9757494900
21436,Rahul Gupta,45,Female,A-,9277098199
21437,Rohan Gupta,43,Male,A+,9562645685
21438,Priya Mehta,26,Female,B+,9164740638
21439,Sahil Mehta,24,Male,AB+,9567525869
21440,Pooja Reddy,31,Female,A+,9817659044
21441,Divya Verma,49,Male,A-,9335311773
21442,Anjali Kapoor,44,Male,B+,9200872810
21443,Sneha Sharma,22,Male,A+,9698195329
21444,Kavya Gupta,23,Female,O-,9659599201
21445,Sahil Kapoor,52,Male,B+,9167907743
21446,Vikram Sharma,22,Female,B-,9939170858
21447,Riya Reddy,57,Male,B+,9135138703
21448,Neha Mehta,60,Female,B-,9848541503
21449,Kavya Sharma,40,Male,O+,9696328239
21450,Aditya Reddy,20,Male,O-,9788803468
21451,Karan Verma,34,Female,B+,9158841872
21452,Aditya Verma,48,Female,AB-,9530487085
21453,Neha Reddy,51,Male,O+,9396673629
21454,Sahil Kapoor,41,Female,O-,9750577995
21455,Rahul Kapoor,32,Male,A-,9867814352
21456,Rahul Sharma,36,Male,O+,9716035015
21457,Sahil Mehta,39,Female,A+,9114102781
21458,Riya Reddy,19,Male,O+,9736262814
21459,Sahil Patel,35,Female,B+,9479911853
21460,Riya Reddy,30,Male,A-,9215846540
21461,Aditya Patel,58,Female,AB-,9808042009
21462,Kavya Patel,29,Female,B+,9737225769
21463,Vikram Sharma,23,Male,O+,9929219776
21464,Anjali Reddy,28,Male,O-,9299255305
21465,Aman Reddy,55,Female,O-,9423935452
21466,Vikram Mehta,39,Male,B+,9932679240
21467,Rohan Kapoor,18,Male,B-,9344569173
21468,Karan Mehta,33,Female,B+,9947081737
21469,Arjun Kapoor,35,Male,AB+,9899494698
21470,Pooja Mehta,41,Male,B+,9598445460
21471,Rohan Patel,24,Male,O+,9976447012
21472,Aman Kapoor,45,Female,AB+,9185734364
21473,Priya Kapoor,43,Male,A+,9364123894
21474,Sneha Mehta,34,Female,A-,9407560921
21475,Arjun Gupta,53,Male,AB+,9908322015
21476,Aditya Gupta,40,Male,O-,9524786161
21477,Rohan Mehta,49,Male,O-,9135499332
21478,Kavya Mehta,48,Male,O-,9966075924
21479,Priya Kapoor,18,Female,AB+,9736225935
21480,Rahul Reddy,42,Male,AB-,9157048831
21481,Anjali Patel,32,Female,O+,9830556327
21482,Karan Kapoor,36,Female,B-,9873715502
21483,Neha Mehta,37,Female,B+,9309349716
21484,Divya Patel,38,Female,O-,9478529025
21485,Aditya Gupta,51,Female,B-,9809953707
21486,Sahil Reddy,30,Male,O+,9676564055
21487,Kavya Reddy,42,Male,AB-,9385050357
21488,Vikram Singh,40,Female,O-,9336631940
21489,Pooja Verma,18,Female,O+,9498312587
21490,Rohan Singh,37,Female,B-,9773256621
21491,Priya Gupta,25,Female,AB+,9712260888
21492,Kavya Reddy,32,Female,O+,9503887596
21493,Aman Reddy,52,Male,B-,9727433872
21494,Kavya Reddy,41,Female,O+,9302046406
21495,Rahul Gupta,24,Female,AB+,9893133569
21496,Aman Sharma,58,Male,AB+,9674275105
21497,Pooja Gupta,34,Male,A-,9671345557
21498,Riya Kapoor,21,Male,A-,9764504286
21499,Sneha Gupta,44,Female,O+,9908115227
21500,Sahil Reddy,37,Female,A-,9909678388
21501,Aditya Patel,20,Female,A+,9467448410
21502,Priya Verma,53,Male,B+,9324355819
21503,Vikram Mehta,55,Female,B-,9551058948
21504,Riya Reddy,40,Female,AB-,9512872930
21505,Kavya Verma,20,Male,O-,9342135637
21506,Vikram Gupta,50,Male,AB+,9281207125
21507,Rohan Verma,42,Male,AB+,9785475705
21508,Neha Gupta,41,Female,O-,9925314059
21509,Rohan Patel,32,Male,A-,9330179918
21510,Rahul Singh,38,Female,AB+,9581072469
21511,Rohan Patel,39,Male,B-,9814792402
21512,Anjali Gupta,52,Male,B+,9120830908
21513,Karan Reddy,33,Female,AB+,9121180786
21514,Priya Mehta,34,Male,AB-,9273311894
21515,Kavya Singh,56,Female,AB-,9141556463
21516,Neha Singh,35,Female,O-,9481469401
21517,Sneha Patel,33,Male,A+,9924268062
21518,Karan Reddy,50,Female,B-,9265338769
21519,Vikram Kapoor,39,Female,B+,9257687815
21520,Sneha Sharma,50,Male,B+,9793395602
21521,Neha Reddy,21,Male,AB+,9203608510
21522,Riya Singh,59,Male,B-,9967632038
21523,Rahul Patel,58,Male,A-,9985609160
21524,Pooja Singh,20,Female,AB+,9223500191
21525,Priya Mehta,57,Male,AB+,9671418095
21526,Aditya Sharma,20,Female,B+,9241938202
21527,Priya Gupta,42,Female,B-,9756997723
21528,Riya Sharma,57,Male,AB+,9819632036
21529,Divya Patel,27,Male,A-,9952142506
21530,Neha Gupta,44,Male,B+,9196292002
21531,Divya Gupta,29,Male,AB+,9413282391
21532,Pooja Sharma,35,Male,B-,9206102637
21533,Divya Patel,20,Male,B-,9937305816
21534,Aman Singh,38,Female,A-,9189412335
21535,Priya Kapoor,36,Female,A-,9728140966
21536,Sneha Singh,22,Male,A-,9503172216
21537,Rahul Reddy,56,Female,A+,9337531107
21538,Anjali Gupta,40,Male,O+,9760258973
21539,Vikram Verma,41,Female,B+,9350665162
21540,Aditya Reddy,30,Male,O+,9387583353
21541,Aman Kapoor,41,Female,AB-,9307441613
21542,Priya Gupta,31,Female,B+,9594509396
21543,Neha Verma,41,Female,A-,9717135835
21544,Priya Gupta,38,Male,B-,9803347199
21545,Sahil Mehta,43,Female,O-,9655635128
21546,Aman Gupta,48,Female,AB+,9615407628
21547,Karan Kapoor,44,Female,B-,9467108691
21548,Aditya Singh,18,Female,AB+,9932063001
21549,Rohan Sharma,54,Female,B+,9821499928
21550,Vikram Patel,59,Male,O+,9800134979
21551,Sneha Verma,22,Male,O-,9522589807
21552,Anjali Kapoor,56,Male,B-,9869742787
21553,Rohan Sharma,38,Female,A-,9123232837
21554,Anjali Kapoor,26,Female,B-,9244417591
21555,Rahul Mehta,52,Female,AB-,9476599107
21556,Sneha Reddy,24,Female,O-,9771198656
21557,Karan Mehta,39,Male,O-,9561847297
21558,Sahil Kapoor,58,Male,AB+,9852639343
21559,Aditya Reddy,28,Female,AB-,9471904363
21560,Karan Singh,53,Female,AB-,9615421145
21561,Vikram Kapoor,54,Female,A+,9673188376
21562,Neha Mehta,35,Male,O+,9964522792
21563,Neha Kapoor,45,Female,AB-,9511635200
21564,Sneha Gupta,28,Male,AB-,9350241904
21565,Neha Gupta,21,Female,B-,9724647110
21566,Neha Kapoor,56,Male,AB-,9110089126
21567,Divya Mehta,40,Male,A+,9321683087
21568,Karan Kapoor,19,Male,O-,9335383937
21569,Rohan Patel,52,Female,AB-,9861023205
21570,Aditya Verma,26,Female,AB+,9336878620
21571,Priya Verma,41,Male,B-,9788463243
21572,Neha Gupta,32,Male,AB+,9332699372
21573,Divya Patel,25,Female,O-,9317358514
21574,Rohan Mehta,27,Female,B+,9295673525
21575,Sneha Sharma,44,Male,A-,9617418962
21576,Aman Gupta,60,Female,AB+,9650625594
21577,Kavya Patel,27,Female,AB+,9779074657
21578,Pooja Reddy,45,Female,AB+,9575524309
21579,Divya Patel,49,Male,O+,9737039417
21580,Riya Sharma,21,Female,B-,9366598304
21581,Kavya Gupta,54,Female,B-,9603801189
21582,Sneha Gupta,21,Male,A+,9311948163
21583,Aman Reddy,47,Female,AB+,9405245358
21584,Riya Gupta,43,Male,B-,9572797849
21585,Vikram Reddy,41,Female,AB+,9894465905
21586,Riya Verma,36,Male,AB+,9995021740
21587,Sahil Patel,18,Female,AB-,9489264833
21588,Sneha Gupta,50,Male,AB-,9406269662
21589,Riya Verma,21,Male,O+,9754663108
21590,Aditya Reddy,43,Male,O+,9677523585
21591,Divya Mehta,30,Male,B+,9666638245
21592,Sahil Verma,32,Female,A-,9359399057
21593,Pooja Kapoor,44,Male,AB-,9973706680
21594,Sahil Gupta,56,Male,A-,9511795295
21595,Karan Reddy,20,Female,AB+,9745436624
21596,Arjun Kapoor,39,Male,A-,9448318457
21597,Divya Singh,37,Male,O+,9924677596
21598,Karan Verma,22,Female,O+,9794410303
21599,Riya Mehta,35,Female,A+,9441320936
21600,Anjali Singh,53,Male,AB-,9570559746
21601,Rohan Gupta,35,Male,A-,9318072749
21602,Priya Sharma,39,Male,B-,9430257629
21603,Rohan Kapoor,51,Female,B+,9834937482
21604,Rohan Reddy,26,Female,B+,9941155622
21605,Aditya Sharma,23,Male,O-,9186702664
21606,Karan Mehta,56,Female,O+,9891888273
21607,Riya Verma,34,Male,O+,9424892984
21608,Divya Sharma,41,Female,B-,9854729790
21609,Rohan Gupta,22,Male,B-,9459641418
21610,Divya Patel,26,Female,AB-,9290327144
21611,Anjali Patel,29,Female,A-,9906766927
21612,Sahil Gupta,57,Female,AB-,9758896325
21613,Riya Kapoor,54,Male,O+,9587511330
21614,Riya Patel,26,Female,A+,9268853651
21615,Anjali Patel,20,Female,O-,9265867512
21616,Neha Kapoor,52,Male,AB-,9457162923
21617,Sneha Singh,33,Female,AB+,9240858986
21618,Riya Kapoor,20,Male,B+,9651501723
21619,Anjali Mehta,53,Male,B-,9110944553
21620,Kavya Mehta,18,Female,A+,9845788841
21621,Aditya Kapoor,60,Male,A-,9992015499
21622,Sahil Kapoor,25,Female,O-,9215293978
21623,Divya Singh,45,Female,A+,9833606060
21624,Rahul Sharma,19,Male,B-,9635986252
21625,Karan Mehta,47,Male,B+,9834438293
21626,Priya Verma,29,Male,B+,9431551640
21627,Sahil Kapoor,56,Female,O-,9823240847
21628,Karan Reddy,51,Male,B-,9631891918
21629,Priya Verma,42,Male,A-,9540272761
21630,Vikram Verma,23,Male,AB-,9776639015
21631,Riya Reddy,37,Male,A+,9454262766
21632,Arjun Verma,23,Female,O+,9334690240
21633,Sahil Mehta,25,Male,A-,9527357776
21634,Sahil Reddy,24,Female,A+,9368024603
21635,Riya Gupta,21,Female,B+,9404043688
21636,Aditya Sharma,28,Female,O+,9654351399
21637,Sneha Sharma,31,Male,AB+,9719286911
21638,Rohan Patel,51,Female,AB-,9541665513
21639,Aditya Sharma,20,Female,B+,9274380433
21640,Divya Kapoor,42,Male,A-,9974655722
21641,Pooja Kapoor,55,Male,A-,9625757379
21642,Karan Sharma,39,Female,O-,9534825441
21643,Vikram Verma,33,Male,B-,9258921943
21644,Sahil Kapoor,24,Female,AB-,9846245459
21645,Kavya Kapoor,30,Male,B-,9494511188
21646,Aman Verma,40,Female,B-,9378228028
21647,Rohan Reddy,35,Female,O+,9195914353
21648,Rohan Sharma,27,Male,AB-,9572627464
21649,Vikram Kapoor,59,Female,AB+,9667649497
21650,Neha Reddy,40,Male,AB-,9574970695
21651,Riya Reddy,47,Female,AB+,9417725681
21652,Sneha Reddy,27,Female,O-,9951388171
21653,Priya Gupta,49,Female,O-,9225543155
21654,Vikram Gupta,52,Male,AB+,9407097867
21655,Divya Singh,23,Male,AB-,9325485590
21656,Arjun Reddy,60,Male,B-,9182350430
21657,Priya Patel,51,Male,B+,9113558055
21658,Aditya Mehta,50,Female,AB+,9915229270
21659,Rohan Singh,22,Female,B-,9810059606
21660,Pooja Mehta,32,Female,AB-,9269353202
21661,Pooja Patel,31,Male,AB-,9448987913
21662,Sahil Verma,19,Male,O-,9738132822
21663,Aditya Patel,29,Female,O+,9529080603
21664,Sneha Mehta,55,Male,AB-,9264281474
21665,Rohan Gupta,40,Female,B+,9645640026
21666,Neha Reddy,33,Male,O+,9369281852
21667,Arjun Verma,26,Male,AB-,9433431701
21668,Rohan Reddy,21,Female,B-,9879566703
21669,Pooja Patel,58,Male,A-,9679222339
21670,Vikram Sharma,55,Male,AB-,9656252635
21671,Anjali Verma,48,Male,A-,9396546346
21672,Karan Patel,38,Male,B-,9488874194
21673,Rahul Gupta,54,Female,B+,9704032298
21674,Divya Singh,50,Female,O+,9467459098
21675,Divya Sharma,47,Male,O-,9468878038
21676,Rohan Reddy,45,Male,B-,9671695861
21677,Neha Sharma,34,Female,O+,9886975913
21678,Riya Mehta,30,Male,A-,9199549105
21679,Aman Singh,55,Male,AB-,9939376838
21680,Neha Singh,20,Male,B+,9195390816
21681,Neha Verma,40,Male,O+,9451135044
21682,Sneha Sharma,35,Female,A-,9247267606
21683,Aman Sharma,25,Female,A-,9560652471
21684,Aditya Sharma,50,Female,AB-,9472930661
21685,Rahul Reddy,57,Male,AB-,9748512168
21686,Kavya Kapoor,49,Male,B+,9366217811
21687,Aman Sharma,58,Male,B-,9884614772
21688,Sahil Kapoor,44,Male,A+,9398741810
21689,Neha Gupta,22,Female,O+,9623572335
21690,Arjun Mehta,31,Female,B-,9785406392
21691,Karan Singh,32,Female,A-,9690806374
21692,Arjun Patel,45,Male,O+,9878167679
21693,Kavya Sharma,41,Male,B+,9317348062
21694,Rohan Reddy,42,Male,B+,9324352811
21695,Divya Sharma,55,Female,AB+,9261229588
21696,Rahul Mehta,30,Male,O+,9742767299
21697,Aditya Singh,38,Male,B-,9353097977
21698,Aman Patel,50,Male,B-,9458276954
21699,Arjun Reddy,56,Male,B-,9188304712
21700,Priya Reddy,32,Female,B+,9109112343
21701,Karan Kapoor,35,Male,O-,9324906849
21702,Arjun Reddy,53,Male,A+,9265179015
21703,Kavya Sharma,58,Female,B-,9347252762
21704,Aditya Reddy,41,Female,O-,9254380631
21705,Neha Mehta,24,Female,O+,9589117066
21706,Pooja Patel,45,Female,O+,9122177388
21707,Aman Reddy,19,Female,B-,9156194343
21708,Neha Patel,19,Female,O+,9194320412
21709,Sneha Sharma,26,Male,O-,9885416033
21710,Pooja Gupta,57,Female,AB-,9763317156
21711,Pooja Sharma,38,Male,B+,9772686553
21712,Karan Sharma,32,Male,AB-,9889999991
21713,Anjali Mehta,22,Male,AB+,9810628012
21714,Arjun Mehta,18,Male,B-,9733330972
21715,Divya Singh,37,Female,AB-,9522182150
21716,Pooja Sharma,18,Male,AB+,9226992277
21717,Arjun Reddy,22,Female,O-,9114123608
21718,Aman Verma,31,Male,B-,9157114096
21719,Vikram Reddy,46,Male,B+,9326338888
21720,Neha Verma,33,Female,O-,9310175276
21721,Anjali Gupta,44,Female,AB-,9625934997
21722,Divya Kapoor,19,Female,A+,9812483555
21723,Priya Gupta,25,Female,O+,9845401417
21724,Kavya Sharma,24,Male,A+,9898708760
21725,Sneha Patel,20,Male,AB-,9212210415
21726,Arjun Singh,49,Female,AB-,9167099847
21727,Rohan Kapoor,56,Male,AB+,9701622043
21728,Rohan Patel,49,Male,O-,9771203788
21729,Riya Sharma,20,Male,B+,9139587941
21730,Sahil Mehta,30,Male,O-,9287619924
21731,Pooja Singh,41,Female,B+,9669626943
21732,Pooja Singh,47,Female,AB+,9881908740
21733,Kavya Reddy,40,Female,O+,9566093888
21734,Sneha Gupta,44,Male,O-,9107841584
21735,Pooja Mehta,37,Male,AB-,9993292392
21736,Sneha Verma,41,Female,A-,9898975291
21737,Riya Singh,48,Female,B+,9795036529
21738,Rahul Gupta,28,Female,AB+,9491081349
21739,Vikram Verma,36,Female,O+,9630115742
21740,Vikram Patel,30,Male,O+,9189524586
21741,Kavya Sharma,23,Male,AB-,9977526062
21742,Rohan Verma,45,Male,O-,9970088751
21743,Karan Verma,24,Female,A+,9940583690
21744,Neha Gupta,20,Male,AB-,9994365644
21745,Divya Singh,54,Female,AB-,9423260292
21746,Arjun Mehta,21,Female,AB-,9681389906
21747,Neha Reddy,42,Male,A+,9700899246
21748,Arjun Verma,20,Female,A+,9372969575
21749,Karan Verma,35,Female,AB+,9730924845
21750,Pooja Mehta,41,Male,A-,9595618450
21751,Aman Singh,41,Female,B-,9670454795
21752,Arjun Reddy,24,Male,A+,9333997262
21753,Aditya Patel,30,Female,O-,9825411112
21754,Priya Kapoor,46,Female,B-,9376906504
21755,Aditya Kapoor,49,Female,AB+,9292999716
21756,Divya Sharma,44,Female,A+,9557073186
21757,Sahil Patel,57,Male,A+,9682854934
21758,Pooja Mehta,24,Female,AB-,9330527332
21759,Aditya Gupta,18,Male,O-,9527692396
21760,Divya Kapoor,36,Male,B-,9794710987
21761,Riya Kapoor,34,Male,B+,9149165414
21762,Kavya Patel,56,Female,A-,9658327761
21763,Anjali Mehta,60,Female,A-,9472421546
21764,Aman Mehta,43,Male,A-,9408820106
21765,Anjali Gupta,32,Female,AB+,9655718724
21766,Divya Patel,53,Female,B-,9332764055
21767,Priya Kapoor,46,Male,B+,9179679595
21768,Vikram Sharma,33,Male,B+,9915120266
21769,Karan Reddy,22,Female,B+,9682389468
21770,Aditya Reddy,36,Male,O+,9325030361
21771,Priya Sharma,27,Female,B-,9716088464
21772,Arjun Mehta,50,Female,AB+,9188111268
21773,Vikram Verma,20,Male,O+,9804664774
21774,Sneha Patel,50,Female,O+,9854546291
21775,Rohan Kapoor,48,Male,A-,9650541607
21776,Pooja Gupta,38,Female,AB+,9585117904
21777,Arjun Gupta,33,Male,A-,9640776388
21778,Riya Sharma,34,Male,B+,9433405649
21779,Arjun Singh,43,Female,A+,9450944259
21780,Rohan Kapoor,40,Male,AB-,9159745842
21781,Sneha Verma,30,Male,O-,9778785505
21782,Vikram Singh,40,Male,B+,9479222668
21783,Aman Reddy,29,Male,B-,9479512916
21784,Kavya Gupta,29,Female,O-,9953609674
21785,Sneha Mehta,59,Male,O+,9876686870
21786,Sneha Reddy,22,Female,B-,9707271461
21787,Kavya Sharma,38,Male,B-,9679459385
21788,Rahul Mehta,43,Male,O+,9264596412
21789,Riya Mehta,38,Female,B+,9349471712
21790,Sneha Kapoor,45,Female,A+,9413170840
21791,Pooja Mehta,51,Female,AB-,9449110554
21792,Vikram Singh,40,Female,A-,9926187882
21793,Priya Reddy,55,Female,B+,9432469678
21794,Riya Gupta,22,Female,O-,9408483419
21795,Aditya Singh,43,Male,B+,9787432725
21796,Anjali Sharma,24,Male,O-,9161993240
21797,Anjali Reddy,46,Female,O+,9222582880
21798,Priya Singh,45,Female,O-,9261926741
21799,Priya Gupta,51,Male,B+,9681442011
21800,Kavya Sharma,30,Male,O-,9595173705
21801,Sneha Gupta,23,Male,AB-,9535171316
21802,Priya Patel,47,Female,B-,9568805404
21803,Anjali Verma,19,Female,A+,9483636332
21804,Riya Verma,49,Male,O-,9728807340
21805,Sneha Reddy,30,Female,O-,9938912956
21806,Sahil Singh,33,Female,AB+,9747854668
21807,Karan Gupta,21,Female,A-,9791998678
21808,Sahil Gupta,31,Female,O-,9785729089
21809,Sahil Patel,28,Female,A-,9434956814
21810,Sneha Patel,27,Female,O+,9193515658
21811,Riya Patel,36,Male,A+,9125079002
21812,Divya Gupta,26,Male,B-,9316569586
21813,Sahil Reddy,40,Male,O-,9741159634
21814,Kavya Verma,39,Male,O+,9887579763
21815,Anjali Sharma,49,Female,B-,9106785493
21816,Divya Singh,28,Male,O+,9934526348
21817,Rohan Singh,46,Female,AB-,9513326315
21818,Neha Mehta,35,Female,O+,9382622651
21819,Rahul Gupta,37,Male,B+,9328024615
21820,Kavya Singh,34,Female,O-,9393857983
21821,Rohan Singh,18,Male,O+,9216268839
21822,Pooja Gupta,60,Male,AB-,9179121152
21823,Priya Kapoor,45,Female,AB+,9793341503
21824,Vikram Verma,49,Female,O-,9856993690
21825,Priya Sharma,60,Female,O+,9808297344
21826,Anjali Gupta,58,Male,B+,9834697262
21827,Kavya Reddy,58,Female,B-,9728558091
21828,Sneha Singh,47,Male,B-,9903674233
21829,Neha Patel,24,Female,O+,9594871384
21830,Neha Reddy,53,Female,O+,9209479267
21831,Arjun Sharma,19,Male,B+,9437416960
21832,Sahil Verma,28,Male,AB-,9450846883
21833,Divya Verma,27,Male,O+,9732695830
21834,Priya Patel,47,Male,O-,9208244590
21835,Aditya Mehta,36,Female,O+,9762074774
21836,Kavya Reddy,60,Female,A+,9743438103
21837,Neha Singh,21,Male,A+,9894479839
21838,Aditya Verma,53,Male,AB-,9354999230
21839,Rohan Mehta,53,Female,O-,9819127477
21840,Kavya Kapoor,45,Male,B+,9935870422
21841,Arjun Patel,18,Male,O+,9821614488
21842,Anjali Sharma,22,Male,AB+,9929387624
21843,Sahil Patel,31,Female,A-,9907288975
21844,Sahil Mehta,18,Female,AB+,9206870285
21845,Sahil Verma,43,Female,A-,9117880288
21846,Neha Kapoor,48,Male,A-,9389618539
21847,Priya Sharma,36,Female,O+,9808714673
21848,Rohan Singh,28,Male,B+,9581294837
21849,Arjun Singh,31,Female,O-,9665079079
21850,Priya Verma,25,Female,O+,9446469660
21851,Kavya Singh,22,Male,A+,9497319604
21852,Kavya Kapoor,46,Male,A+,9441390467
21853,Riya Verma,52,Male,B-,9576934056
21854,Rahul Gupta,44,Female,B-,9652928256
21855,Aditya Kapoor,44,Female,O-,9420994624
21856,Aman Reddy,21,Female,O-,9448730589
21857,Arjun Kapoor,51,Male,AB+,9838417338
21858,Aditya Kapoor,53,Male,A+,9437961846
21859,Riya Gupta,18,Male,B+,9754251805
21860,Kavya Singh,46,Female,A+,9195854941
21861,Anjali Reddy,42,Male,O+,9898564733
21862,Arjun Gupta,45,Male,AB+,9484921777
21863,Priya Kapoor,51,Female,B+,9883235559
21864,Arjun Reddy,55,Female,AB-,9272435201
21865,Sahil Sharma,47,Male,B-,9278724759
21866,Kavya Reddy,41,Female,O+,9740672131
21867,Anjali Verma,34,Female,O+,9142050755
21868,Rohan Mehta,20,Female,AB+,9878398430
21869,Sahil Patel,31,Female,O+,9470712636
21870,Sneha Patel,31,Male,O-,9343821417
21871,Rahul Verma,31,Female,A+,9355484922
21872,Kavya Gupta,35,Male,O-,9550822009
21873,Riya Singh,42,Female,O-,9865205490
21874,Anjali Singh,57,Female,AB-,9122969796
21875,Rohan Mehta,53,Female,O+,9512432632
21876,Vikram Gupta,23,Male,A-,9309029383
21877,Pooja Sharma,34,Female,AB+,9419092813
21878,Divya Gupta,40,Female,A-,9434739497
21879,Rahul Kapoor,45,Female,B-,9977543754
21880,Aditya Singh,28,Male,A-,9532642636
21881,Rohan Kapoor,38,Male,B+,9377454258
21882,Aman Gupta,47,Female,B-,9868536859
21883,Pooja Verma,55,Male,B+,9549561956
21884,Anjali Sharma,40,Female,B+,9952487754
21885,Rahul Patel,27,Female,B+,9220601145
21886,Rohan Verma,21,Male,AB+,9354729949
21887,Karan Singh,53,Female,AB-,9329986405
21888,Sneha Patel,51,Female,O-,9183423925
21889,Divya Gupta,53,Male,B-,9439640401
21890,Riya Singh,53,Male,A-,9813682177
21891,Aman Gupta,27,Female,A-,9493462853
21892,Karan Singh,35,Female,B+,9937713433
21893,Pooja Reddy,60,Male,AB-,9530375928
21894,Vikram Patel,57,Female,A+,9195928044
21895,Rahul Gupta,19,Female,B+,9144792744
21896,Neha Sharma,36,Male,AB-,9811923302
21897,Vikram Verma,30,Female,O+,9486405655
21898,Karan Patel,47,Female,B+,9927677423
21899,Karan Reddy,50,Male,AB-,9533054360
21900,Sahil Verma,36,Male,A-,9592851042
21901,Anjali Mehta,23,Male,O+,9739393453
21902,Arjun Verma,32,Female,A+,9401654906
21903,Kavya Gupta,20,Male,A+,9639849017
21904,Aman Verma,23,Male,B+,9408758914
21905,Sneha Verma,57,Female,AB+,9950869635
21906,Anjali Verma,46,Female,AB-,9716273407
21907,Pooja Singh,19,Female,A-,9778704442
21908,Sneha Patel,52,Female,A-,9539268619
21909,Anjali Sharma,45,Male,AB-,9504573286
21910,Sneha Patel,23,Male,A-,9578774731
21911,Pooja Singh,24,Male,A-,9487872202
21912,Riya Gupta,35,Male,B+,9194425744
21913,Rohan Patel,48,Female,O+,9220195627
21914,Sneha Mehta,21,Female,A+,9637527789
21915,Rahul Gupta,22,Male,O-,9485895668
21916,Rohan Gupta,29,Male,B+,9177017216
21917,Sneha Gupta,30,Male,AB+,9330069660
21918,Rahul Reddy,30,Female,B+,9695360376
21919,Rohan Verma,34,Male,AB-,9312224165
21920,Rahul Reddy,52,Male,A+,9991715146
21921,Rahul Kapoor,24,Female,O-,9735685847
21922,Aman Sharma,31,Female,A-,9852966615
21923,Anjali Gupta,32,Female,O+,9226997744
21924,Pooja Verma,30,Male,AB-,9554128240
21925,Aman Verma,46,Male,B-,9765314188
21926,Aman Gupta,42,Male,A-,9949700716
21927,Divya Reddy,34,Female,A-,9599373185
21928,Riya Verma,23,Female,AB-,9999021737
21929,Pooja Sharma,46,Female,O+,9173261226
21930,Arjun Gupta,34,Male,B-,9112904865
21931,Karan Singh,30,Male,A-,9571270856
21932,Divya Verma,48,Female,B+,9403756374
21933,Priya Reddy,21,Male,B+,9590414900
21934,Riya Sharma,55,Female,AB+,9739770274
21935,Rahul Sharma,45,Female,O-,9733888907
21936,Sneha Singh,27,Female,A+,9833959948
21937,Pooja Gupta,43,Male,AB-,9401864927
21938,Pooja Singh,55,Female,B+,9492640366
21939,Priya Mehta,49,Female,B+,9548165742
21940,Kavya Singh,24,Male,AB-,9679432469
21941,Rahul Singh,25,Male,AB-,9706729781
21942,Priya Sharma,37,Female,O+,9465520711
21943,Vikram Sharma,30,Female,O-,9880725474
21944,Divya Mehta,22,Female,B+,9985219490
21945,Neha Sharma,33,Male,A-,9853243424
21946,Priya Kapoor,47,Female,A-,9648295508
21947,Aditya Verma,57,Female,O+,9543040323
21948,Rohan Patel,60,Female,O-,9979406327
21949,Sneha Kapoor,52,Male,A-,9190599124
21950,Pooja Verma,34,Male,B+,9503665631
21951,Rahul Kapoor,48,Male,O-,9497618981
21952,Riya Sharma,50,Male,A-,9635809851
21953,Neha Singh,48,Female,O+,9238427054
21954,Anjali Mehta,35,Female,A-,9949389183
21955,Aditya Verma,20,Female,AB+,9468565177
21956,Aman Kapoor,18,Female,O-,9808591153
21957,Kavya Sharma,45,Female,O+,9277051478
21958,Arjun Kapoor,33,Male,A+,9366395784
21959,Aditya Mehta,31,Female,AB-,9244307875
21960,Arjun Mehta,46,Female,A+,9739788295
21961,Neha Patel,57,Male,O+,9849017160
21962,Rohan Sharma,53,Male,B+,9482865978
21963,Aman Gupta,32,Male,B-,9175866693
21964,Aman Verma,20,Male,AB-,9901287856
21965,Kavya Verma,20,Male,A+,9136874564
21966,Rahul Sharma,25,Male,O-,9509805814
21967,Rohan Singh,39,Male,A+,9446663983
21968,Sneha Singh,20,Male,A+,9876640667
21969,Kavya Reddy,43,Male,B+,9647060722
21970,Divya Sharma,41,Female,AB-,9808703906
21971,Priya Verma,60,Female,B+,9285614410
21972,Neha Singh,55,Female,O+,9954613628
21973,Kavya Patel,43,Female,AB+,9727686691
21974,Sahil Verma,40,Female,A+,9930579793
21975,Divya Reddy,26,Male,O-,9424933180
21976,Divya Kapoor,22,Male,A+,9808930001
21977,Rahul Kapoor,30,Female,B-,9363450804
21978,Karan Kapoor,23,Female,O-,9814864353
21979,Aman Kapoor,46,Female,A-,9153519184
21980,Sahil Kapoor,37,Male,B+,9836404888
21981,Karan Gupta,51,Female,A+,9702055850
21982,Sneha Singh,46,Male,O+,9150633234
21983,Priya Kapoor,18,Female,O-,9401042644
21984,Karan Verma,50,Male,O-,9119466228
21985,Sahil Reddy,26,Female,AB-,9370679596
21986,Aman Gupta,53,Male,A+,9142126156
21987,Sneha Singh,55,Male,AB-,9929118986
21988,Priya Singh,55,Male,AB+,9234772636
21989,Pooja Mehta,42,Male,A-,9703436394
21990,Anjali Reddy,42,Male,AB+,9344152965
21991,Pooja Sharma,35,Female,B-,9422433570
21992,Pooja Patel,24,Male,B+,9819938267
21993,Kavya Mehta,43,Female,AB-,9343589899
21994,Arjun Verma,55,Male,B+,9655442947
21995,Priya Verma,45,Male,A+,9319870385
21996,Pooja Reddy,34,Female,AB+,9762646514
21997,Anjali Sharma,33,Female,A+,9483106683
21998,Aditya Kapoor,50,Female,A+,9307493680
21999,Anjali Verma,44,Male,A-,9492072832
22000,Kavya Mehta,54,Male,B-,9863893386
22001,Karan Sharma,27,Female,B+,9330858509
22002,Aman Sharma,57,Male,O-,9393578176
22003,Kavya Verma,18,Female,AB-,9538713142
22004,Priya Patel,60,Female,O+,9530794047
22005,Kavya Kapoor,23,Male,A-,9262589373
22006,Riya Singh,26,Male,AB+,9469846462
22007,Vikram Gupta,40,Male,B+,9422269187
22008,Rohan Gupta,25,Male,O+,9446988058
22009,Riya Mehta,46,Female,B-,9363938913
22010,Sneha Sharma,45,Male,A-,9520530950
22011,Sneha Gupta,33,Male,O+,9202199178
22012,Aman Gupta,46,Male,A+,9611047326
22013,Priya Mehta,37,Male,B-,9878876114
22014,Rahul Kapoor,46,Female,B-,9959620066
22015,Anjali Reddy,39,Male,A-,9998967788
22016,Aditya Verma,47,Male,AB-,9326667614
22017,Aditya Verma,37,Female,AB+,9257658813
22018,Kavya Sharma,58,Female,AB-,9447103650
22019,Sneha Sharma,60,Female,AB-,9412156675
22020,Kavya Verma,40,Male,AB-,9913074425
22021,Vikram Patel,34,Male,B-,9198945750
22022,Sahil Patel,22,Female,AB+,9170173673
22023,Rohan Singh,37,Female,AB+,9927850843
22024,Aditya Verma,26,Male,B+,9325020748
22025,Neha Patel,45,Male,A+,9195118413
22026,Aditya Verma,51,Male,A-,9754077355
22027,Karan Kapoor,39,Male,O+,9637264893
22028,Kavya Patel,27,Female,AB+,9660877079
22029,Vikram Verma,51,Male,A+,9416871882
22030,Neha Verma,47,Female,B+,9113955511
22031,Riya Patel,24,Male,O+,9696644479
22032,Sneha Verma,30,Female,O+,9866597250
22033,Aditya Kapoor,25,Female,B-,9853692700
22034,Karan Gupta,59,Female,A+,9308866270
22035,Kavya Mehta,34,Female,O+,9702984717
22036,Arjun Sharma,24,Female,AB+,9477651089
22037,Anjali Verma,45,Female,A-,9237548883
22038,Anjali Kapoor,26,Female,O-,9696725749
22039,Sahil Singh,27,Male,O+,9228746038
22040,Pooja Verma,31,Male,O+,9424948360
22041,Anjali Singh,20,Female,A-,9626549328
22042,Sneha Verma,19,Female,B-,9149755805
22043,Rohan Sharma,49,Female,B-,9647319558
22044,Arjun Kapoor,52,Male,B-,9322092837
22045,Pooja Verma,60,Female,AB-,9118688020
22046,Pooja Kapoor,40,Female,A-,9428536834
22047,Rahul Verma,48,Male,A-,9133000168
22048,Aditya Kapoor,20,Female,A-,9863783063
22049,Pooja Patel,56,Male,B+,9374069045
22050,Pooja Sharma,24,Female,O-,9370687447
22051,Sneha Singh,26,Female,O+,9400257793
22052,Rahul Kapoor,55,Female,B+,9459487568
22053,Aman Reddy,36,Male,B+,9157630378
22054,Pooja Reddy,44,Male,AB+,9473892059
22055,Arjun Reddy,30,Female,AB+,9239691589
22056,Sneha Reddy,41,Male,A+,9473661533
22057,Riya Patel,43,Female,B+,9780513394
22058,Pooja Sharma,43,Male,B-,9629108169
22059,Sahil Gupta,41,Female,AB+,9930079559
22060,Aman Singh,23,Male,B-,9647536145
22061,Aditya Sharma,57,Female,A+,9309654192
22062,Pooja Gupta,51,Male,O-,9169257262
22063,Sneha Patel,57,Female,AB+,9191960016
22064,Karan Singh,46,Male,A+,9748564479
22065,Karan Kapoor,43,Male,A-,9801574393
22066,Pooja Reddy,57,Female,AB-,9739617099
22067,Arjun Mehta,56,Female,A+,9648011151
22068,Rohan Verma,51,Male,A+,9635268091
22069,Rahul Sharma,24,Male,A-,9296257679
22070,Sahil Sharma,48,Male,AB+,9378667765
22071,Neha Verma,58,Male,A-,9196185611
22072,Arjun Patel,51,Female,B-,9698982663
22073,Arjun Sharma,56,Male,AB-,9703872976
22074,Aman Patel,18,Female,B-,9546711313
22075,Rahul Reddy,47,Female,B-,9846156302
22076,Pooja Singh,60,Male,A-,9774148302
22077,Pooja Patel,60,Female,A+,9412340928
22078,Divya Gupta,58,Female,AB+,9149262596
22079,Rohan Mehta,47,Female,B+,9903621634
22080,Sahil Kapoor,38,Male,A-,9512227580
22081,Vikram Gupta,19,Female,B-,9805170768
22082,Divya Patel,20,Female,AB-,9713750765
22083,Kavya Singh,53,Female,O-,9337282053
22084,Riya Kapoor,34,Female,AB+,9666398457
22085,Anjali Reddy,29,Male,B+,9496549661
22086,Vikram Reddy,47,Male,A+,9337903814
22087,Priya Sharma,23,Female,B+,9955832892
22088,Vikram Mehta,30,Female,B-,9140411606
22089,Karan Mehta,34,Female,O-,9718491029
22090,Pooja Gupta,27,Female,B+,9269410504
22091,Arjun Reddy,26,Male,O+,9999670173
22092,Arjun Gupta,19,Female,A+,9681979468
22093,Pooja Singh,39,Male,AB-,9676351727
22094,Rahul Patel,27,Male,AB+,9683744298
22095,Neha Verma,30,Male,A-,9544775397
22096,Priya Singh,46,Female,O+,9924429901
22097,Aman Kapoor,41,Male,A+,9531236821
22098,Neha Sharma,47,Female,A+,9884563651
22099,Divya Reddy,19,Male,B+,9817807900
22100,Kavya Sharma,50,Male,O-,9965996607
22101,Sahil Gupta,22,Male,A+,9685646541
22102,Arjun Verma,36,Male,O-,9960916937
22103,Rahul Verma,41,Male,B+,9949621472
22104,Neha Mehta,47,Male,A+,9111135910
22105,Aman Reddy,50,Female,B+,9268488191
22106,Aditya Singh,53,Female,B-,9476353486
22107,Sneha Reddy,48,Female,O-,9321115141
22108,Kavya Verma,37,Male,A+,9825110935
22109,Anjali Reddy,32,Male,B-,9897674441
22110,Vikram Kapoor,55,Female,O+,9791442489
22111,Neha Sharma,52,Male,O+,9177272572
22112,Rohan Singh,56,Male,A+,9686457281
22113,Sneha Patel,37,Female,O+,9117781960
22114,Rohan Mehta,40,Male,AB-,9358490449
22115,Rahul Singh,34,Male,B+,9388369004
22116,Anjali Mehta,52,Male,O-,9442065678
22117,Kavya Gupta,41,Female,B-,9661511800
22118,Neha Kapoor,56,Male,O-,9903649155
22119,Kavya Kapoor,25,Female,A-,9299740740
22120,Rohan Sharma,36,Male,AB+,9753058526
22121,Kavya Gupta,33,Male,O-,9610217480
22122,Priya Reddy,25,Female,AB-,9746319514
22123,Pooja Kapoor,52,Male,AB-,9793271581
22124,Rahul Sharma,53,Female,A-,9199006152
22125,Arjun Verma,44,Female,AB-,9239746857
22126,Rahul Kapoor,39,Male,O-,9995815108
22127,Divya Sharma,28,Male,A-,9151481967
22128,Priya Kapoor,57,Male,B+,9942628789
22129,Pooja Patel,30,Female,A+,9149092561
22130,Priya Patel,20,Female,B-,9552609822
22131,Karan Singh,38,Male,A+,9759073323
22132,Rohan Singh,30,Female,B-,9407965455
22133,Anjali Reddy,47,Female,B+,9616411832
22134,Priya Reddy,42,Female,O-,9772804495
22135,Pooja Singh,45,Female,O-,9227341444
22136,Rohan Reddy,19,Male,AB+,9910197336
22137,Rohan Singh,27,Female,A-,9430349640
22138,Priya Kapoor,22,Male,AB+,9487494318
22139,Neha Sharma,35,Female,B-,9803866091
22140,Neha Reddy,47,Female,O-,9385308390
22141,Aditya Patel,47,Male,O-,9341741662
22142,Divya Verma,21,Female,A-,9822011163
22143,Rohan Sharma,59,Female,B+,9443754966
22144,Riya Sharma,58,Male,AB+,9398614434
22145,Sahil Verma,37,Female,AB-,9899263807
22146,Anjali Verma,29,Male,A-,9812841754
22147,Riya Mehta,59,Female,B-,9257906508
22148,Rohan Singh,49,Female,A-,9817026020
22149,Sahil Kapoor,30,Female,AB-,9500968861
22150,Anjali Patel,53,Male,B-,9579045777
22151,Rohan Reddy,26,Male,B-,9215320609
22152,Riya Mehta,32,Female,A+,9772695253
22153,Neha Sharma,52,Female,O+,9497019010
22154,Vikram Patel,37,Female,O+,9144277891
22155,Priya Verma,39,Male,O+,9374172536
22156,Riya Mehta,25,Female,AB-,9120437961
22157,Anjali Kapoor,36,Female,A-,9965704155
22158,Arjun Sharma,34,Female,B+,9699755026
22159,Riya Sharma,27,Male,O-,9815640618
22160,Riya Sharma,27,Male,B-,9216499589
22161,Neha Gupta,41,Female,B-,9206463700
22162,Sahil Sharma,48,Female,A+,9683163329
22163,Rahul Kapoor,45,Female,O-,9991040818
22164,Rahul Mehta,42,Female,AB-,9551257864
22165,Sahil Singh,50,Female,A+,9943688225
22166,Rahul Gupta,18,Female,AB+,9474780293
22167,Neha Verma,58,Male,B+,9520834832
22168,Vikram Reddy,40,Male,O+,9244229140
22169,Anjali Reddy,46,Female,O-,9854209729
22170,Rohan Verma,56,Male,O+,9909590697
22171,Priya Singh,29,Female,A-,9322584690
22172,Kavya Verma,27,Male,A-,9512020311
22173,Pooja Singh,52,Male,A-,9217470021
22174,Rohan Gupta,49,Male,AB+,9673448159
22175,Karan Kapoor,58,Male,O+,9755801364
22176,Karan Kapoor,22,Female,A-,9413924922
22177,Priya Patel,36,Female,A-,9567477770
22178,Aman Gupta,36,Female,AB+,9121090155
22179,Arjun Reddy,59,Female,O-,9570140535
22180,Anjali Singh,27,Male,A-,9176766298
22181,Vikram Reddy,18,Male,AB+,9425189639
22182,Anjali Reddy,45,Male,A+,9555167808
22183,Riya Reddy,34,Male,AB-,9515352529
22184,Divya Gupta,20,Male,O-,9917541664
22185,Rohan Kapoor,50,Male,AB-,9753046034
22186,Arjun Verma,54,Female,B+,9299123843
22187,Kavya Gupta,31,Male,O+,9998645627
22188,Sneha Mehta,54,Male,O+,9316441533
22189,Pooja Gupta,39,Female,O+,9216703494
22190,Anjali Sharma,45,Male,A+,9635967622
22191,Pooja Patel,57,Female,A+,9249063241
22192,Sahil Reddy,58,Male,A-,9437262315
22193,Sahil Sharma,57,Male,O-,9840960994
22194,Aman Sharma,51,Female,AB-,9617856449
22195,Rahul Gupta,20,Female,AB+,9868020294
22196,Rahul Patel,49,Female,O+,9662935004
22197,Kavya Kapoor,43,Female,A+,9941550664
22198,Arjun Verma,34,Male,B-,9866386697
22199,Karan Singh,34,Female,B-,9590538502
22200,Riya Singh,60,Male,O-,9509347773
22201,Riya Mehta,42,Female,O-,9816691647
22202,Aditya Singh,19,Male,AB-,9332456555
22203,Vikram Mehta,53,Male,B-,9790368697
22204,Pooja Gupta,58,Male,A-,9154720107
22205,Aditya Sharma,35,Male,AB-,9176825028
22206,Aditya Reddy,20,Male,A-,9853491707
22207,Vikram Reddy,52,Female,A+,9674476199
22208,Kavya Reddy,52,Male,B+,9997162496
22209,Kavya Verma,28,Male,B-,9152536378
22210,Anjali Kapoor,31,Female,A+,9876577475
22211,Aditya Reddy,49,Female,O-,9415267225
22212,Aman Verma,26,Male,A+,9397033327
22213,Aditya Reddy,53,Female,O+,9594196039
22214,Sahil Kapoor,29,Female,AB+,9141664410
22215,Riya Singh,50,Male,A+,9943804797
22216,Rohan Verma,40,Male,O-,9252480464
22217,Rohan Mehta,52,Male,A+,9268745261
22218,Kavya Gupta,55,Male,A-,9937790130
22219,Rohan Kapoor,19,Female,O+,9713372975
22220,Pooja Kapoor,54,Female,B+,9182068954
22221,Arjun Mehta,22,Male,B+,9709832564
22222,Divya Patel,45,Male,B-,9623472204
22223,Rohan Sharma,21,Female,AB+,9188264635
22224,Aditya Sharma,43,Female,A+,9268636833
22225,Pooja Singh,35,Male,A+,9358619570
22226,Sahil Verma,45,Female,O-,9157191313
22227,Rahul Verma,44,Male,O+,9671887816
22228,Arjun Gupta,52,Female,O-,9205181319
22229,Anjali Patel,49,Male,O-,9782076825
22230,Rahul Gupta,32,Female,A-,9526781560
22231,Anjali Kapoor,36,Female,B-,9174824970
22232,Priya Verma,33,Male,AB-,9260694672
22233,Pooja Singh,19,Female,B+,9251280619
22234,Sahil Reddy,22,Female,O-,9437802311
22235,Priya Kapoor,42,Female,AB-,9914185675
22236,Sahil Sharma,54,Female,A-,9706277177
22237,Kavya Kapoor,52,Male,B+,9482586524
22238,Pooja Kapoor,43,Male,B+,9681835483
22239,Sahil Kapoor,55,Female,AB+,9863398380
22240,Rahul Verma,28,Female,B+,9116251663
22241,Divya Gupta,38,Male,B+,9301784842
22242,Riya Verma,35,Female,O-,9317408764
22243,Arjun Gupta,38,Female,A-,9443084830
22244,Neha Mehta,38,Male,A-,9259351937
22245,Priya Patel,33,Male,O-,9267424740
22246,Vikram Sharma,38,Female,B+,9279054362
22247,Neha Verma,20,Male,AB-,9409672527
22248,Divya Mehta,25,Male,B-,9897326207
22249,Priya Sharma,43,Female,A-,9216361825
22250,Aman Verma,19,Male,B-,9953439004
22251,Anjali Singh,29,Male,O-,9449942727
22252,Karan Kapoor,37,Male,A-,9306659683
22253,Anjali Verma,44,Male,B-,9523407544
22254,Anjali Gupta,38,Male,A-,9119347545
22255,Vikram Reddy,22,Female,A-,9560542715
22256,Rohan Reddy,40,Male,O+,9213282458
22257,Anjali Reddy,53,Female,O-,9328475188
22258,Vikram Gupta,51,Female,AB+,9468357706
22259,Karan Verma,27,Male,AB-,9778160978
22260,Rahul Sharma,43,Female,A+,9155846405
22261,Vikram Sharma,54,Female,A+,9326793937
22262,Aman Sharma,53,Male,A+,9110436388
22263,Riya Kapoor,36,Female,A+,9372664718
22264,Pooja Singh,39,Male,B-,9256779120
22265,Arjun Mehta,40,Female,B+,9402322949
22266,Pooja Sharma,46,Female,AB+,9425338242
22267,Kavya Singh,24,Male,O-,9152754263
22268,Neha Singh,19,Male,AB+,9797618613
22269,Anjali Verma,25,Male,O+,9165918341
22270,Rahul Gupta,48,Male,AB+,9707026269
22271,Sahil Kapoor,44,Female,A-,9471919825
22272,Aman Verma,60,Female,A+,9945888573
22273,Pooja Patel,53,Male,O-,9517051257
22274,Arjun Kapoor,37,Female,O-,9773606900
22275,Karan Patel,33,Male,A+,9449096122
22276,Karan Reddy,35,Female,B-,9667238778
22277,Kavya Verma,43,Female,O-,9880219249
22278,Vikram Reddy,58,Male,A-,9232957606
22279,Pooja Kapoor,45,Female,O-,9576563445
22280,Rohan Patel,46,Male,AB-,9909826024
22281,Sahil Verma,27,Female,A-,9233544354
22282,Karan Reddy,33,Female,A-,9701819004
22283,Aman Patel,27,Female,A+,9383036477
22284,Karan Sharma,55,Male,O-,9432471504
22285,Neha Kapoor,44,Female,A-,9849329459
22286,Anjali Patel,41,Male,O+,9796823044
22287,Divya Mehta,30,Male,A+,9292617665
22288,Aman Patel,55,Male,AB+,9466243804
22289,Divya Patel,34,Female,O-,9572193391
22290,Vikram Kapoor,50,Female,O+,9251521778
22291,Divya Gupta,40,Male,B+,9715377038
22292,Kavya Sharma,22,Male,AB-,9960651943
22293,Arjun Kapoor,52,Female,A-,9920329860
22294,Vikram Reddy,43,Male,B-,9347860844
22295,Kavya Mehta,21,Male,B-,9443357553
22296,Vikram Patel,53,Male,AB+,9830629822
22297,Priya Verma,56,Male,O-,9771760777
22298,Pooja Patel,45,Male,AB-,9704755710
22299,Neha Gupta,20,Male,B-,9323045365
22300,Riya Sharma,48,Female,B+,9511511746
22301,Neha Reddy,33,Female,AB-,9845659272
22302,Anjali Kapoor,49,Female,AB+,9626248168
22303,Neha Sharma,47,Female,B+,9900005285
22304,Pooja Singh,28,Female,O-,9598978627
22305,Arjun Verma,26,Male,AB+,9169170344
22306,Karan Gupta,26,Female,A-,9980993457
22307,Arjun Verma,23,Female,A+,9406009751
22308,Neha Sharma,18,Male,AB-,9214811392
22309,Kavya Kapoor,58,Female,B+,9110442017
22310,Sneha Singh,31,Female,O-,9637617989
22311,Arjun Gupta,50,Female,B+,9682569898
22312,Riya Singh,60,Male,A+,9887763426
22313,Neha Mehta,19,Female,A+,9137403682
22314,Pooja Singh,28,Male,O+,9801760990
22315,Aditya Verma,49,Female,B+,9133170918
22316,Aman Singh,41,Female,AB-,9924884271
22317,Sneha Singh,33,Female,B-,9584292208
22318,Karan Reddy,41,Male,A+,9572784637
22319,Karan Sharma,44,Male,B-,9744704945
22320,Rohan Patel,45,Male,AB-,9236341296
22321,Sahil Verma,32,Male,AB-,9332266592
22322,Sneha Kapoor,46,Male,AB+,9796936762
22323,Sahil Singh,49,Male,O+,9917562173
22324,Sneha Kapoor,26,Male,A+,9895685992
22325,Rohan Sharma,18,Female,A-,9684689377
22326,Pooja Patel,22,Female,O-,9308030339
22327,Aditya Sharma,45,Female,B-,9295987290
22328,Anjali Reddy,25,Male,AB-,9300084583
22329,Sahil Sharma,43,Male,A+,9422329956
22330,Kavya Singh,44,Female,B-,9382100653
22331,Sneha Kapoor,30,Male,O-,9609312105
22332,Priya Mehta,59,Female,O+,9808298703
22333,Vikram Reddy,48,Male,AB+,9663953332
22334,Kavya Mehta,36,Male,A-,9399995746
22335,Sahil Patel,32,Male,O+,9803891782
22336,Riya Kapoor,20,Female,B-,9136299839
22337,Aditya Patel,56,Male,B+,9863749914
22338,Sneha Mehta,36,Male,O+,9905400877
22339,Rohan Verma,51,Female,A+,9779452729
22340,Sahil Gupta,51,Female,A+,9941549391
22341,Sahil Sharma,36,Male,B-,9171863832
22342,Divya Kapoor,32,Male,O-,9743424691
22343,Neha Reddy,43,Female,O+,9677051542
22344,Divya Mehta,20,Male,O+,9971403838
22345,Aman Patel,60,Female,O-,9166215272
22346,Riya Singh,55,Male,O+,9949953497
22347,Neha Reddy,37,Female,B-,9554358076
22348,Pooja Sharma,34,Female,AB-,9647697805
22349,Priya Patel,37,Male,A-,9647611909
22350,Priya Sharma,33,Male,B-,9604884473
22351,Pooja Kapoor,32,Female,A+,9180557867
22352,Arjun Reddy,30,Male,O+,9924327172
22353,Vikram Patel,37,Male,O+,9909486556
22354,Anjali Gupta,56,Female,AB-,9236900010
22355,Aman Patel,34,Female,A+,9202292343
22356,Anjali Singh,49,Male,A+,9388364290
22357,Karan Reddy,48,Male,AB+,9806148342
22358,Aditya Gupta,33,Female,O+,9836450397
22359,Vikram Patel,52,Female,O-,9831693950
22360,Aman Mehta,55,Male,AB-,9246953757
22361,Riya Sharma,31,Male,A+,9105225773
22362,Rohan Gupta,35,Female,B+,9259217486
22363,Rohan Verma,37,Male,AB-,9380020620
22364,Priya Mehta,38,Female,A-,9616088307
22365,Pooja Mehta,56,Male,A-,9822147678
22366,Vikram Kapoor,58,Male,AB+,9232457104
22367,Pooja Patel,35,Male,A-,9178015603
22368,Rahul Verma,54,Female,B-,9654386908
22369,Rahul Verma,37,Male,B-,9605002573
22370,Rohan Kapoor,26,Male,B-,9361661285
22371,Priya Reddy,26,Female,O-,9274394344
22372,Sneha Gupta,41,Male,O+,9892614785
22373,Sneha Reddy,34,Female,O+,9451297517
22374,Karan Kapoor,53,Male,B+,9648021939
22375,Karan Verma,18,Male,O+,9540058037
22376,Sneha Kapoor,59,Female,B+,9653675370
22377,Kavya Kapoor,48,Female,B-,9856918653
22378,Kavya Sharma,56,Male,A-,9743406325
22379,Karan Gupta,28,Male,A+,9493937761
22380,Rahul Gupta,45,Male,A-,9807931847
22381,Aditya Patel,26,Female,O-,9510702673
22382,Divya Reddy,19,Male,AB+,9343905056
22383,Rahul Sharma,27,Male,B-,9265322865
22384,Sneha Gupta,38,Male,B-,9640428585
22385,Divya Mehta,18,Female,B-,9448174247
22386,Aditya Singh,60,Female,O-,9530022369
22387,Karan Gupta,48,Male,O+,9711767574
22388,Riya Sharma,31,Male,AB+,9287353066
22389,Riya Sharma,48,Male,AB-,9754652437
22390,Neha Gupta,25,Female,B-,9722832295
22391,Arjun Gupta,28,Female,A+,9735679520
22392,Anjali Reddy,34,Male,A-,9936162100
22393,Rahul Patel,32,Female,A+,9672543157
22394,Sneha Mehta,18,Female,A+,9250528002
22395,Priya Verma,41,Male,AB-,9630542040
22396,Karan Singh,39,Female,AB+,9931279649
22397,Sneha Sharma,55,Male,O-,9823182636
22398,Sahil Reddy,43,Female,O+,9489376186
22399,Aman Mehta,23,Male,O+,9813646847
22400,Sneha Patel,28,Female,A+,9440793591
22401,Karan Kapoor,58,Female,O-,9577078409
22402,Pooja Reddy,41,Female,A+,9947244964
22403,Sneha Kapoor,45,Female,A+,9214509928
22404,Sahil Verma,44,Male,AB-,9109706341
22405,Anjali Verma,47,Female,O+,9172062031
22406,Priya Kapoor,21,Male,AB+,9596527933
22407,Sneha Reddy,39,Female,A+,9535428554
22408,Aman Verma,41,Male,B-,9828282625
22409,Arjun Gupta,42,Female,B-,9696331490
22410,Sneha Verma,18,Male,AB-,9330082790
22411,Divya Verma,24,Male,O+,9997829052
22412,Divya Patel,45,Female,AB-,9934490576
22413,Aditya Reddy,60,Female,AB-,9358739716
22414,Rahul Patel,27,Male,O-,9267630460
22415,Anjali Reddy,21,Female,B+,9940543548
22416,Priya Mehta,28,Female,A+,9396662496
22417,Karan Sharma,45,Male,A-,9958040894
22418,Rohan Kapoor,45,Male,A-,9254357699
22419,Divya Patel,51,Male,B-,9194794103
22420,Riya Patel,33,Female,A+,9766824623
22421,Kavya Singh,41,Male,AB+,9843989910
22422,Pooja Gupta,27,Female,A+,9712293756
22423,Riya Patel,60,Male,B+,9299174411
22424,Kavya Kapoor,23,Male,O-,9895255438
22425,Sneha Mehta,42,Female,B+,9985942554
22426,Karan Gupta,57,Male,A-,9856955551
22427,Rahul Patel,23,Male,B-,9543500092
22428,Karan Patel,40,Male,AB+,9450209008
22429,Anjali Patel,23,Male,B+,9671733779
22430,Riya Kapoor,46,Female,B-,9446460591
22431,Pooja Reddy,43,Male,O+,9313535478
22432,Pooja Patel,56,Male,O-,9765134657
22433,Priya Gupta,21,Female,O-,9251465131
22434,Kavya Sharma,49,Male,A-,9171455242
22435,Riya Singh,28,Female,B-,9350081175
22436,Neha Reddy,36,Male,A-,9751412734
22437,Neha Reddy,53,Female,O-,9160221334
22438,Neha Singh,29,Female,AB-,9562612409
22439,Aman Verma,28,Female,AB+,9117174710
22440,Sahil Verma,38,Female,O-,9800657074
22441,Aman Mehta,52,Female,O-,9496079512
22442,Karan Gupta,42,Female,O-,9839544983
22443,Pooja Verma,24,Female,B-,9582891566
22444,Rohan Verma,41,Male,B-,9626587001
22445,Arjun Mehta,21,Female,B+,9361069789
22446,Aditya Patel,57,Female,AB+,9747868777
22447,Rahul Sharma,56,Male,A+,9197578269
22448,Vikram Verma,46,Female,A+,9246053751
22449,Divya Singh,25,Male,B+,9920850965
22450,Vikram Gupta,60,Male,A+,9226825276
22451,Rohan Reddy,38,Female,O-,9342643839
22452,Riya Mehta,21,Male,AB+,9654346104
22453,Neha Reddy,21,Male,AB+,9581993071
22454,Pooja Verma,33,Female,O-,9302042005
22455,Arjun Sharma,55,Female,A-,9341461630
22456,Priya Reddy,37,Female,B-,9582508827
22457,Priya Singh,36,Male,AB-,9366504973
22458,Neha Verma,40,Female,O+,9768444032
22459,Arjun Kapoor,44,Female,A-,9299357660
22460,Karan Reddy,45,Male,AB-,9785061808
22461,Vikram Kapoor,42,Female,AB-,9976896702
22462,Riya Mehta,51,Female,B+,9428147140
22463,Riya Singh,20,Female,B-,9237651465
22464,Kavya Mehta,51,Male,AB-,9230325614
22465,Rohan Kapoor,34,Male,O+,9317542084
22466,Neha Mehta,19,Male,B-,9556417405
22467,Rahul Mehta,21,Female,B-,9457426061
22468,Aditya Kapoor,45,Female,O-,9857387177
22469,Anjali Reddy,36,Female,AB-,9690236630
22470,Pooja Reddy,44,Male,A-,9266433278
22471,Kavya Gupta,31,Male,AB-,9435943692
22472,Pooja Gupta,18,Female,B+,9527178643
22473,Priya Kapoor,36,Female,B-,9644930291
22474,Kavya Verma,48,Female,A+,9258494227
22475,Kavya Kapoor,41,Male,O+,9390899287
22476,Aman Kapoor,23,Female,A-,9179297533
22477,Aman Mehta,60,Female,A-,9414928249
22478,Sahil Kapoor,28,Male,AB+,9509472263
22479,Karan Patel,26,Male,B-,9112185394
22480,Arjun Mehta,60,Female,B+,9535747079
22481,Anjali Reddy,38,Female,O+,9193842585
22482,Neha Verma,39,Female,B+,9204481258
22483,Rohan Reddy,39,Female,AB+,9724599282
22484,Vikram Mehta,42,Male,B-,9628428170
22485,Arjun Verma,35,Male,A+,9671393810
22486,Divya Patel,49,Male,AB-,9298986083
22487,Sahil Patel,36,Male,A-,9876663649
22488,Rohan Patel,55,Male,B-,9555896162
22489,Divya Gupta,36,Female,B-,9477978876
22490,Arjun Sharma,59,Female,A-,9239603141
22491,Karan Patel,19,Female,A-,9362828546
22492,Neha Kapoor,34,Male,B+,9234231823
22493,Priya Patel,19,Male,A-,9740519390
22494,Riya Gupta,54,Female,AB+,9545945536
22495,Neha Singh,28,Male,B-,9543546771
22496,Aman Verma,54,Male,A+,9774287000
22497,Pooja Verma,37,Male,O-,9946165494
22498,Kavya Patel,20,Male,B-,9302414683
22499,Kavya Patel,22,Male,O+,9607379632
22500,Sneha Mehta,19,Male,B+,9961857209
22501,Sneha Gupta,31,Male,A+,9570125445
22502,Arjun Kapoor,54,Female,O-,9896953831
22503,Aditya Gupta,53,Female,AB-,9456386600
22504,Arjun Singh,40,Male,B-,9795001267
22505,Aditya Reddy,26,Male,AB+,9713114360
22506,Rahul Singh,21,Male,B+,9681815026
22507,Riya Verma,28,Female,B+,9207199790
22508,Riya Mehta,41,Male,A-,9550834466
22509,Anjali Sharma,20,Female,O+,9615185335
22510,Pooja Sharma,60,Female,B+,9409837914
22511,Pooja Kapoor,24,Male,AB+,9587366163
22512,Divya Mehta,24,Male,A-,9283646915
22513,Sneha Sharma,21,Male,B+,9110807829
22514,Kavya Gupta,58,Female,A+,9584239665
22515,Kavya Patel,26,Male,O-,9536081799
22516,Divya Verma,49,Female,O-,9643038086
22517,Pooja Reddy,41,Male,O-,9612107852
22518,Neha Mehta,28,Male,AB-,9253916602
22519,Sneha Kapoor,39,Male,B-,9327014403
22520,Priya Sharma,40,Female,A-,9874927912
22521,Sahil Gupta,25,Male,O-,9362919121
22522,Karan Kapoor,35,Female,A+,9323502730
22523,Sahil Singh,54,Male,A+,9525011866
22524,Divya Mehta,46,Male,A+,9928145619
22525,Kavya Patel,56,Male,AB-,9413980522
22526,Karan Verma,48,Female,O+,9663523817
22527,Pooja Sharma,58,Female,B+,9565309412
22528,Rohan Sharma,20,Female,AB-,9280048794
22529,Divya Sharma,31,Male,A+,9729666421
22530,Riya Mehta,22,Female,B+,9449414454
22531,Aditya Singh,53,Male,O+,9836915385
22532,Rohan Reddy,60,Female,AB-,9991565455
22533,Anjali Gupta,60,Male,B-,9394529595
22534,Kavya Kapoor,48,Female,B-,9527885394
22535,Neha Reddy,27,Male,AB-,9234313785
22536,Divya Verma,22,Male,A+,9775124379
22537,Aman Sharma,38,Female,B+,9793797294
22538,Pooja Verma,52,Female,O-,9827184951
22539,Pooja Patel,34,Male,A-,9749567364
22540,Kavya Reddy,23,Male,AB+,9421188571
22541,Karan Mehta,25,Male,AB+,9940306739
22542,Kavya Singh,19,Male,A+,9828800358
22543,Anjali Singh,28,Female,A+,9489730342
22544,Sneha Patel,35,Female,O+,9404935710
22545,Anjali Sharma,33,Female,B+,9283051793
22546,Divya Gupta,18,Female,AB-,9438119543
22547,Kavya Verma,46,Female,O+,9673011235
22548,Aditya Reddy,49,Male,B-,9755947538
22549,Rohan Verma,25,Female,B+,9417480943
22550,Vikram Verma,28,Male,O-,9445781885
22551,Rahul Mehta,56,Male,B-,9992775957
22552,Aman Mehta,32,Female,B+,9743526283
22553,Pooja Gupta,51,Male,B-,9349030820
22554,Aditya Reddy,34,Female,B+,9815341081
22555,Divya Patel,25,Female,A-,9511718130
22556,Neha Reddy,25,Male,B-,9390404890
22557,Divya Gupta,35,Male,O-,9309220081
22558,Priya Verma,20,Female,O-,9530182538
22559,Divya Reddy,20,Female,B-,9948388540
22560,Divya Patel,33,Male,AB-,9245026156
22561,Divya Verma,22,Female,A-,9527807683
22562,Divya Sharma,25,Male,O-,9446826175
22563,Rohan Sharma,18,Female,AB+,9367228585
22564,Neha Verma,31,Male,B-,9551774208
22565,Sneha Verma,40,Female,A-,9291755354
22566,Kavya Mehta,51,Female,AB-,9717803898
22567,Kavya Sharma,37,Female,B+,9516067295
22568,Priya Reddy,39,Male,AB-,9687303700
22569,Priya Verma,41,Male,B-,9360774288
22570,Aman Verma,59,Female,A+,9754974311
22571,Priya Verma,43,Male,AB-,9861075891
22572,Priya Sharma,19,Male,O-,9406131266
22573,Riya Mehta,37,Female,B-,9248338518
22574,Kavya Mehta,18,Male,O+,9930045817
22575,Divya Reddy,40,Male,O+,9736353968
22576,Aman Patel,51,Female,O+,9393881426
22577,Vikram Gupta,31,Female,O-,9893136384
22578,Arjun Patel,57,Female,A+,9745216337
22579,Sahil Sharma,22,Female,B+,9902482226
22580,Aman Reddy,31,Female,B+,9863508735
22581,Karan Reddy,31,Female,A-,9708118929
22582,Rahul Singh,42,Female,A+,9673982452
22583,Karan Patel,58,Female,B+,9638649563
22584,Rohan Patel,46,Male,A+,9814607450
22585,Anjali Patel,49,Female,B+,9923886528
22586,Vikram Patel,28,Female,O-,9583870671
22587,Anjali Patel,41,Male,A-,9990236557
22588,Riya Mehta,57,Female,AB-,9158405717
22589,Priya Kapoor,37,Female,AB-,9687389538
22590,Sneha Verma,40,Male,A-,9942114594
22591,Aditya Mehta,54,Female,A+,9283141575
22592,Divya Gupta,45,Female,O+,9514120699
22593,Rahul Singh,32,Male,AB-,9121573591
22594,Kavya Mehta,39,Female,O+,9189676737
22595,Divya Sharma,44,Male,AB-,9450230693
22596,Sahil Mehta,51,Male,A+,9114847126
22597,Rohan Mehta,50,Male,A-,9631760012
22598,Sahil Singh,45,Male,AB+,9109100173
22599,Aman Mehta,48,Female,A+,9841507418
22600,Anjali Gupta,36,Male,AB+,9630452156
22601,Vikram Patel,47,Male,B-,9587035903
22602,Rohan Verma,21,Female,B+,9579624962
22603,Riya Sharma,35,Female,A+,9154205305
22604,Karan Mehta,34,Female,O-,9623359590
22605,Divya Verma,31,Male,A+,9467476039
22606,Priya Kapoor,21,Female,A+,9154999895
22607,Sahil Verma,46,Male,B+,9106695086
22608,Sneha Reddy,51,Female,O-,9473014017
22609,Rahul Reddy,56,Male,B-,9800273808
22610,Sneha Patel,59,Female,O+,9378348952
22611,Sneha Mehta,47,Male,B-,9129512365
22612,Riya Patel,45,Female,AB-,9861329212
22613,Kavya Reddy,21,Male,A-,9558060561
22614,Anjali Mehta,59,Female,B+,9833498074
22615,Aditya Kapoor,35,Female,O-,9280074550
22616,Karan Singh,43,Female,A+,9953926916
22617,Pooja Mehta,38,Female,AB+,9304696795
22618,Vikram Sharma,39,Female,O+,9616263966
22619,Priya Kapoor,52,Female,A+,9568637548
22620,Anjali Mehta,58,Female,O+,9951256529
22621,Rohan Gupta,19,Male,A-,9886859923
22622,Arjun Patel,31,Female,O+,9158899707
22623,Karan Patel,31,Male,O-,9985681047
22624,Pooja Singh,38,Male,O-,9924910689
22625,Sneha Singh,56,Male,O+,9807633097
22626,Riya Reddy,30,Male,O-,9193995002
22627,Pooja Mehta,54,Male,A-,9985524835
22628,Aman Gupta,56,Male,AB+,9625686828
22629,Riya Kapoor,18,Female,A+,9136094306
22630,Kavya Kapoor,54,Male,O-,9742654531
22631,Anjali Singh,46,Male,A+,9698206647
22632,Kavya Gupta,22,Female,B+,9526909553
22633,Aman Gupta,18,Female,A+,9781394133
22634,Divya Singh,41,Female,AB+,9443204921
22635,Pooja Kapoor,48,Female,O+,9520324844
22636,Aditya Patel,33,Male,B+,9126385856
22637,Rohan Reddy,45,Female,AB-,9398454896
22638,Aditya Kapoor,33,Male,B-,9588719915
22639,Rohan Gupta,23,Male,O+,9227982894
22640,Sneha Kapoor,21,Female,O-,9439694660
22641,Sneha Singh,23,Female,B-,9693841023
22642,Rohan Reddy,19,Male,AB+,9940728981
22643,Sahil Sharma,24,Male,AB-,9336827993
22644,Pooja Mehta,29,Female,O-,9446840289
22645,Neha Sharma,19,Male,O+,9364696384
22646,Priya Singh,54,Male,O-,9621064195
22647,Riya Verma,18,Male,B+,9564544935
22648,Rahul Gupta,56,Female,O+,9732411809
22649,Rohan Gupta,42,Female,O+,9845044120
22650,Arjun Kapoor,46,Male,A+,9697733999
22651,Aditya Gupta,60,Male,AB+,9405281902
22652,Neha Mehta,39,Female,O-,9173774975
22653,Sahil Gupta,38,Male,B+,9965286544
22654,Aman Sharma,53,Female,B-,9721801521
22655,Neha Verma,44,Female,A-,9178005221
22656,Aman Verma,19,Male,B+,9294422039
22657,Divya Patel,40,Male,O+,9651352705
22658,Priya Verma,33,Male,AB-,9846414392
22659,Sneha Verma,25,Male,A-,9581841643
22660,Arjun Gupta,42,Male,O+,9323786800
22661,Aditya Sharma,29,Female,AB-,9675624391
22662,Aditya Mehta,52,Female,O-,9510548708
22663,Vikram Reddy,25,Female,AB+,9431065499
22664,Priya Sharma,25,Male,O-,9193541624
22665,Aman Patel,37,Female,A-,9989184037
22666,Rohan Verma,46,Female,A-,9885773523
22667,Kavya Kapoor,53,Female,B+,9762829626
22668,Anjali Patel,19,Female,O+,9936540764
22669,Sneha Sharma,55,Female,AB+,9981734571
22670,Vikram Verma,55,Male,B-,9555385279
22671,Rohan Mehta,18,Female,A-,9281354820
22672,Arjun Verma,20,Female,O+,9977500994
22673,Aman Reddy,21,Male,O+,9274795539
22674,Anjali Verma,59,Female,O-,9914023151
22675,Anjali Gupta,38,Male,B-,9551440938
22676,Karan Mehta,28,Male,O-,9364018898
22677,Sneha Kapoor,32,Female,O-,9303268944
22678,Pooja Singh,53,Female,A-,9103220595
22679,Sneha Verma,35,Female,O-,9709349456
22680,Riya Singh,52,Male,A+,9777110002
22681,Pooja Kapoor,20,Male,B+,9641339954
22682,Sahil Gupta,26,Male,AB+,9851133962
22683,Karan Patel,58,Male,AB-,9228794199
22684,Aditya Mehta,42,Male,A+,9254337312
22685,Vikram Singh,36,Male,AB+,9582506678
22686,Aman Reddy,28,Female,B+,9763270614
22687,Divya Verma,36,Male,AB+,9191488824
22688,Priya Kapoor,44,Male,A-,9218433428
22689,Sahil Reddy,20,Male,O-,9749374932
22690,Sahil Gupta,22,Female,B-,9562657663
22691,Pooja Gupta,41,Male,O-,9164302800
22692,Aman Gupta,39,Female,A-,9101923371
22693,Vikram Mehta,40,Male,AB+,9554147315
22694,Sneha Kapoor,50,Male,A+,9890654543
22695,Sahil Sharma,53,Female,AB-,9340918908
22696,Rohan Sharma,50,Male,AB-,9768401703
22697,Aditya Reddy,38,Male,O-,9725491088
22698,Neha Mehta,43,Female,A-,9342265851
22699,Pooja Mehta,56,Female,B+,9551708341
22700,Arjun Singh,33,Female,B-,9763602270
22701,Anjali Mehta,37,Female,B-,9230685594
22702,Kavya Mehta,20,Male,A-,9251864628
22703,Riya Singh,31,Male,O-,9514625872
22704,Priya Patel,54,Male,AB+,9288160779
22705,Aditya Verma,55,Male,AB-,9215338422
22706,Divya Mehta,59,Male,A-,9443899728
22707,Divya Mehta,48,Male,A+,9511985927
22708,Anjali Sharma,48,Male,O+,9252696521
22709,Aman Mehta,28,Female,O-,9831762201
22710,Anjali Mehta,22,Male,AB+,9146781822
22711,Aman Verma,36,Female,O-,9184328110
22712,Pooja Gupta,32,Female,B+,9451721055
22713,Riya Sharma,22,Female,B+,9720735003
22714,Sahil Reddy,52,Male,B-,9929428254
22715,Neha Singh,58,Female,B-,9780742963
22716,Aman Sharma,19,Male,O-,9761508420
22717,Rohan Sharma,24,Female,O+,9663245502
22718,Karan Mehta,32,Female,AB+,9652584614
22719,Kavya Patel,33,Male,A+,9442050765
22720,Vikram Patel,50,Female,B+,9557829277
22721,Aditya Verma,33,Male,AB-,9549293377
22722,Pooja Reddy,39,Female,O-,9205783329
22723,Sneha Reddy,40,Male,AB-,9278868539
22724,Vikram Singh,18,Female,A-,9440521357
22725,Aman Reddy,59,Female,O+,9958734120
22726,Priya Verma,51,Female,O-,9556135242
22727,Riya Kapoor,24,Male,AB-,9125307708
22728,Sahil Singh,34,Male,B+,9291408580
22729,Sahil Singh,39,Male,B+,9795156170
22730,Riya Patel,41,Female,A+,9944289978
22731,Rohan Gupta,34,Female,B-,9847980816
22732,Arjun Kapoor,37,Female,AB+,9977839512
22733,Rahul Reddy,24,Male,B+,9159281709
22734,Rohan Verma,22,Female,O+,9282324283
22735,Karan Singh,21,Male,O-,9676256057
22736,Priya Reddy,38,Male,AB-,9628407022
22737,Kavya Patel,21,Female,B+,9138838492
22738,Rahul Gupta,43,Male,O-,9819270014
22739,Kavya Patel,42,Female,AB+,9958574542
22740,Anjali Mehta,41,Male,B-,9222535087
22741,Neha Verma,50,Female,A-,9863715116
22742,Aditya Kapoor,31,Female,A+,9942210356
22743,Sahil Patel,25,Male,AB-,9429775301
22744,Rahul Singh,32,Male,B-,9843246251
22745,Aman Gupta,51,Female,AB+,9927633493
22746,Kavya Sharma,57,Male,B+,9680515369
22747,Rohan Reddy,50,Female,O-,9459748070
22748,Aman Singh,53,Male,A-,9336247632
22749,Kavya Gupta,31,Female,O-,9200197686
22750,Arjun Gupta,24,Male,A+,9474145353
22751,Vikram Patel,47,Female,B+,9742869049
22752,Aman Singh,45,Male,O+,9865723098
22753,Anjali Kapoor,39,Male,O-,9542743869
22754,Kavya Gupta,25,Male,B-,9717783706
22755,Aditya Kapoor,28,Female,O+,9126786079
22756,Priya Singh,46,Female,AB-,9721724207
22757,Rohan Patel,49,Male,O+,9778391214
22758,Aditya Reddy,20,Female,O-,9134266211
22759,Kavya Gupta,46,Male,O-,9607171193
22760,Anjali Mehta,35,Female,B+,9399854332
22761,Aman Sharma,42,Female,AB+,9204817517
22762,Sneha Reddy,36,Male,AB+,9236019476
22763,Neha Gupta,36,Female,B-,9258730961
22764,Rohan Singh,52,Female,A-,9956663846
22765,Sahil Sharma,40,Male,B+,9481896872
22766,Aman Verma,24,Male,O+,9981943798
22767,Aman Reddy,21,Male,O+,9472208918
22768,Karan Gupta,18,Male,O-,9806274943
22769,Pooja Singh,22,Female,AB-,9843224620
22770,Divya Singh,39,Male,B+,9171935001
22771,Vikram Singh,19,Male,B-,9893678846
22772,Sahil Singh,50,Female,AB-,9195906516
22773,Neha Gupta,32,Female,AB-,9970936763
22774,Priya Kapoor,48,Female,A-,9579138696
22775,Riya Reddy,29,Male,AB-,9551449536
22776,Aman Kapoor,28,Female,A+,9233572267
22777,Rohan Verma,20,Male,O+,9871298797
22778,Anjali Verma,56,Female,A-,9668658194
22779,Neha Kapoor,51,Male,B+,9586297744
22780,Rohan Kapoor,32,Male,B-,9934851354
22781,Rahul Reddy,18,Male,AB-,9299216231
22782,Priya Gupta,48,Female,O-,9271478759
22783,Sneha Patel,57,Male,A-,9111612280
22784,Vikram Mehta,48,Male,O+,9970016350
22785,Pooja Kapoor,24,Female,A+,9874967903
22786,Karan Patel,33,Male,O-,9649350288
22787,Vikram Kapoor,24,Male,B+,9853028816
22788,Sahil Kapoor,57,Male,O-,9679481064
22789,Aman Mehta,28,Female,O+,9576827164
22790,Anjali Mehta,48,Female,AB+,9945045476
22791,Aman Mehta,55,Male,A+,9499208771
22792,Vikram Sharma,42,Male,A-,9110772954
22793,Riya Gupta,59,Male,AB-,9432530846
22794,Sahil Kapoor,45,Male,O+,9797218720
22795,Aman Reddy,56,Male,B-,9999262544
22796,Aditya Kapoor,22,Female,A+,9654260189
22797,Pooja Sharma,33,Female,AB-,9756615500
22798,Riya Mehta,44,Female,AB+,9413004096
22799,Arjun Kapoor,35,Male,AB-,9739936600
22800,Aditya Reddy,54,Male,B+,9165819705
22801,Vikram Kapoor,30,Female,O+,9930407001
22802,Rohan Singh,46,Male,A+,9520917569
22803,Arjun Reddy,18,Male,A-,9179161023
22804,Sneha Patel,38,Female,A+,9778155728
22805,Aditya Gupta,40,Female,B-,9989967585
22806,Aman Patel,30,Female,O+,9786651650
22807,Karan Singh,40,Female,O+,9182338807
22808,Rohan Reddy,56,Male,B+,9854522587
22809,Rahul Reddy,45,Female,AB-,9703393394
22810,Pooja Mehta,43,Male,A-,9571954958
22811,Pooja Verma,57,Female,B+,9621582390
22812,Rahul Mehta,58,Female,O+,9561737184
22813,Kavya Verma,28,Female,O+,9381945204
22814,Sahil Mehta,60,Male,A-,9863073443
22815,Aditya Reddy,48,Female,O+,9109284262
22816,Aditya Verma,37,Male,B-,9482149308
22817,Kavya Singh,59,Male,O-,9262164315
22818,Arjun Reddy,56,Female,A+,9773122139
22819,Kavya Singh,34,Female,O+,9693771613
22820,Aditya Kapoor,51,Male,A-,9145958075
22821,Aditya Reddy,31,Male,A-,9398190190
22822,Sahil Sharma,42,Female,A+,9753401916
22823,Karan Gupta,54,Female,A+,9978152908
22824,Priya Verma,36,Female,B+,9583071182
22825,Karan Kapoor,41,Female,O-,9548115285
22826,Neha Kapoor,32,Male,O+,9970136305
22827,Aman Gupta,24,Male,B-,9547919066
22828,Kavya Verma,42,Male,B+,9726627596
22829,Karan Mehta,40,Male,B-,9911927183
22830,Anjali Mehta,25,Female,B-,9179046655
22831,Neha Patel,41,Male,AB+,9453888295
22832,Priya Sharma,39,Male,O+,9651640515
22833,Anjali Patel,36,Female,A-,9743622249
22834,Sneha Mehta,23,Male,A-,9128719534
22835,Rahul Sharma,50,Female,B+,9866214042
22836,Priya Sharma,26,Female,B-,9337383790
22837,Sneha Patel,42,Female,O+,9126518740
22838,Divya Gupta,24,Female,AB-,9927134365
22839,Pooja Kapoor,40,Male,O+,9732027004
22840,Rahul Singh,32,Female,AB-,9501484193
22841,Rohan Mehta,24,Male,O+,9140778563
22842,Neha Sharma,47,Male,O+,9837548775
22843,Arjun Kapoor,18,Male,AB+,9304040862
22844,Pooja Gupta,28,Female,B+,9193362798
22845,Divya Kapoor,33,Male,AB-,9364827829
22846,Vikram Reddy,41,Female,AB-,9446855587
22847,Aman Mehta,51,Female,O-,9392319179
22848,Neha Patel,21,Male,A-,9213299154
22849,Karan Mehta,37,Female,B-,9979536678
22850,Sahil Mehta,35,Female,O+,9389615548
22851,Kavya Mehta,49,Female,O+,9439199510
22852,Aditya Singh,34,Male,AB-,9883626527
22853,Riya Reddy,57,Female,A-,9423673648
22854,Aman Sharma,32,Female,O-,9827311027
22855,Sneha Singh,38,Female,B+,9319898035
22856,Pooja Patel,45,Male,AB+,9420509895
22857,Kavya Kapoor,50,Male,AB+,9607743236
22858,Sneha Reddy,28,Female,AB+,9762527723
22859,Pooja Kapoor,27,Male,A+,9662878175
22860,Divya Reddy,27,Female,O-,9968648816
22861,Rohan Singh,27,Male,A-,9666821223
22862,Sahil Singh,26,Male,A-,9255904071
22863,Rohan Singh,56,Male,A-,9786098955
22864,Arjun Kapoor,52,Male,AB-,9347153187
22865,Karan Gupta,44,Female,A-,9811400045
22866,Neha Verma,57,Female,O-,9451983048
22867,Kavya Reddy,50,Female,A-,9321254772
22868,Aman Verma,32,Female,A+,9412433641
22869,Sneha Verma,54,Female,O-,9210032920
22870,Sahil Sharma,19,Female,AB+,9260025372
22871,Sneha Singh,19,Male,B+,9368781892
22872,Priya Mehta,40,Male,O+,9147217002
22873,Aman Patel,38,Female,A-,9279751978
22874,Kavya Sharma,41,Female,A-,9451683968
22875,Arjun Gupta,58,Male,B-,9291165748
22876,Rohan Mehta,43,Female,A+,9438605753
22877,Rahul Gupta,44,Female,AB+,9848259477
22878,Neha Mehta,60,Female,B-,9822343017
22879,Arjun Patel,44,Male,O+,9700304949
22880,Arjun Patel,44,Female,A+,9655857718
22881,Vikram Singh,31,Male,AB-,9130559672
22882,Pooja Patel,31,Female,A+,9949198972
22883,Divya Patel,38,Female,B+,9630178959
22884,Sahil Reddy,18,Male,AB-,9274015774
22885,Aman Verma,38,Male,O-,9355678766
22886,Vikram Gupta,59,Female,AB+,9464650840
22887,Priya Gupta,41,Male,O+,9443994001
22888,Priya Singh,55,Male,B-,9331772863
22889,Vikram Patel,52,Female,O-,9997592413
22890,Divya Gupta,57,Female,A+,9391651151
22891,Pooja Gupta,18,Male,AB-,9926684796
22892,Anjali Mehta,52,Female,O-,9387263962
22893,Arjun Reddy,19,Female,B-,9301557293
22894,Priya Verma,52,Male,AB-,9794143655
22895,Arjun Patel,50,Female,AB+,9622934824
22896,Anjali Kapoor,20,Male,O+,9850111531
22897,Kavya Patel,50,Female,A-,9163855334
22898,Vikram Reddy,35,Female,A+,9961218024
22899,Sahil Mehta,19,Male,B-,9927469949
22900,Karan Reddy,40,Male,AB+,9454444118
22901,Karan Verma,33,Female,A-,9428440698
22902,Pooja Singh,43,Female,A+,9260747758
22903,Aditya Patel,53,Male,B+,9931011459
22904,Sahil Gupta,54,Male,O+,9541511903
22905,Rahul Kapoor,22,Female,AB-,9248367409
22906,Neha Gupta,28,Female,O-,9946907111
22907,Aditya Kapoor,31,Female,B+,9257305381
22908,Neha Singh,38,Male,B+,9672572114
22909,Divya Gupta,41,Female,B+,9178197232
22910,Vikram Reddy,29,Male,A+,9631346428
22911,Vikram Kapoor,24,Female,AB+,9729056892
22912,Riya Sharma,56,Male,A+,9113414246
22913,Anjali Singh,57,Male,O-,9975751010
22914,Rohan Sharma,20,Male,O-,9397247017
22915,Karan Sharma,54,Male,AB+,9416202192
22916,Neha Kapoor,45,Male,B+,9357538623
22917,Pooja Mehta,50,Male,A-,9609677843
22918,Priya Verma,31,Male,A-,9460218988
22919,Aditya Verma,52,Female,A-,9160108746
22920,Sahil Kapoor,36,Male,AB-,9198417859
22921,Riya Verma,29,Female,O-,9356979433
22922,Anjali Reddy,47,Female,O+,9846596331
22923,Neha Kapoor,46,Female,B-,9409103872
22924,Priya Patel,42,Male,O+,9373372183
22925,Pooja Verma,49,Male,A-,9494702874
22926,Arjun Singh,39,Male,A+,9697426303
22927,Kavya Mehta,56,Male,A-,9153370113
22928,Vikram Verma,26,Male,B-,9791458577
22929,Kavya Mehta,19,Female,O-,9631301498
22930,Anjali Verma,19,Female,O+,9482459926
22931,Riya Reddy,20,Male,B-,9834331432
22932,Divya Reddy,40,Female,O+,9245618744
22933,Sneha Patel,29,Female,AB+,9673323261
22934,Neha Mehta,55,Male,AB+,9837883295
22935,Priya Gupta,37,Female,A+,9252575898
22936,Karan Kapoor,56,Female,AB+,9198578447
22937,Karan Sharma,18,Female,O-,9645387918
22938,Kavya Reddy,46,Female,A-,9930988411
22939,Pooja Reddy,22,Female,AB-,9179308714
22940,Riya Kapoor,22,Male,AB-,9818999142
22941,Arjun Mehta,33,Male,AB+,9511656213
22942,Priya Sharma,36,Male,A+,9387471943
22943,Vikram Gupta,53,Male,B+,9158627003
22944,Rahul Reddy,58,Female,AB-,9442495728
22945,Priya Kapoor,37,Female,AB-,9310095841
22946,Sahil Mehta,40,Male,O+,9538141591
22947,Arjun Mehta,43,Male,AB-,9204571764
22948,Divya Mehta,60,Female,O-,9581301623
22949,Riya Singh,43,Female,AB+,9119591046
22950,Arjun Gupta,53,Male,AB+,9279171235
22951,Priya Gupta,45,Female,A-,9221435399
22952,Priya Reddy,47,Male,AB-,9158885416
22953,Pooja Mehta,55,Female,B-,9483774196
22954,Aman Verma,34,Female,A+,9117536918
22955,Priya Kapoor,42,Male,O-,9229585955
22956,Karan Sharma,51,Male,O-,9397820288
22957,Aman Gupta,21,Female,B+,9167523808
22958,Aman Singh,45,Female,A+,9754306810
22959,Rahul Mehta,47,Female,O+,9112032612
22960,Aditya Sharma,56,Male,O-,9272308752
22961,Aditya Reddy,24,Female,B+,9428471239
22962,Anjali Verma,55,Male,AB-,9573605254
22963,Rohan Sharma,42,Male,A-,9319135762
22964,Sneha Kapoor,47,Male,AB+,9220124105
22965,Karan Singh,46,Female,B+,9214018332
22966,Aditya Sharma,21,Female,B-,9647697924
22967,Aditya Gupta,40,Female,A-,9879860186
22968,Priya Reddy,34,Female,AB+,9237154776
22969,Neha Reddy,48,Female,O-,9550339230
22970,Riya Reddy,27,Female,B-,9297051212
22971,Sahil Patel,31,Male,A+,9924749435
22972,Anjali Reddy,49,Male,AB+,9577661005
22973,Divya Gupta,24,Male,O+,9297861034
22974,Vikram Reddy,45,Male,O-,9797382197
22975,Aman Sharma,43,Female,O+,9607312441
22976,Pooja Gupta,40,Male,A+,9575821166
22977,Aman Kapoor,40,Female,O+,9687812290
22978,Priya Reddy,34,Male,A-,9137508596
22979,Vikram Kapoor,43,Male,O+,9698431347
22980,Riya Singh,56,Female,O+,9196991152
22981,Arjun Reddy,36,Male,AB-,9552915452
22982,Vikram Gupta,23,Male,A+,9853741907
22983,Divya Singh,25,Male,AB+,9962124193
22984,Arjun Sharma,43,Female,AB+,9459207831
22985,Vikram Reddy,35,Male,AB+,9488299975
22986,Kavya Singh,56,Male,O-,9476908852
22987,Anjali Sharma,27,Female,A-,9122166758
22988,Priya Patel,33,Female,B+,9418255734
22989,Pooja Singh,59,Female,B-,9944195389
22990,Aditya Verma,18,Female,B+,9701532681
22991,Neha Reddy,37,Female,AB-,9227257392
22992,Kavya Patel,56,Female,A-,9600370762
22993,Rahul Singh,23,Female,AB-,9456309217
22994,Rohan Reddy,30,Female,AB-,9969759942
22995,Arjun Singh,53,Female,B-,9976844592
22996,Karan Patel,55,Male,AB+,9831516228
22997,Sneha Gupta,48,Male,O+,9541381446
22998,Karan Gupta,55,Female,AB-,9188181513
22999,Riya Kapoor,52,Male,AB+,9127055736
23000,Aditya Sharma,46,Male,O+,9709832138
23001,Divya Singh,35,Male,AB+,9201771062
23002,Sneha Kapoor,25,Female,A-,9780952101
23003,Divya Singh,56,Male,O+,9278637281
23004,Arjun Sharma,44,Female,O+,9448810179
23005,Divya Sharma,31,Male,AB+,9536779196
23006,Rohan Verma,53,Male,AB-,9245878100
23007,Sahil Reddy,51,Male,A+,9261756259
23008,Rahul Patel,18,Male,A+,9964154110
23009,Aman Mehta,52,Male,A+,9346256836
23010,Kavya Gupta,56,Female,A+,9828905400
23011,Priya Singh,23,Female,A-,9281656265
23012,Kavya Singh,41,Male,AB-,9355631810
23013,Pooja Patel,49,Male,B-,9696450206
23014,Pooja Mehta,39,Male,AB-,9643700530
23015,Anjali Singh,37,Male,O-,9954990769
23016,Riya Gupta,35,Male,AB+,9912407723
23017,Rohan Mehta,40,Male,A+,9306697151
23018,Arjun Patel,33,Male,AB-,9157659498
23019,Sahil Singh,45,Female,O+,9778840124
23020,Karan Singh,42,Male,A-,9597149651
23021,Vikram Singh,22,Female,O+,9792321825
23022,Neha Verma,25,Male,A+,9170372685
23023,Sneha Singh,45,Male,B-,9295105678
23024,Anjali Sharma,43,Male,O-,9896091823
23025,Karan Reddy,26,Male,AB-,9546525318
23026,Pooja Reddy,40,Male,B-,9872577483
23027,Sneha Patel,22,Male,O-,9550290798
23028,Rahul Verma,26,Male,AB-,9473277550
23029,Anjali Patel,20,Female,A-,9220784273
23030,Neha Reddy,32,Male,O-,9571764337
23031,Priya Verma,38,Female,O-,9973769556
23032,Vikram Singh,48,Male,A-,9118355726
23033,Pooja Singh,21,Female,A-,9466530588
23034,Arjun Verma,46,Male,O-,9870530039
23035,Aditya Verma,50,Male,O+,9426839595
23036,Neha Mehta,53,Male,A-,9629511813
23037,Arjun Sharma,29,Female,AB+,9381526811
23038,Riya Singh,20,Female,A+,9634581501
23039,Karan Singh,58,Female,B-,9397423687
23040,Riya Mehta,22,Female,B+,9324103601
23041,Aditya Singh,46,Male,B-,9284411240
23042,Aditya Verma,34,Female,O-,9664928116
23043,Aditya Reddy,25,Male,B-,9599665399
23044,Arjun Verma,59,Female,O+,9893424354
23045,Sneha Kapoor,53,Male,O-,9690090363
23046,Neha Patel,34,Female,A-,9290686088
23047,Aman Reddy,50,Female,O-,9478195140
23048,Rohan Kapoor,34,Male,B+,9966911796
23049,Aman Patel,35,Female,O+,9484421039
23050,Pooja Singh,39,Male,O+,9637729393
23051,Anjali Sharma,27,Male,O+,9357289195
23052,Rahul Sharma,43,Female,O-,9509994306
23053,Vikram Singh,34,Male,A-,9424944443
23054,Aditya Patel,45,Female,A+,9750077384
23055,Sahil Mehta,58,Female,AB-,9687759167
23056,Neha Mehta,51,Female,O-,9617631236
23057,Anjali Reddy,33,Male,O+,9411128011
23058,Rohan Verma,47,Male,AB+,9760915987
23059,Sahil Verma,51,Female,AB+,9817321425
23060,Priya Mehta,36,Female,A-,9190360013
23061,Neha Singh,59,Male,O-,9454888998
23062,Rohan Gupta,51,Female,A+,9896787475
23063,Arjun Patel,38,Female,O-,9942105277
23064,Divya Kapoor,29,Female,B+,9441854182
23065,Kavya Mehta,48,Male,A+,9397234637
23066,Divya Singh,27,Male,O-,9782443985
23067,Aditya Gupta,50,Female,AB-,9711572318
23068,Rohan Gupta,28,Female,O+,9832812738
23069,Rohan Singh,38,Male,A-,9993570772
23070,Rohan Mehta,59,Female,A-,9325564764
23071,Rohan Patel,51,Male,AB+,9354070181
23072,Riya Verma,21,Female,B-,9601413285
23073,Arjun Reddy,32,Female,B-,9680866317
23074,Vikram Mehta,53,Male,O+,9212230116
23075,Riya Reddy,58,Female,O-,9486592381
23076,Aditya Kapoor,25,Male,B-,9309454530
23077,Rohan Kapoor,49,Female,AB+,9706912455
23078,Pooja Sharma,42,Female,B+,9914530068
23079,Aman Sharma,23,Female,O-,9544760025
23080,Neha Kapoor,31,Female,B+,9992732410
23081,Divya Kapoor,41,Female,O+,9975841548
23082,Anjali Mehta,40,Female,A+,9978971043
23083,Divya Reddy,48,Male,A+,9820380496
23084,Kavya Patel,20,Male,AB-,9762284887
23085,Vikram Reddy,39,Male,B+,9120560876
23086,Sneha Patel,22,Male,O+,9727050633
23087,Priya Reddy,23,Female,AB-,9431611336
23088,Aman Singh,53,Female,O+,9538389879
23089,Aditya Patel,49,Male,A+,9278996130
23090,Anjali Patel,41,Female,O-,9775494426
23091,Priya Verma,42,Male,AB+,9316565206
23092,Kavya Patel,20,Female,A+,9243486780
23093,Pooja Gupta,45,Male,B-,9555514229
23094,Sahil Reddy,56,Female,AB-,9845501419
23095,Kavya Mehta,37,Male,O+,9141045613
23096,Pooja Sharma,45,Male,O-,9236947243
23097,Arjun Gupta,24,Male,B+,9444118658
23098,Divya Kapoor,42,Male,B+,9341576891
23099,Sneha Singh,42,Male,O+,9538904700
23100,Karan Mehta,28,Male,O+,9126026024
23101,Kavya Gupta,32,Male,AB+,9935257166
23102,Pooja Verma,41,Female,O-,9866286500
23103,Rahul Mehta,51,Female,AB-,9369969061
23104,Aditya Verma,25,Female,O+,9755210680
23105,Kavya Kapoor,48,Male,B-,9139921062
23106,Pooja Mehta,24,Male,AB+,9252797572
23107,Rahul Patel,26,Male,O-,9780525177
23108,Rahul Verma,50,Female,B-,9470478377
23109,Sneha Kapoor,57,Female,AB+,9231640112
23110,Divya Verma,48,Female,B+,9570795702
23111,Kavya Singh,59,Male,B+,9216639499
23112,Neha Reddy,42,Female,O+,9876741551
23113,Neha Kapoor,40,Male,AB-,9388303849
23114,Rohan Kapoor,21,Male,O+,9655445957
23115,Rohan Reddy,33,Male,O-,9426165784
23116,Karan Singh,35,Female,B-,9982426854
23117,Anjali Reddy,31,Female,A+,9266796553
23118,Karan Mehta,42,Female,B-,9569842405
23119,Divya Mehta,22,Male,AB+,9913652076
23120,Rohan Mehta,38,Female,A-,9939680989
23121,Neha Singh,53,Female,AB+,9208698671
23122,Karan Gupta,59,Male,O+,9166146605
23123,Riya Singh,21,Male,B+,9586995758
23124,Divya Sharma,38,Female,O-,9654419340
23125,Rahul Kapoor,50,Female,AB+,9327537791
23126,Karan Mehta,47,Male,O+,9639844690
23127,Priya Gupta,37,Male,AB+,9535311343
23128,Aman Kapoor,23,Male,A-,9461199337
23129,Priya Singh,39,Male,A-,9755186232
23130,Aman Gupta,49,Female,B+,9932366720
23131,Sneha Gupta,47,Male,A-,9758430285
23132,Riya Gupta,38,Female,A+,9831625777
23133,Arjun Gupta,60,Female,B-,9555995684
23134,Divya Kapoor,20,Female,O+,9835511539
23135,Anjali Kapoor,37,Male,O+,9804103422
23136,Sahil Patel,42,Male,AB-,9235684151
23137,Rahul Singh,36,Female,A-,9279653842
23138,Arjun Mehta,42,Female,A-,9813938089
23139,Pooja Patel,56,Female,AB+,9407402884
23140,Anjali Kapoor,40,Female,B-,9509536168
23141,Aditya Patel,38,Female,A+,9878483877
23142,Arjun Verma,39,Female,AB-,9540174067
23143,Divya Singh,60,Male,A+,9678701848
23144,Rohan Patel,50,Female,O-,9205322554
23145,Neha Sharma,50,Male,B+,9337799754
23146,Neha Gupta,20,Female,O+,9779717975
23147,Aman Singh,37,Female,B-,9902733986
23148,Neha Sharma,31,Male,B-,9582830853
23149,Sahil Verma,47,Female,B-,9482204398
23150,Sneha Mehta,46,Female,AB+,9470436652
23151,Arjun Kapoor,52,Male,AB+,9437434242
23152,Kavya Patel,54,Male,A-,9982905244
23153,Aman Mehta,48,Female,B+,9336568933
23154,Arjun Sharma,23,Male,A+,9349157753
23155,Priya Patel,51,Female,B+,9430085036
23156,Divya Singh,52,Female,O-,9353190934
23157,Sneha Kapoor,35,Female,O+,9170818519
23158,Rohan Sharma,49,Female,O-,9899324304
23159,Anjali Patel,48,Male,O-,9499182601
23160,Arjun Sharma,60,Male,A+,9496954678
23161,Pooja Verma,59,Male,A+,9409691745
23162,Priya Kapoor,54,Female,O+,9784862840
23163,Priya Mehta,48,Male,AB+,9112854207
23164,Rahul Verma,26,Female,AB+,9341133892
23165,Sahil Mehta,41,Male,O-,9470930779
23166,Priya Reddy,46,Female,B-,9937923916
23167,Anjali Patel,36,Female,AB+,9956962128
23168,Neha Reddy,38,Male,A+,9872305646
23169,Rahul Mehta,38,Female,O-,9919381668
23170,Vikram Reddy,34,Female,B+,9416311761
23171,Sneha Singh,41,Male,A+,9397112962
23172,Riya Patel,21,Male,A-,9300204500
23173,Aditya Mehta,47,Female,B-,9930761059
23174,Sneha Sharma,21,Male,B+,9676843000
23175,Neha Mehta,36,Male,B+,9718104328
23176,Aditya Mehta,30,Female,O+,9190332580
23177,Karan Kapoor,27,Female,O-,9995870222
23178,Sahil Patel,51,Male,O-,9145934611
23179,Rahul Reddy,35,Male,O-,9575654120
23180,Rohan Patel,33,Female,O-,9176025543
23181,Sahil Patel,45,Male,AB-,9115735360
23182,Kavya Patel,58,Male,B+,9648654095
23183,Karan Sharma,48,Female,B-,9599132972
23184,Divya Verma,29,Male,O-,9527912404
23185,Aman Patel,40,Female,AB+,9240412474
23186,Priya Verma,25,Female,O+,9147929623
23187,Priya Gupta,31,Female,AB-,9619200088
23188,Sneha Singh,19,Male,A+,9147818327
23189,Sneha Reddy,34,Male,B-,9191801257
23190,Priya Patel,60,Female,A-,9662338515
23191,Arjun Gupta,56,Male,A-,9677362705
23192,Aman Verma,20,Female,AB-,9522350307
23193,Sahil Singh,22,Female,B-,9502049101
23194,Arjun Singh,38,Female,B+,9743601593
23195,Rahul Patel,59,Male,O+,9189914065
23196,Neha Kapoor,44,Male,AB+,9345044153
23197,Aman Kapoor,47,Male,AB-,9415890884
23198,Aman Patel,18,Female,B+,9105830144
23199,Pooja Verma,20,Female,AB+,9283989150
23200,Divya Patel,38,Female,A-,9819722047
23201,Kavya Mehta,43,Male,AB+,9676112232
23202,Arjun Mehta,51,Female,O+,9705044437
23203,Vikram Verma,30,Female,B+,9115232727
23204,Rohan Kapoor,51,Female,B-,9136158101
23205,Sahil Sharma,48,Male,B+,9695180133
23206,Divya Verma,48,Female,AB-,9317384433
23207,Anjali Kapoor,57,Female,B-,9126381838
23208,Neha Singh,24,Male,O+,9782451546
23209,Priya Sharma,18,Male,A-,9621544311
23210,Sneha Mehta,21,Male,AB-,9753246910
23211,Aditya Reddy,47,Male,A+,9518534575
23212,Rahul Gupta,29,Female,O+,9599093008
23213,Sahil Verma,47,Male,B-,9422495495
23214,Rahul Sharma,29,Male,B-,9933082299
23215,Pooja Singh,38,Male,B+,9275835010
23216,Rohan Gupta,52,Male,O-,9555308323
23217,Aman Patel,37,Female,O-,9129448820
23218,Aman Mehta,50,Male,AB-,9906604249
23219,Karan Sharma,50,Female,B+,9572862210
23220,Pooja Patel,25,Female,B+,9258592610
23221,Rohan Reddy,49,Female,O+,9880975454
23222,Aman Kapoor,25,Male,A+,9724515184
23223,Kavya Reddy,44,Female,A+,9585364877
23224,Kavya Mehta,60,Female,A+,9289229725
23225,Anjali Verma,57,Male,A+,9476678855
23226,Sneha Kapoor,29,Female,AB+,9799843003
23227,Pooja Mehta,24,Female,O-,9252946640
23228,Rohan Sharma,52,Female,O+,9875720849
23229,Kavya Patel,44,Male,A+,9501895714
23230,Sahil Kapoor,38,Female,O+,9715004861
23231,Vikram Sharma,43,Male,AB+,9485689020
23232,Priya Reddy,38,Male,A-,9395791823
23233,Anjali Patel,40,Male,O-,9527131262
23234,Arjun Singh,23,Female,A-,9845852541
23235,Priya Patel,50,Male,O+,9960732698
23236,Kavya Verma,29,Female,O+,9431087150
23237,Rohan Kapoor,23,Female,AB-,9342982015
23238,Vikram Patel,25,Male,A+,9813927726
23239,Divya Patel,45,Female,AB-,9531158989
23240,Rahul Sharma,50,Female,A-,9132553399
23241,Arjun Singh,56,Male,A+,9288759500
23242,Aditya Gupta,32,Female,A-,9602408615
23243,Karan Reddy,25,Female,A-,9880459645
23244,Vikram Mehta,23,Male,AB-,9108413460
23245,Aditya Verma,47,Female,A-,9715002884
23246,Aditya Sharma,47,Male,B+,9153073163
23247,Rohan Singh,28,Male,AB-,9731792553
23248,Pooja Reddy,26,Female,A+,9884834477
23249,Pooja Sharma,50,Male,AB-,9518282684
23250,Aman Reddy,26,Male,O-,9939677847
23251,Kavya Verma,52,Male,A+,9283676976
23252,Kavya Mehta,31,Female,O-,9261421561
23253,Riya Patel,20,Female,O+,9690232633
23254,Riya Sharma,24,Female,A-,9113894757
23255,Karan Kapoor,21,Female,B-,9864957452
23256,Kavya Verma,42,Female,O-,9688470358
23257,Vikram Sharma,29,Male,A+,9949811085
23258,Pooja Gupta,45,Female,A-,9249042050
23259,Sahil Kapoor,40,Female,AB+,9361533957
23260,Sahil Verma,56,Female,A+,9562860195
23261,Neha Sharma,60,Female,AB-,9928797672
23262,Vikram Verma,49,Male,O+,9467762058
23263,Sahil Kapoor,26,Female,AB+,9567305462
23264,Riya Patel,29,Male,A+,9384849874
23265,Sahil Sharma,41,Male,O+,9812535936
23266,Neha Singh,56,Male,A-,9256729052
23267,Divya Kapoor,33,Male,A-,9792185311
23268,Aditya Patel,38,Female,AB-,9541181104
23269,Priya Mehta,40,Female,A+,9347037266
23270,Aditya Kapoor,24,Female,A+,9137706696
23271,Kavya Kapoor,34,Female,O-,9998723551
23272,Sahil Singh,50,Female,A-,9465198242
23273,Sahil Mehta,56,Female,B-,9205156039
23274,Sahil Reddy,45,Male,B-,9772889348
23275,Divya Singh,26,Female,A+,9393201219
23276,Riya Patel,53,Female,B+,9828908346
23277,Kavya Reddy,52,Male,B-,9410144326
23278,Rohan Reddy,39,Female,B+,9754926886
23279,Karan Sharma,43,Female,O-,9864151335
23280,Riya Singh,22,Female,B+,9774123011
23281,Divya Patel,46,Female,A+,9317281253
23282,Rohan Kapoor,43,Male,AB-,9885803344
23283,Kavya Sharma,46,Female,B+,9837012340
23284,Rohan Kapoor,30,Male,AB-,9331914823
23285,Divya Patel,25,Male,B-,9138432404
23286,Vikram Mehta,56,Male,AB-,9466266132
23287,Pooja Singh,21,Male,B+,9187391296
23288,Riya Mehta,44,Female,B-,9483509658
23289,Priya Reddy,50,Female,B-,9716533948
23290,Priya Kapoor,49,Female,B+,9913168706
23291,Aditya Singh,28,Male,B+,9175149150
23292,Kavya Patel,44,Female,B+,9733290546
23293,Pooja Verma,49,Female,B+,9277664438
23294,Karan Sharma,27,Female,AB-,9566634520
23295,Karan Singh,47,Male,B-,9540308317
23296,Anjali Patel,56,Male,AB-,9681195895
23297,Divya Gupta,34,Male,O-,9618714768
23298,Rohan Verma,59,Male,O+,9825028055
23299,Anjali Sharma,35,Female,B-,9431578521
23300,Kavya Mehta,21,Male,O-,9193619251
23301,Sneha Singh,39,Female,A-,9258179562
23302,Priya Gupta,55,Female,O+,9431960200
23303,Priya Sharma,41,Male,O-,9922325163
23304,Priya Singh,20,Male,B+,9902884525
23305,Arjun Singh,37,Male,B-,9687824562
23306,Anjali Reddy,28,Male,O-,9270363215
23307,Rohan Verma,53,Female,B-,9976946054
23308,Neha Verma,28,Male,AB+,9682459803
23309,Sneha Mehta,19,Male,A-,9706473885
23310,Sneha Mehta,53,Male,AB-,9757972799
23311,Sahil Sharma,60,Male,AB-,9732086257
23312,Neha Mehta,48,Female,AB+,9363145058
23313,Divya Patel,25,Male,O+,9217515535
23314,Aditya Kapoor,33,Male,O-,9892768449
23315,Vikram Sharma,44,Female,A+,9719708880
23316,Aditya Mehta,36,Male,B+,9856237739
23317,Anjali Kapoor,18,Male,AB+,9562511502
23318,Priya Reddy,42,Male,AB+,9963037283
23319,Divya Mehta,38,Female,B+,9101982772
23320,Aman Verma,30,Male,AB-,9235566634
23321,Pooja Gupta,21,Female,O+,9404503802
23322,Riya Singh,42,Male,A+,9813627376
23323,Aman Mehta,39,Female,AB+,9532145629
23324,Aman Gupta,59,Female,AB-,9438282464
23325,Rohan Mehta,56,Male,O-,9647420368
23326,Vikram Sharma,51,Female,AB+,9752784903
23327,Arjun Sharma,19,Male,O+,9847186091
23328,Aditya Verma,31,Male,O+,9223860867
23329,Sahil Verma,38,Male,B-,9829105022
23330,Riya Patel,34,Male,O+,9248226754
23331,Pooja Gupta,21,Male,B-,9922063131
23332,Rohan Sharma,33,Male,B-,9899497659
23333,Vikram Gupta,29,Female,AB-,9401187288
23334,Sahil Verma,58,Male,AB-,9856642677
23335,Kavya Mehta,31,Male,AB-,9212786336
23336,Kavya Sharma,53,Female,AB-,9384438899
23337,Pooja Mehta,30,Male,AB+,9284467176
23338,Vikram Verma,38,Female,O+,9763409791
23339,Aditya Reddy,40,Male,A-,9263462837
23340,Sneha Verma,30,Male,AB-,9734273692
23341,Aditya Kapoor,24,Female,A+,9166921613
23342,Priya Gupta,34,Male,AB-,9501091225
23343,Aditya Singh,38,Male,AB-,9687521988
23344,Anjali Reddy,23,Male,AB-,9940875163
23345,Kavya Singh,58,Female,A+,9433626831
23346,Aman Sharma,21,Male,O-,9486895149
23347,Anjali Verma,43,Male,AB-,9109670262
23348,Divya Mehta,25,Female,A+,9108136159
23349,Neha Mehta,29,Male,B+,9489287106
23350,Riya Singh,50,Male,A+,9544243596
23351,Kavya Singh,22,Female,O+,9504620714
23352,Anjali Reddy,23,Female,A+,9801615730
23353,Anjali Kapoor,58,Female,A-,9317325414
23354,Pooja Gupta,51,Female,O-,9642971976
23355,Sneha Mehta,46,Female,AB+,9625291564
23356,Anjali Kapoor,55,Male,O+,9759606651
23357,Riya Verma,24,Female,O-,9730947029
23358,Priya Verma,53,Male,B+,9537515819
23359,Riya Reddy,31,Male,B+,9534409442
23360,Rohan Mehta,55,Male,B+,9361248255
23361,Sahil Reddy,60,Female,AB-,9212642417
23362,Rohan Kapoor,32,Female,AB-,9234241359
23363,Karan Kapoor,19,Male,A-,9354117059
23364,Sahil Verma,56,Male,O+,9967571489
23365,Arjun Reddy,33,Male,O-,9977811450
23366,Rahul Kapoor,49,Female,AB-,9140319851
23367,Anjali Kapoor,53,Male,O-,9692199768
23368,Anjali Mehta,23,Female,A-,9426089942
23369,Rahul Patel,34,Male,B+,9775169486
23370,Riya Verma,45,Male,O+,9514145340
23371,Riya Singh,39,Male,B+,9447076486
23372,Vikram Gupta,25,Female,B-,9171935306
23373,Priya Kapoor,23,Male,AB-,9966629585
23374,Neha Verma,34,Female,AB+,9946382824
23375,Divya Mehta,32,Female,B-,9700874186
23376,Pooja Patel,18,Female,O-,9171356510
23377,Sahil Reddy,39,Male,AB+,9781316866
23378,Kavya Gupta,49,Female,AB-,9733493949
23379,Neha Gupta,29,Male,AB+,9857729151
23380,Arjun Kapoor,24,Female,A-,9907154987
23381,Neha Patel,26,Male,O+,9968433509
23382,Riya Verma,53,Male,B-,9677323803
23383,Kavya Singh,31,Male,O+,9876690971
23384,Rahul Verma,52,Male,B-,9976003591
23385,Aditya Gupta,20,Male,A-,9379855453
23386,Rahul Kapoor,20,Male,A+,9512247565
23387,Rahul Patel,43,Male,B-,9269998550
23388,Kavya Reddy,56,Male,AB+,9683851448
23389,Arjun Verma,31,Male,B-,9618509019
23390,Riya Reddy,48,Female,B+,9108260752
23391,Sneha Reddy,39,Male,B-,9690600464
23392,Divya Singh,53,Male,A-,9869630690
23393,Sahil Mehta,18,Female,AB-,9333602736
23394,Aditya Mehta,53,Female,A+,9889972635
23395,Rohan Mehta,25,Female,A-,9342839873
23396,Aman Kapoor,47,Male,AB-,9745935327
23397,Priya Singh,42,Female,B-,9473699072
23398,Aman Mehta,59,Female,A-,9139877617
23399,Aditya Mehta,32,Male,AB-,9909459409
23400,Divya Gupta,50,Male,AB+,9555038344
23401,Karan Reddy,59,Female,AB+,9783188686
23402,Arjun Mehta,48,Female,A-,9898905058
23403,Aditya Mehta,47,Female,A-,9470050617
23404,Priya Verma,22,Male,A-,9526525458
23405,Anjali Sharma,44,Male,AB+,9977608644
23406,Rahul Verma,29,Female,B-,9111132823
23407,Karan Gupta,58,Male,O-,9839045998
23408,Neha Reddy,19,Male,B+,9881581056
23409,Neha Patel,58,Male,AB-,9651391393
23410,Neha Reddy,58,Male,AB+,9828773952
23411,Divya Mehta,42,Female,O+,9607796323
23412,Kavya Gupta,56,Male,B+,9315193898
23413,Sneha Kapoor,57,Male,AB-,9224416021
23414,Rahul Kapoor,48,Male,AB+,9733588023
23415,Vikram Verma,30,Female,B-,9875214991
23416,Neha Singh,52,Male,A-,9636514996
23417,Divya Patel,57,Male,AB-,9672025300
23418,Kavya Sharma,58,Male,AB-,9431572368
23419,Divya Gupta,23,Male,O-,9364719725
23420,Riya Mehta,36,Female,AB+,9849556606
23421,Sahil Mehta,48,Male,O+,9928660692
23422,Anjali Sharma,60,Female,AB+,9330121417
23423,Riya Singh,18,Female,A+,9212162035
23424,Rahul Verma,59,Male,O+,9342964724
23425,Rahul Sharma,44,Female,A-,9894064686
23426,Anjali Gupta,49,Female,B-,9816480503
23427,Kavya Singh,35,Male,AB-,9168590504
23428,Sneha Verma,49,Male,A+,9788745133
23429,Sneha Singh,32,Female,A-,9540653831
23430,Neha Gupta,18,Female,O+,9908061774
23431,Sneha Reddy,45,Male,B+,9224076886
23432,Rohan Mehta,60,Male,AB+,9765656031
23433,Karan Mehta,35,Female,AB+,9192150910
23434,Sahil Kapoor,26,Male,B+,9378585482
23435,Kavya Patel,36,Female,AB-,9459036207
23436,Aman Reddy,53,Female,B-,9758625115
23437,Kavya Patel,33,Male,O-,9472534938
23438,Vikram Kapoor,53,Male,A-,9750374481
23439,Riya Mehta,44,Male,A-,9479735342
23440,Divya Reddy,19,Male,A-,9410087077
23441,Aman Patel,43,Male,AB-,9836117562
23442,Arjun Kapoor,56,Female,AB+,9454674482
23443,Sahil Reddy,51,Male,O-,9597542741
23444,Divya Kapoor,31,Male,A-,9207169661
23445,Arjun Reddy,23,Female,AB+,9864655169
23446,Priya Kapoor,31,Male,B-,9755939884
23447,Vikram Verma,30,Female,B+,9641063776
23448,Kavya Verma,40,Female,O+,9359384916
23449,Aman Verma,42,Male,O-,9775926439
23450,Priya Mehta,47,Male,B+,9752153699
23451,Arjun Reddy,34,Female,A+,9656561748
23452,Rahul Sharma,39,Male,AB+,9528721716
23453,Rohan Singh,34,Male,O+,9108997948
23454,Priya Mehta,53,Male,A-,9111606334
23455,Priya Sharma,22,Female,B-,9208559589
23456,Pooja Kapoor,34,Male,A+,9332015569
23457,Vikram Singh,54,Male,A-,9566902356
23458,Neha Mehta,49,Female,O-,9910802665
23459,Sahil Sharma,29,Female,B+,9651653828
23460,Anjali Kapoor,20,Male,B+,9416628417
23461,Kavya Patel,37,Male,B+,9505442153
23462,Karan Kapoor,54,Male,A-,9285902336
23463,Priya Reddy,31,Male,O-,9962978777
23464,Aditya Sharma,58,Female,A-,9970719008
23465,Aditya Singh,39,Female,A+,9439513364
23466,Sneha Mehta,46,Female,A-,9847656067
23467,Aman Singh,56,Male,B+,9752807469
23468,Divya Mehta,59,Female,B+,9705840795
23469,Aman Reddy,20,Male,AB-,9328607475
23470,Sneha Mehta,23,Female,O-,9930912325
23471,Riya Patel,52,Male,AB+,9826931224
23472,Arjun Sharma,33,Male,O-,9213189620
23473,Pooja Gupta,47,Male,B-,9208619107
23474,Sahil Reddy,40,Male,O+,9912911549
23475,Riya Mehta,26,Female,B-,9393446050
23476,Anjali Kapoor,26,Male,AB-,9577394052
23477,Anjali Singh,29,Female,B-,9917742044
23478,Pooja Verma,59,Female,O-,9690492082
23479,Rohan Patel,21,Female,AB+,9397800106
23480,Pooja Reddy,41,Female,AB-,9322769688
23481,Rahul Reddy,38,Male,O-,9944231614
23482,Aditya Mehta,53,Male,A-,9665553952
23483,Aman Verma,41,Male,A-,9372897167
23484,Rohan Mehta,25,Male,AB+,9871493083
23485,Rahul Gupta,51,Male,AB-,9623596754
23486,Neha Singh,48,Female,O-,9229884687
23487,Sahil Singh,53,Female,O+,9832486594
23488,Sneha Mehta,39,Female,B+,9298621180
23489,Anjali Mehta,20,Male,AB-,9492279141
23490,Vikram Reddy,45,Female,A+,9211083895
23491,Aditya Patel,54,Male,A-,9458684007
23492,Priya Gupta,53,Female,B+,9341184182
23493,Rohan Patel,40,Female,AB-,9561307899
23494,Arjun Reddy,19,Female,AB+,9948866017
23495,Vikram Singh,29,Male,A-,9289559456
23496,Anjali Kapoor,33,Female,B-,9566259670
23497,Riya Patel,20,Female,AB+,9890019283
23498,Priya Patel,50,Male,AB+,9908545812
23499,Priya Mehta,22,Male,O+,9553940659
23500,Neha Kapoor,21,Male,A-,9742439206
23501,Neha Kapoor,33,Male,A+,9450834132
23502,Vikram Mehta,42,Male,B-,9229787899
23503,Divya Sharma,51,Male,O+,9785019858
23504,Karan Kapoor,35,Female,AB-,9906444874
23505,Riya Reddy,28,Female,A+,9796989698
23506,Aman Patel,42,Female,O+,9382637804
23507,Karan Kapoor,49,Female,A+,9933043166
23508,Aditya Gupta,48,Male,AB+,9375440778
23509,Priya Gupta,57,Female,O-,9287960170
23510,Divya Mehta,27,Female,AB+,9693020848
23511,Aditya Sharma,27,Male,O+,9409213300
23512,Rohan Sharma,21,Female,A+,9973848899
23513,Pooja Gupta,47,Female,A+,9259960637
23514,Karan Kapoor,21,Male,AB-,9612445060
23515,Sahil Sharma,33,Female,AB+,9210462187
23516,Aditya Kapoor,42,Female,O-,9548043411
23517,Kavya Singh,27,Female,O-,9357360847
23518,Anjali Sharma,40,Male,AB-,9588493473
23519,Priya Mehta,20,Male,O-,9179296180
23520,Riya Kapoor,29,Female,AB+,9753661190
23521,Vikram Gupta,37,Male,B+,9432554388
23522,Karan Reddy,18,Female,B+,9507357216
23523,Neha Kapoor,46,Male,B-,9384138385
23524,Arjun Sharma,25,Male,O-,9240704990
23525,Rahul Kapoor,59,Female,A+,9201682296
23526,Riya Gupta,50,Male,A+,9963342175
23527,Aman Sharma,57,Male,O-,9945432736
23528,Pooja Verma,47,Male,AB-,9186735185
23529,Neha Sharma,43,Female,O-,9478709720
23530,Priya Gupta,52,Female,O+,9844986386
23531,Rahul Sharma,28,Male,B-,9943640252
23532,Aman Singh,49,Male,A-,9852235993
23533,Neha Mehta,27,Male,AB-,9689597968
23534,Aditya Singh,35,Female,O-,9950418625
23535,Neha Sharma,30,Female,A-,9991181654
23536,Kavya Gupta,37,Female,A+,9782823179
23537,Sneha Patel,39,Female,A+,9879574877
23538,Anjali Kapoor,57,Male,B+,9160184833
23539,Priya Sharma,58,Female,B+,9977186763
23540,Sahil Patel,34,Female,O+,9288447567
23541,Kavya Sharma,39,Male,AB+,9963541962
23542,Divya Mehta,44,Male,A+,9903971663
23543,Neha Sharma,51,Male,AB+,9724577212
23544,Rahul Gupta,53,Female,B+,9451640231
23545,Kavya Singh,42,Female,O-,9437713957
23546,Anjali Kapoor,26,Female,AB-,9382565362
23547,Aditya Gupta,47,Female,A+,9757736518
23548,Aditya Gupta,20,Female,A-,9382389971
23549,Kavya Singh,39,Male,A-,9880363381
23550,Neha Patel,49,Female,O-,9878075518
23551,Sneha Patel,41,Male,A+,9643906682
23552,Arjun Sharma,35,Male,AB-,9489461259
23553,Aditya Kapoor,44,Female,A-,9660366499
23554,Priya Verma,52,Female,A+,9830602152
23555,Kavya Verma,31,Female,B+,9118313125
23556,Pooja Reddy,60,Female,B+,9985920576
23557,Anjali Reddy,40,Female,O+,9269409344
23558,Anjali Gupta,38,Female,B-,9748992693
23559,Arjun Patel,36,Male,A-,9322101937
23560,Neha Singh,42,Female,B+,9523734124
23561,Riya Sharma,34,Male,B-,9879676367
23562,Sneha Gupta,33,Female,A+,9713468657
23563,Arjun Gupta,39,Male,AB-,9544466000
23564,Arjun Gupta,32,Female,A-,9106724428
23565,Divya Mehta,37,Male,O-,9880570752
23566,Riya Reddy,35,Female,A+,9272865071
23567,Aditya Sharma,26,Female,AB-,9522735502
23568,Vikram Singh,39,Male,O+,9880566079
23569,Neha Gupta,57,Female,A-,9447329388
23570,Arjun Verma,30,Female,AB-,9200157237
23571,Rahul Reddy,44,Male,O-,9628031573
23572,Riya Sharma,21,Male,B+,9466951033
23573,Vikram Singh,27,Female,O+,9381446045
23574,Kavya Patel,37,Male,AB+,9557051237
23575,Arjun Patel,36,Female,O+,9936220478
23576,Priya Sharma,22,Female,AB-,9683569614
23577,Sneha Mehta,38,Female,A+,9143433732
23578,Kavya Sharma,45,Female,O+,9850339746
23579,Divya Reddy,59,Male,AB-,9217044324
23580,Karan Kapoor,34,Male,O+,9845935500
23581,Arjun Kapoor,52,Male,A+,9652566299
23582,Anjali Verma,34,Male,O+,9655135838
23583,Divya Kapoor,46,Female,B-,9905985682
23584,Riya Reddy,28,Male,AB-,9327470589
23585,Sneha Reddy,27,Male,B-,9178302926
23586,Aman Sharma,46,Female,A+,9186084175
23587,Neha Verma,21,Male,B-,9371963791
23588,Vikram Gupta,51,Female,O+,9920708577
23589,Priya Singh,58,Male,B+,9373919582
23590,Arjun Singh,26,Male,O+,9703806486
23591,Riya Sharma,60,Male,AB-,9869182283
23592,Divya Mehta,41,Male,O-,9777872171
23593,Pooja Patel,56,Male,A+,9443068960
23594,Riya Singh,23,Female,A+,9961582039
23595,Sneha Gupta,42,Female,A-,9104270113
23596,Aman Patel,47,Male,B+,9258955677
23597,Kavya Kapoor,47,Male,O+,9622393229
23598,Pooja Kapoor,59,Female,O+,9447185054
23599,Sneha Singh,26,Female,A+,9533568163
23600,Riya Gupta,34,Female,O-,9367222053
23601,Rohan Gupta,36,Male,A-,9317214471
23602,Sahil Reddy,25,Female,A+,9214758219
23603,Neha Patel,43,Female,O+,9787554918
23604,Priya Patel,50,Male,A+,9939356111
23605,Sneha Gupta,60,Female,A+,9542647049
23606,Neha Sharma,31,Male,A+,9971771228
23607,Karan Reddy,34,Male,AB-,9956505107
23608,Karan Gupta,50,Male,AB+,9527746989
23609,Sahil Reddy,53,Female,B+,9788010665
23610,Vikram Reddy,49,Female,A-,9700008372
23611,Karan Mehta,29,Female,AB+,9325755938
23612,Arjun Reddy,18,Male,A+,9874673011
23613,Vikram Reddy,25,Male,A+,9761235324
23614,Rohan Mehta,40,Male,O-,9294917600
23615,Neha Mehta,32,Female,A+,9762291494
23616,Rohan Gupta,38,Male,AB-,9948707092
23617,Karan Singh,51,Female,O-,9899437491
23618,Neha Gupta,49,Female,B-,9674008835
23619,Vikram Gupta,40,Male,AB-,9166861224
23620,Kavya Sharma,38,Female,B+,9701754592
23621,Sneha Singh,29,Male,AB-,9436739875
23622,Vikram Reddy,33,Female,A-,9180093506
23623,Arjun Patel,56,Male,AB-,9867893272
23624,Arjun Verma,53,Female,A+,9931649132
23625,Divya Singh,60,Female,A+,9410814128
23626,Divya Gupta,55,Male,O+,9924494633
23627,Neha Patel,19,Female,B-,9146173914
23628,Pooja Reddy,39,Male,A+,9420546554
23629,Sahil Patel,26,Female,A-,9603218483
23630,Kavya Patel,21,Male,A-,9625682056
23631,Riya Mehta,60,Female,B+,9356326192
23632,Kavya Reddy,46,Male,O-,9557957505
23633,Sneha Gupta,59,Female,B+,9905496295
23634,Karan Kapoor,38,Male,AB+,9242730788
23635,Rohan Singh,58,Female,B-,9838457930
23636,Divya Verma,52,Male,AB-,9760468128
23637,Pooja Gupta,35,Female,B+,9746089447
23638,Neha Gupta,56,Female,O+,9486777249
23639,Arjun Sharma,22,Female,A-,9317479793
23640,Rohan Sharma,21,Female,A-,9688101010
23641,Anjali Patel,45,Female,O+,9689442348
23642,Priya Reddy,41,Male,A+,9563074289
23643,Anjali Mehta,47,Female,O-,9493177158
23644,Arjun Sharma,35,Male,B+,9473127492
23645,Vikram Patel,21,Male,B-,9907793171
23646,Karan Mehta,26,Male,O+,9283363835
23647,Karan Sharma,42,Female,AB-,9337611357
23648,Divya Gupta,42,Male,A+,9323895554
23649,Neha Verma,55,Male,A-,9518544059
23650,Sahil Patel,55,Female,AB-,9576181515
23651,Riya Gupta,54,Female,A-,9796313127
23652,Rahul Singh,40,Male,A+,9497991300
23653,Sahil Kapoor,26,Female,AB+,9879975228
23654,Vikram Kapoor,29,Female,AB+,9493070592
23655,Divya Verma,30,Male,A+,9875650389
23656,Pooja Mehta,49,Male,B+,9719742609
23657,Riya Singh,38,Male,A+,9943272508
23658,Riya Patel,25,Male,A-,9240591157
23659,Priya Patel,47,Female,B-,9264790342
23660,Karan Sharma,35,Female,A+,9796334491
23661,Aditya Reddy,46,Female,O-,9836401322
23662,Kavya Sharma,57,Female,A-,9342962123
23663,Sneha Patel,50,Male,B-,9270604461
23664,Riya Patel,54,Female,AB-,9514904524
23665,Pooja Reddy,20,Male,B-,9826810979
23666,Riya Mehta,33,Female,B+,9816106010
23667,Vikram Verma,53,Female,AB-,9916740870
23668,Sahil Kapoor,54,Female,AB-,9415229580
23669,Anjali Patel,40,Female,O+,9587211093
23670,Sahil Reddy,57,Female,AB+,9709228557
23671,Sahil Mehta,41,Female,O+,9813528418
23672,Divya Mehta,51,Male,AB-,9182174574
23673,Riya Verma,31,Male,AB+,9784491052
23674,Neha Mehta,33,Female,A+,9138164329
23675,Arjun Gupta,35,Female,B-,9411168642
23676,Sneha Reddy,36,Female,A+,9746571737
23677,Aditya Patel,43,Male,A+,9292394399
23678,Divya Sharma,30,Female,O+,9781982169
23679,Riya Verma,54,Female,A-,9158639880
23680,Aman Gupta,48,Male,B+,9861321864
23681,Anjali Verma,24,Male,O+,9873918886
23682,Neha Gupta,30,Female,B-,9766453190
23683,Neha Patel,38,Male,AB+,9346015243
23684,Aditya Kapoor,42,Female,A-,9655501324
23685,Sneha Verma,20,Male,A-,9954817669
23686,Arjun Gupta,51,Female,O-,9591938667
23687,Riya Singh,56,Female,A+,9512357818
23688,Arjun Reddy,59,Female,A-,9942624624
23689,Aman Mehta,36,Female,B-,9857668630
23690,Vikram Kapoor,29,Female,AB+,9609079362
23691,Sahil Sharma,49,Male,O-,9933175702
23692,Pooja Mehta,54,Female,AB+,9512203468
23693,Neha Kapoor,33,Female,B+,9640724771
23694,Divya Sharma,23,Male,A+,9450228895
23695,Anjali Gupta,48,Female,A-,9384658979
23696,Sneha Verma,23,Female,B+,9931276132
23697,Karan Gupta,21,Female,B+,9199778920
23698,Karan Kapoor,39,Female,A-,9624912573
23699,Aman Mehta,30,Female,B-,9879482062
23700,Rohan Singh,41,Male,B+,9217119669
23701,Rahul Gupta,19,Female,AB+,9318514176
23702,Anjali Sharma,60,Female,O-,9142849204
23703,Priya Gupta,21,Male,AB-,9238356017
23704,Aditya Sharma,59,Female,O-,9665965344
23705,Divya Reddy,38,Male,B-,9388334810
23706,Sahil Reddy,49,Male,AB+,9875291412
23707,Aditya Sharma,57,Male,O+,9896998183
23708,Vikram Sharma,60,Female,B-,9120593348
23709,Pooja Reddy,42,Female,O-,9414990739
23710,Divya Sharma,58,Male,B-,9439280046
23711,Divya Reddy,32,Female,B-,9298064774
23712,Aditya Gupta,46,Female,O+,9983243623
23713,Sneha Singh,20,Male,B-,9272311798
23714,Priya Gupta,37,Female,O-,9669966102
23715,Divya Sharma,21,Male,A+,9330058375
23716,Karan Gupta,38,Female,A-,9565831647
23717,Pooja Singh,38,Female,O-,9985949623
23718,Karan Patel,18,Male,B-,9501447935
23719,Neha Patel,31,Male,O+,9804810714
23720,Rahul Gupta,22,Female,A+,9958987241
23721,Priya Singh,37,Male,B-,9497053717
23722,Rahul Mehta,43,Male,A-,9731202545
23723,Aman Kapoor,42,Male,A-,9991484030
23724,Vikram Patel,27,Female,B-,9777590024
23725,Rahul Verma,43,Female,O-,9367483180
23726,Anjali Singh,41,Male,A+,9497817082
23727,Divya Mehta,27,Female,A+,9990007055
23728,Arjun Gupta,21,Female,O-,9302672447
23729,Kavya Kapoor,22,Female,O+,9123814526
23730,Neha Patel,37,Male,A-,9216798421
23731,Rahul Kapoor,20,Female,A+,9263995959
23732,Karan Singh,31,Female,O+,9117728704
23733,Karan Mehta,44,Male,AB-,9458929360
23734,Sneha Mehta,32,Male,B-,9333841735
23735,Aditya Reddy,25,Female,AB+,9319425971
23736,Aditya Mehta,22,Male,O-,9235359152
23737,Aman Sharma,24,Male,AB-,9368168678
23738,Rohan Patel,37,Male,A+,9282332609
23739,Rahul Gupta,29,Male,B-,9375100170
23740,Vikram Mehta,19,Female,A+,9873914866
23741,Riya Mehta,50,Female,AB+,9359076370
23742,Sahil Sharma,20,Male,B-,9987752282
23743,Kavya Kapoor,30,Male,A-,9123073020
23744,Priya Singh,41,Female,A-,9620560726
23745,Pooja Singh,36,Female,B-,9289504503
23746,Karan Kapoor,42,Male,AB+,9731597546
23747,Arjun Singh,28,Male,AB+,9761755630
23748,Neha Patel,48,Male,AB-,9667670689
23749,Sahil Mehta,48,Male,AB-,9284698049
23750,Pooja Singh,42,Female,B+,9390245652
23751,Aman Singh,25,Male,A+,9804172228
23752,Karan Verma,58,Female,O-,9100675008
23753,Anjali Sharma,32,Female,B+,9128173220
23754,Aman Patel,33,Male,B+,9499946817
23755,Rahul Singh,51,Male,A+,9645511022
23756,Divya Patel,33,Female,O+,9352970199
23757,Rahul Sharma,47,Male,O-,9343558997
23758,Pooja Singh,23,Male,A-,9273062220
23759,Rahul Singh,49,Male,AB-,9157365130
23760,Aditya Gupta,31,Male,A-,9310899770
23761,Rahul Sharma,46,Male,O-,9239421976
23762,Rohan Reddy,30,Female,B+,9364130277
23763,Sneha Patel,46,Female,A-,9284228813
23764,Riya Verma,46,Female,O+,9303856889
23765,Neha Reddy,39,Male,A-,9245450782
23766,Rohan Kapoor,26,Female,A-,9763463927
23767,Neha Gupta,57,Female,AB+,9708306802
23768,Aditya Sharma,52,Female,B+,9320045620
23769,Kavya Mehta,21,Female,O-,9641792190
23770,Priya Reddy,51,Male,A+,9709164125
23771,Riya Singh,42,Male,O-,9678038081
23772,Pooja Verma,45,Female,A+,9933068260
23773,Rahul Kapoor,56,Female,A-,9178400490
23774,Aman Patel,27,Female,A+,9347178214
23775,Rohan Kapoor,54,Male,AB+,9767998680
23776,Aman Gupta,31,Female,A+,9401661899
23777,Rahul Gupta,26,Female,O-,9842269897
23778,Priya Gupta,21,Female,A-,9147568908
23779,Vikram Singh,57,Female,A-,9780628932
23780,Karan Reddy,31,Male,AB+,9931046485
23781,Rohan Reddy,31,Female,A+,9731216185
23782,Sahil Mehta,29,Female,B+,9914309482
23783,Arjun Verma,59,Male,A+,9632199097
23784,Sahil Mehta,33,Female,AB+,9375347491
23785,Aman Patel,31,Male,AB-,9727950541
23786,Karan Verma,58,Female,AB-,9209343105
23787,Anjali Verma,23,Female,O-,9708442255
23788,Kavya Singh,58,Male,B-,9572942890
23789,Divya Reddy,38,Female,B+,9270584174
23790,Aman Mehta,28,Female,B-,9212673435
23791,Karan Kapoor,31,Female,B+,9718663987
23792,Kavya Kapoor,32,Female,AB+,9349797606
23793,Karan Reddy,45,Male,B-,9889864147
23794,Riya Patel,20,Female,AB-,9397219358
23795,Vikram Patel,35,Male,AB+,9334592496
23796,Aman Reddy,50,Male,B+,9135698507
23797,Neha Gupta,53,Female,AB+,9914162454
23798,Sahil Sharma,57,Female,O+,9865983473
23799,Kavya Kapoor,46,Male,O-,9776898381
23800,Arjun Kapoor,41,Male,B+,9502243848
23801,Rohan Kapoor,18,Male,A-,9964164322
23802,Sahil Gupta,18,Female,A+,9640598199
23803,Aditya Gupta,50,Male,AB+,9745852379
23804,Aman Kapoor,38,Male,AB+,9471472096
23805,Sahil Gupta,25,Female,A-,9910767905
23806,Aman Gupta,32,Female,AB+,9482895124
23807,Aditya Kapoor,59,Male,B+,9159675774
23808,Sneha Verma,33,Female,B-,9600680184
23809,Kavya Mehta,48,Male,O+,9493037857
23810,Kavya Reddy,26,Male,B-,9783831524
23811,Divya Reddy,45,Female,B-,9120418335
23812,Kavya Sharma,44,Male,A-,9820650034
23813,Aditya Sharma,29,Female,B-,9179597368
23814,Rohan Patel,41,Female,AB-,9433198242
23815,Anjali Verma,51,Male,O+,9466757438
23816,Divya Kapoor,56,Female,AB+,9524270750
23817,Aman Singh,23,Male,A-,9596915313
23818,Arjun Kapoor,58,Male,A-,9569155862
23819,Sneha Singh,32,Female,A-,9120528978
23820,Kavya Mehta,18,Female,A+,9370232141
23821,Divya Patel,22,Male,B-,9727394805
23822,Sneha Mehta,53,Male,B+,9375571821
23823,Neha Gupta,50,Female,A+,9312541594
23824,Priya Mehta,20,Male,AB-,9752469910
23825,Riya Mehta,18,Female,A+,9459887821
23826,Rohan Gupta,60,Female,AB-,9433982738
23827,Sahil Verma,22,Female,A+,9629045365
23828,Rohan Reddy,23,Female,AB+,9896111418
23829,Riya Patel,44,Female,B-,9782770974
23830,Priya Verma,18,Female,B-,9699759878
23831,Anjali Verma,28,Female,AB+,9474371800
23832,Sahil Kapoor,53,Female,AB+,9454420291
23833,Aditya Sharma,58,Male,AB+,9951092751
23834,Vikram Mehta,59,Female,AB+,9768304972
23835,Vikram Kapoor,59,Male,A-,9337182656
23836,Arjun Mehta,39,Female,O-,9792233991
23837,Arjun Reddy,51,Female,AB+,9375237258
23838,Aditya Singh,19,Female,AB+,9706597509
23839,Kavya Sharma,43,Female,B+,9837925238
23840,Sneha Mehta,44,Male,B+,9223084287
23841,Divya Gupta,59,Female,O-,9946963997
23842,Pooja Patel,20,Male,AB-,9412185511
23843,Rahul Singh,54,Male,A-,9964226948
23844,Sahil Mehta,26,Male,AB+,9299717986
23845,Anjali Reddy,59,Female,B+,9328596443
23846,Priya Verma,48,Male,O-,9462557076
23847,Neha Verma,34,Female,A-,9868727599
23848,Aman Sharma,60,Female,O-,9577677409
23849,Aditya Kapoor,58,Female,B+,9557509063
23850,Rahul Kapoor,43,Female,AB+,9553496301
23851,Aman Kapoor,45,Male,O-,9553510755
23852,Riya Reddy,30,Female,O+,9321861046
23853,Divya Verma,44,Female,B+,9556405910
23854,Sahil Singh,33,Female,A-,9469420643
23855,Rahul Patel,36,Female,A+,9306860316
23856,Karan Kapoor,60,Female,A-,9799585168
23857,Arjun Gupta,41,Male,O+,9490303826
23858,Priya Reddy,47,Female,A-,9549841276
23859,Vikram Kapoor,30,Female,AB+,9629431206
23860,Arjun Singh,40,Female,B+,9651731277
23861,Divya Patel,32,Female,B-,9689333481
23862,Anjali Sharma,48,Male,O-,9454938473
23863,Sahil Mehta,29,Male,O-,9250459071
23864,Vikram Mehta,43,Male,B-,9967181228
23865,Pooja Singh,51,Female,O-,9644299826
23866,Arjun Sharma,18,Male,B+,9456071089
23867,Vikram Patel,21,Female,B+,9504094043
23868,Anjali Sharma,43,Female,O-,9219031201
23869,Priya Singh,21,Male,A-,9876522276
23870,Karan Gupta,58,Male,O+,9856617028
23871,Rahul Patel,55,Male,AB-,9183924989
23872,Kavya Mehta,26,Female,B-,9695785474
23873,Kavya Patel,20,Female,B-,9582734269
23874,Rahul Patel,51,Female,B+,9654641021
23875,Riya Mehta,46,Female,A-,9337441761
23876,Riya Verma,26,Male,A+,9697319905
23877,Rahul Patel,55,Female,AB+,9119352326
23878,Vikram Singh,31,Female,A-,9338481543
23879,Pooja Sharma,23,Male,O-,9983905233
23880,Karan Sharma,23,Female,A-,9887372961
23881,Aman Singh,58,Female,O+,9805744934
23882,Arjun Patel,40,Female,O-,9210062338
23883,Aman Reddy,32,Female,B+,9547256159
23884,Sahil Sharma,40,Male,O+,9878347895
23885,Arjun Reddy,21,Female,A-,9256187415
23886,Riya Verma,28,Male,A-,9486912472
23887,Rahul Mehta,40,Female,O-,9761996101
23888,Arjun Sharma,25,Female,B+,9367417566
23889,Priya Reddy,18,Male,O-,9860421853
23890,Pooja Reddy,34,Female,A-,9803351770
23891,Aman Patel,34,Male,AB+,9227522193
23892,Riya Singh,25,Male,AB-,9705129342
23893,Arjun Verma,34,Female,A+,9359193909
23894,Priya Kapoor,27,Male,A-,9306645568
23895,Neha Sharma,31,Male,B+,9915398624
23896,Pooja Patel,49,Female,A-,9489232183
23897,Sneha Verma,24,Female,A+,9536896440
23898,Rohan Mehta,40,Female,A-,9245578325
23899,Pooja Kapoor,35,Female,A-,9948820028
23900,Rahul Gupta,32,Female,AB+,9205240918
23901,Sahil Reddy,53,Male,B-,9235585016
23902,Riya Verma,50,Female,O+,9461645775
23903,Vikram Mehta,25,Male,AB+,9143126148
23904,Neha Sharma,45,Male,A-,9905474636
23905,Anjali Patel,51,Male,AB+,9403784780
23906,Sneha Reddy,23,Female,AB+,9526729367
23907,Rohan Kapoor,56,Female,B-,9699249664
23908,Divya Singh,27,Male,O-,9878320850
23909,Karan Verma,23,Female,AB+,9690721700
23910,Priya Verma,45,Female,AB+,9349693751
23911,Kavya Reddy,18,Female,B+,9928113730
23912,Vikram Kapoor,20,Male,A-,9312418688
23913,Neha Kapoor,21,Male,A-,9177195708
23914,Vikram Reddy,33,Female,O-,9169014961
23915,Priya Patel,36,Female,B-,9380353409
23916,Rahul Sharma,21,Male,O+,9984672508
23917,Priya Patel,39,Male,O+,9926310905
23918,Neha Kapoor,36,Male,B+,9668438091
23919,Karan Sharma,23,Female,AB-,9127493768
23920,Kavya Reddy,53,Female,A+,9298113384
23921,Pooja Patel,54,Male,AB+,9952993622
23922,Rohan Gupta,40,Female,A+,9290843912
23923,Aditya Gupta,19,Female,A-,9124028403
23924,Sneha Singh,58,Female,B+,9174210870
23925,Priya Kapoor,54,Female,A-,9116184265
23926,Aditya Mehta,41,Female,B-,9317218827
23927,Neha Reddy,23,Male,A-,9500375914
23928,Vikram Verma,25,Female,AB+,9661028332
23929,Anjali Sharma,27,Male,B-,9127731356
23930,Kavya Reddy,36,Male,A-,9699308928
23931,Aman Reddy,41,Female,AB-,9330161274
23932,Priya Kapoor,57,Male,O-,9864151474
23933,Divya Kapoor,47,Female,O+,9310733401
23934,Aman Gupta,28,Female,AB-,9667080225
23935,Sahil Mehta,52,Male,A+,9707737117
23936,Anjali Singh,44,Male,B+,9223506359
23937,Neha Kapoor,36,Male,A+,9963202434
23938,Vikram Gupta,54,Female,AB-,9517933830
23939,Arjun Verma,42,Male,O-,9801392334
23940,Neha Singh,43,Male,B+,9204147147
23941,Anjali Reddy,43,Female,O-,9574220354
23942,Rohan Singh,30,Male,AB+,9832149811
23943,Pooja Verma,26,Male,A+,9817351444
23944,Aditya Mehta,30,Male,AB-,9332826080
23945,Divya Mehta,44,Male,O+,9855307852
23946,Rohan Patel,39,Female,O+,9285970173
23947,Kavya Kapoor,23,Female,B+,9939347979
23948,Sneha Singh,30,Male,O-,9125939977
23949,Aditya Gupta,34,Female,O+,9851181731
23950,Anjali Patel,54,Female,A-,9900626297
23951,Divya Gupta,60,Female,A-,9358243306
23952,Aditya Kapoor,34,Female,AB-,9553480551
23953,Karan Mehta,43,Male,A-,9495473167
23954,Rahul Mehta,48,Male,B-,9673054426
23955,Rahul Reddy,25,Female,AB-,9690973818
23956,Neha Patel,47,Female,AB+,9370725393
23957,Neha Verma,41,Female,AB-,9806730800
23958,Aditya Gupta,51,Male,A-,9117313494
23959,Karan Patel,28,Male,A+,9303415527
23960,Riya Mehta,19,Female,A+,9483615016
23961,Neha Mehta,47,Female,AB+,9717851299
23962,Karan Verma,24,Male,AB+,9248783558
23963,Sneha Gupta,38,Female,B+,9658437221
23964,Pooja Gupta,54,Male,O-,9220286957
23965,Vikram Patel,47,Male,O+,9497065873
23966,Anjali Gupta,46,Male,AB-,9659469534
23967,Karan Kapoor,26,Female,AB+,9422820660
23968,Aditya Reddy,25,Male,B+,9266340662
23969,Aman Kapoor,37,Male,A-,9351477664
23970,Karan Kapoor,49,Female,A-,9688534160
23971,Aditya Kapoor,28,Male,A+,9617648854
23972,Vikram Sharma,28,Male,A-,9903988100
23973,Rahul Reddy,25,Female,B+,9406918598
23974,Aditya Kapoor,23,Male,A-,9784484705
23975,Vikram Verma,37,Male,O-,9651505494
23976,Aman Reddy,31,Male,O-,9363399325
23977,Arjun Patel,24,Male,O+,9819082490
23978,Sahil Reddy,56,Male,B+,9749520719
23979,Pooja Kapoor,28,Male,AB-,9929778404
23980,Priya Patel,32,Female,A+,9295801645
23981,Sahil Gupta,39,Female,AB+,9697672144
23982,Karan Singh,41,Male,AB-,9283823414
23983,Priya Kapoor,51,Female,B+,9467568903
23984,Divya Mehta,33,Female,AB+,9732990577
23985,Rahul Singh,51,Female,A+,9932603230
23986,Riya Gupta,60,Male,B-,9727450706
23987,Vikram Reddy,46,Male,B+,9793305531
23988,Rahul Kapoor,36,Male,O-,9198692918
23989,Arjun Patel,51,Female,B+,9309041398
23990,Rahul Verma,44,Female,A+,9108037719
23991,Neha Patel,39,Male,O+,9672202143
23992,Vikram Mehta,45,Male,A-,9418217287
23993,Pooja Reddy,32,Female,A-,9805883311
23994,Riya Verma,31,Male,O-,9698695123
23995,Aditya Verma,50,Female,B-,9231599227
23996,Rahul Kapoor,55,Female,B+,9698100277
23997,Riya Patel,48,Male,A+,9843269393
23998,Sahil Reddy,18,Female,AB+,9959885090
23999,Arjun Singh,24,Male,A-,9991928432
24000,Rahul Patel,47,Male,A-,9383229700
24001,Anjali Patel,33,Female,AB+,9292989283
24002,Neha Reddy,22,Female,O+,9382245820
24003,Aditya Singh,39,Male,B+,9294546541
24004,Aditya Singh,31,Male,AB+,9160261016
24005,Arjun Verma,18,Male,O-,9270765896
24006,Anjali Mehta,56,Male,AB-,9454951197
24007,Divya Gupta,34,Female,AB+,9528295404
24008,Sahil Gupta,39,Female,A+,9130317057
24009,Rahul Mehta,27,Male,AB-,9975456784
24010,Kavya Reddy,28,Female,O-,9839889280
24011,Kavya Reddy,31,Female,O-,9702360798
24012,Anjali Gupta,20,Female,A+,9428762346
24013,Sneha Mehta,37,Male,A+,9361831242
24014,Arjun Patel,28,Male,AB-,9484735930
24015,Rahul Kapoor,59,Female,B+,9957443924
24016,Pooja Verma,51,Male,AB+,9383456115
24017,Anjali Reddy,20,Male,B+,9210016149
24018,Rohan Reddy,22,Female,A+,9891183129
24019,Arjun Kapoor,53,Female,A-,9740395232
24020,Riya Reddy,24,Female,AB-,9230197687
24021,Rahul Sharma,32,Female,B+,9192214754
24022,Arjun Mehta,31,Male,O-,9513402857
24023,Aditya Singh,46,Male,O+,9760665859
24024,Arjun Sharma,18,Male,B-,9779868939
24025,Neha Sharma,60,Male,B+,9356497069
24026,Vikram Gupta,31,Female,AB+,9257576149
24027,Divya Reddy,29,Male,AB+,9154797606
24028,Divya Reddy,37,Female,O+,9362307258
24029,Karan Kapoor,31,Female,AB+,9698611798
24030,Arjun Sharma,30,Female,A+,9943026643
24031,Divya Kapoor,18,Male,O+,9423821794
24032,Anjali Mehta,43,Male,A-,9983990071
24033,Pooja Mehta,53,Female,B-,9370863472
24034,Divya Verma,36,Female,O+,9851407508
24035,Aman Sharma,36,Male,O-,9673302802
24036,Pooja Sharma,59,Male,B+,9808033555
24037,Vikram Mehta,24,Female,A-,9148275288
24038,Rohan Sharma,36,Female,B+,9971317358
24039,Rahul Singh,25,Male,O+,9309273029
24040,Kavya Verma,49,Female,B+,9840826184
24041,Riya Reddy,29,Male,B-,9504166382
24042,Neha Patel,26,Female,A-,9835936119
24043,Divya Reddy,51,Male,A-,9679849835
24044,Karan Gupta,47,Female,O+,9573860690
24045,Rohan Sharma,47,Female,A-,9198044186
24046,Sneha Sharma,47,Male,O+,9304985828
24047,Anjali Singh,40,Female,AB+,9931220584
24048,Divya Sharma,30,Female,B+,9713231659
24049,Vikram Singh,41,Female,B-,9461269218
24050,Anjali Sharma,52,Male,B-,9595239171
24051,Rohan Verma,43,Female,AB+,9335643512
24052,Priya Mehta,47,Female,O+,9374419136
24053,Neha Verma,49,Male,O-,9786333457
24054,Sahil Kapoor,47,Female,AB-,9335513860
24055,Aditya Kapoor,27,Female,A-,9721298918
24056,Sahil Reddy,26,Female,B+,9754488875
24057,Kavya Reddy,48,Female,A+,9920978546
24058,Rohan Patel,45,Female,AB+,9459061519
24059,Aman Reddy,38,Female,A+,9737461883
24060,Neha Mehta,42,Male,A+,9308453518
24061,Karan Sharma,50,Female,B+,9727588508
24062,Priya Kapoor,49,Male,O-,9878148294
24063,Riya Mehta,21,Male,B-,9177499720
24064,Divya Mehta,26,Male,B+,9687000825
24065,Karan Gupta,55,Male,AB-,9249593857
24066,Arjun Gupta,19,Female,A+,9263852667
24067,Neha Patel,49,Male,A-,9981301654
24068,Sahil Patel,47,Male,AB-,9230862130
24069,Rahul Gupta,24,Male,AB-,9164180589
24070,Divya Gupta,60,Male,AB-,9523722806
24071,Kavya Reddy,59,Male,AB-,9409307953
24072,Aditya Singh,31,Female,B-,9945412819
24073,Rahul Singh,59,Male,AB+,9162851789
24074,Neha Singh,21,Female,O-,9549655871
24075,Riya Verma,21,Male,O+,9764845935
24076,Sahil Reddy,22,Male,B-,9517066557
24077,Rohan Verma,59,Female,AB-,9521933535
24078,Vikram Gupta,23,Female,O-,9284232044
24079,Aman Reddy,44,Male,O-,9400413507
24080,Kavya Singh,24,Female,O-,9481975092
24081,Vikram Sharma,28,Male,A+,9984441190
24082,Rahul Verma,50,Male,A-,9735463402
24083,Sahil Reddy,51,Male,O-,9240978663
24084,Neha Singh,56,Male,A-,9358271863
24085,Rohan Patel,55,Male,AB-,9229993906
24086,Riya Mehta,28,Male,A+,9440366737
24087,Riya Gupta,41,Male,O+,9281462591
24088,Sneha Singh,60,Male,O+,9362273793
24089,Aman Verma,41,Female,O-,9341233698
24090,Priya Kapoor,57,Female,AB-,9261241942
24091,Riya Gupta,24,Female,A-,9319176007
24092,Pooja Verma,49,Female,A+,9654523238
24093,Karan Singh,39,Male,A-,9312633843
24094,Neha Verma,29,Male,AB+,9314436979
24095,Aman Mehta,26,Male,B-,9767445847
24096,Pooja Sharma,52,Male,B+,9814815695
24097,Sahil Singh,41,Male,AB+,9778451832
24098,Priya Kapoor,32,Male,A-,9217953125
24099,Aman Reddy,23,Male,O-,9115845419
24100,Anjali Verma,26,Female,AB+,9157721423
24101,Rahul Verma,20,Male,AB-,9929493663
24102,Neha Mehta,21,Female,A+,9132283804
24103,Neha Singh,47,Female,AB+,9248386384
24104,Riya Sharma,49,Female,AB-,9416577254
24105,Rohan Reddy,27,Male,AB+,9842881380
24106,Divya Kapoor,50,Female,B-,9157549952
24107,Aman Singh,25,Female,B+,9934948645
24108,Vikram Reddy,33,Female,B+,9200002307
24109,Vikram Singh,54,Male,B+,9900084854
24110,Pooja Sharma,49,Male,A+,9853943820
24111,Aman Patel,45,Male,B+,9721630225
24112,Divya Gupta,53,Male,B-,9290874235
24113,Rahul Kapoor,28,Female,B+,9524158234
24114,Karan Mehta,40,Male,A-,9736842866
24115,Aman Verma,47,Female,O-,9480290411
24116,Vikram Mehta,37,Female,O-,9851600139
24117,Arjun Gupta,45,Female,B+,9472576609
24118,Pooja Patel,37,Female,O-,9488433617
24119,Arjun Verma,19,Male,O-,9571189629
24120,Sahil Singh,52,Male,O-,9732906886
24121,Priya Reddy,22,Male,A+,9257740792
24122,Aman Mehta,19,Male,A+,9409395692
24123,Rahul Sharma,22,Male,O+,9552803913
24124,Sahil Verma,47,Male,O-,9765341624
24125,Aditya Patel,20,Male,O-,9180794570
24126,Anjali Verma,25,Female,B+,9607036672
24127,Sahil Patel,37,Female,O+,9409070547
24128,Sahil Gupta,30,Male,O+,9206970973
24129,Aman Sharma,29,Male,B-,9801828370
24130,Pooja Reddy,58,Male,B+,9945601120
24131,Riya Verma,41,Female,B-,9944575608
24132,Aman Sharma,42,Female,O-,9693667070
24133,Arjun Gupta,43,Female,A-,9858994248
24134,Arjun Mehta,59,Female,A-,9470046012
24135,Pooja Kapoor,31,Female,O-,9511282770
24136,Rohan Verma,34,Female,AB+,9509569766
24137,Pooja Mehta,43,Male,B+,9643037857
24138,Arjun Gupta,26,Male,B+,9626697303
24139,Rahul Reddy,52,Female,AB+,9872602059
24140,Sahil Mehta,52,Female,B+,9276731045
24141,Pooja Verma,53,Male,O-,9948337801
24142,Arjun Patel,48,Female,O+,9352497768
24143,Sneha Mehta,55,Male,A-,9985180383
24144,Sahil Patel,36,Male,B-,9369783179
24145,Karan Singh,18,Female,O-,9781872035
24146,Divya Singh,37,Male,A-,9387498863
24147,Priya Kapoor,21,Male,O+,9418457920
24148,Arjun Gupta,30,Female,O-,9359352939
24149,Aman Patel,24,Female,B+,9903564342
24150,Pooja Verma,47,Male,A+,9841022614
24151,Sneha Kapoor,49,Male,B+,9373014749
24152,Anjali Kapoor,33,Male,AB-,9389791118
24153,Riya Kapoor,59,Female,O-,9918383798
24154,Rohan Gupta,42,Female,A+,9675581228
24155,Arjun Singh,59,Female,AB-,9661725666
24156,Sahil Gupta,30,Male,O+,9422443086
24157,Pooja Reddy,49,Female,O-,9563481538
24158,Priya Kapoor,40,Female,AB+,9227959110
24159,Sahil Patel,41,Female,A-,9250324511
24160,Riya Kapoor,52,Female,A+,9414446890
24161,Arjun Mehta,55,Female,O+,9151433578
24162,Kavya Kapoor,60,Female,B-,9877750773
24163,Divya Patel,40,Male,B+,9455891605
24164,Riya Reddy,33,Female,B-,9624622624
24165,Aditya Reddy,30,Male,A+,9770818366
24166,Aman Kapoor,46,Female,AB+,9511534213
24167,Pooja Mehta,21,Female,O-,9709429736
24168,Aman Patel,26,Male,O-,9272436332
24169,Aman Patel,28,Female,A-,9939870130
24170,Rahul Patel,22,Female,O+,9175216089
24171,Rohan Verma,51,Female,AB-,9117910368
24172,Karan Sharma,35,Male,AB+,9333651801
24173,Neha Verma,39,Male,B+,9273491849
24174,Kavya Reddy,50,Female,B+,9130673100
24175,Arjun Sharma,23,Male,A-,9795843266
24176,Rohan Sharma,41,Male,B-,9547100544
24177,Aman Mehta,18,Female,AB+,9392226269
24178,Anjali Sharma,23,Female,B+,9629619129
24179,Rahul Kapoor,52,Female,O+,9972502646
24180,Arjun Singh,20,Male,A-,9411604422
24181,Kavya Sharma,49,Female,O-,9714219590
24182,Aman Verma,38,Male,B-,9148164712
24183,Karan Mehta,41,Male,B+,9927042218
24184,Priya Verma,33,Female,B-,9292405434
24185,Divya Reddy,29,Female,O-,9949580396
24186,Rahul Sharma,24,Female,B-,9538167109
24187,Anjali Sharma,34,Female,B-,9903123184
24188,Rahul Patel,26,Male,B+,9630318063
24189,Divya Verma,24,Male,AB-,9398865636
24190,Aditya Kapoor,35,Male,O+,9488262942
24191,Sahil Reddy,20,Male,B+,9672366951
24192,Karan Patel,19,Male,O-,9395439773
24193,Vikram Kapoor,30,Male,A-,9654895305
24194,Pooja Kapoor,38,Male,O-,9535880397
24195,Aman Verma,49,Female,B+,9303299085
24196,Rohan Sharma,52,Male,O+,9339620800
24197,Riya Gupta,38,Male,A-,9765462763
24198,Aditya Singh,24,Female,B-,9455887494
24199,Aditya Singh,36,Male,B-,9410526653
24200,Sneha Verma,19,Male,AB+,9486213939
24201,Divya Kapoor,60,Male,A+,9662191133
24202,Riya Singh,32,Female,B+,9626272834
24203,Neha Gupta,50,Male,A+,9594817504
24204,Kavya Singh,39,Female,AB-,9923744079
24205,Anjali Singh,57,Male,AB+,9376921653
24206,Divya Sharma,41,Male,AB+,9973670029
24207,Rahul Sharma,20,Male,AB-,9350415902
24208,Riya Patel,38,Female,AB+,9405570366
24209,Neha Singh,52,Female,AB-,9373737877
24210,Arjun Patel,55,Female,B+,9979264320
24211,Pooja Gupta,44,Male,A-,9917820326
24212,Vikram Gupta,33,Female,A+,9557763384
24213,Neha Mehta,48,Male,B+,9768177747
24214,Priya Kapoor,45,Female,B+,9920139548
24215,Anjali Sharma,40,Female,O+,9612011570
24216,Karan Singh,47,Female,B-,9834816384
24217,Rahul Reddy,40,Female,A+,9987910675
24218,Sneha Verma,52,Male,A-,9328717254
24219,Rohan Sharma,23,Male,A+,9618407082
24220,Kavya Patel,51,Male,AB+,9868544611
24221,Kavya Singh,38,Male,O-,9913208167
24222,Vikram Singh,41,Female,B-,9473246333
24223,Aditya Kapoor,20,Male,A-,9509384671
24224,Rahul Patel,56,Male,B+,9136834098
24225,Arjun Reddy,26,Female,B-,9965365602
24226,Rahul Kapoor,27,Male,B-,9192373758
24227,Aman Verma,47,Female,AB-,9348746780
24228,Anjali Kapoor,32,Male,O-,9828488008
24229,Vikram Mehta,41,Female,AB+,9379205958
24230,Sneha Reddy,50,Male,A+,9127063453
24231,Aditya Verma,38,Male,O-,9190931629
24232,Sneha Mehta,57,Male,O-,9496967539
24233,Aditya Verma,18,Female,A-,9248820156
24234,Divya Verma,18,Male,A-,9325521738
24235,Arjun Sharma,48,Female,B+,9531721811
24236,Neha Mehta,23,Female,O-,9421177729
24237,Arjun Patel,31,Female,O+,9788150493
24238,Aditya Patel,25,Male,AB-,9980859477
24239,Anjali Verma,49,Female,O-,9974468515
24240,Riya Verma,39,Male,A+,9742976901
24241,Neha Singh,25,Female,A-,9297791827
24242,Anjali Patel,36,Female,B-,9731877701
24243,Karan Mehta,19,Male,A-,9978618381
24244,Aditya Patel,45,Male,A+,9466535566
24245,Pooja Sharma,36,Male,O+,9621256127
24246,Divya Verma,39,Male,AB-,9125097238
24247,Priya Mehta,48,Female,B+,9348151943
24248,Vikram Verma,58,Male,AB+,9816304238
24249,Kavya Verma,28,Male,B+,9479566493
24250,Sahil Reddy,30,Male,AB+,9127524494
24251,Riya Reddy,27,Male,A-,9818962181
24252,Rahul Patel,57,Female,A+,9672404617
24253,Rahul Sharma,50,Male,B-,9872471699
24254,Pooja Reddy,48,Male,AB-,9298089156
24255,Rahul Verma,41,Female,B+,9726039801
24256,Karan Sharma,18,Male,AB-,9980356119
24257,Rahul Mehta,24,Female,A-,9288917058
24258,Neha Sharma,20,Male,A+,9482752487
24259,Sahil Sharma,52,Female,AB+,9843677383
24260,Rohan Kapoor,19,Female,AB+,9863294913
24261,Arjun Sharma,45,Male,A+,9787562576
24262,Sahil Reddy,33,Female,B-,9112525892
24263,Rahul Gupta,58,Female,B+,9554037365
24264,Sneha Mehta,33,Male,B-,9165271261
24265,Karan Sharma,54,Female,O-,9613867652
24266,Karan Sharma,25,Female,B-,9225951000
24267,Sahil Reddy,21,Male,B+,9449929599
24268,Riya Kapoor,47,Female,AB+,9761656983
24269,Anjali Reddy,40,Female,B-,9382392830
24270,Vikram Reddy,60,Male,B+,9463034162
24271,Priya Sharma,29,Male,A-,9695272395
24272,Vikram Sharma,38,Female,O+,9682829805
24273,Sneha Patel,23,Male,A-,9844548275
24274,Aditya Kapoor,47,Female,AB-,9857742605
24275,Anjali Verma,49,Male,A+,9483107475
24276,Aman Reddy,54,Female,B+,9980949232
24277,Anjali Sharma,40,Female,O-,9154454380
24278,Pooja Singh,49,Female,B-,9715408091
24279,Vikram Sharma,26,Male,B-,9967297035
24280,Rahul Sharma,20,Female,AB+,9269433769
24281,Vikram Kapoor,57,Male,AB-,9322519028
24282,Rohan Verma,22,Male,O-,9333222846
24283,Rohan Verma,39,Female,A+,9937403480
24284,Rahul Patel,58,Male,A+,9668686220
24285,Divya Sharma,26,Female,A+,9343758726
24286,Anjali Gupta,34,Female,A+,9492018275
24287,Anjali Verma,54,Female,O-,9547961177
24288,Neha Kapoor,28,Male,A-,9197439765
24289,Kavya Mehta,49,Female,A+,9319494776
24290,Riya Sharma,34,Male,O+,9329386578
24291,Vikram Gupta,24,Male,O-,9631786447
24292,Pooja Reddy,33,Female,O-,9701812770
24293,Aman Verma,40,Male,A-,9967839003
24294,Sneha Mehta,39,Male,AB-,9353766529
24295,Neha Gupta,37,Female,AB+,9420005357
24296,Riya Singh,52,Male,AB+,9606379169
24297,Aman Reddy,21,Male,AB+,9367791457
24298,Priya Kapoor,46,Female,B-,9681589201
24299,Anjali Reddy,60,Male,B+,9801622897
24300,Sneha Verma,32,Female,AB+,9342758881
24301,Kavya Gupta,43,Female,B-,9543274465
24302,Rohan Sharma,40,Female,B-,9472214153
24303,Rahul Mehta,23,Male,O-,9896387338
24304,Sneha Kapoor,51,Male,O+,9434383583
24305,Rohan Singh,37,Male,O+,9846147067
24306,Divya Reddy,54,Female,B-,9139859379
24307,Karan Kapoor,59,Male,O-,9190681638
24308,Pooja Reddy,59,Male,AB-,9432735493
24309,Riya Singh,22,Male,A-,9529864683
24310,Kavya Gupta,43,Male,AB+,9427214205
24311,Arjun Kapoor,45,Female,B+,9639565075
24312,Priya Verma,22,Male,AB+,9635512264
24313,Priya Kapoor,38,Female,AB-,9378382079
24314,Aman Patel,30,Male,B-,9937975320
24315,Arjun Reddy,60,Female,O-,9282282110
24316,Aman Gupta,48,Female,A+,9572623972
24317,Sahil Sharma,52,Male,O+,9207182106
24318,Riya Verma,34,Male,A-,9507256106
24319,Sahil Gupta,23,Male,O-,9929094933
24320,Neha Sharma,40,Male,B+,9316736796
24321,Neha Mehta,27,Male,O-,9969288911
24322,Anjali Patel,29,Male,AB+,9211104053
24323,Sneha Singh,31,Female,AB-,9307649570
24324,Anjali Mehta,24,Male,O+,9333275054
24325,Rahul Mehta,53,Female,AB-,9167112506
24326,Vikram Sharma,31,Male,O-,9989853654
24327,Aditya Singh,32,Male,AB+,9195521659
24328,Aditya Kapoor,38,Female,AB+,9491254320
24329,Aman Reddy,29,Male,A+,9882893213
24330,Sneha Verma,41,Female,O+,9217469180
24331,Pooja Mehta,42,Female,B+,9866226286
24332,Kavya Mehta,54,Female,A+,9780840054
24333,Sahil Kapoor,19,Male,O-,9785950934
24334,Karan Reddy,26,Male,B-,9634888500
24335,Rohan Sharma,29,Male,AB+,9654391833
24336,Vikram Gupta,27,Male,A+,9222429475
24337,Divya Patel,48,Female,B-,9767879792
24338,Arjun Reddy,38,Male,AB-,9291117615
24339,Aman Mehta,54,Female,AB+,9783165144
24340,Arjun Gupta,47,Male,A-,9560179155
24341,Priya Patel,26,Female,O+,9502226831
24342,Arjun Patel,46,Male,O-,9317088880
24343,Pooja Kapoor,22,Male,B+,9151826926
24344,Priya Reddy,31,Male,O-,9861302890
24345,Aman Mehta,20,Female,O-,9870614825
24346,Riya Reddy,52,Female,O-,9200431522
24347,Pooja Gupta,20,Male,O+,9497922204
24348,Sahil Gupta,36,Male,B-,9148645017
24349,Aditya Singh,42,Female,B-,9884173856
24350,Rahul Reddy,59,Female,O+,9136046879
24351,Divya Singh,25,Male,B+,9216483933
24352,Aditya Gupta,47,Male,A+,9808065163
24353,Kavya Patel,46,Male,A-,9965177535
24354,Kavya Reddy,59,Male,AB+,9739945699
24355,Sahil Patel,42,Male,O+,9721588400
24356,Riya Verma,52,Female,AB-,9753398873
24357,Pooja Gupta,31,Female,B-,9935020176
24358,Neha Verma,30,Female,O+,9336058156
24359,Sneha Sharma,50,Female,AB+,9826234177
24360,Neha Gupta,57,Female,A-,9493007223
24361,Vikram Verma,49,Female,A+,9814360054
24362,Rahul Singh,43,Male,A+,9918458650
24363,Priya Mehta,42,Female,A+,9236209959
24364,Neha Singh,51,Male,A-,9967833788
24365,Rohan Patel,46,Female,AB+,9621507948
24366,Sahil Mehta,39,Male,B-,9181769920
24367,Anjali Singh,41,Female,AB+,9832677301
24368,Sahil Mehta,28,Male,A-,9351906247
24369,Riya Singh,60,Male,AB+,9996611674
24370,Aman Mehta,54,Male,A-,9534259818
24371,Karan Sharma,57,Male,O-,9544517372
24372,Aman Verma,38,Female,B+,9471171168
24373,Karan Sharma,50,Female,AB-,9710145338
24374,Riya Kapoor,31,Female,A+,9928285259
24375,Pooja Verma,39,Female,O+,9968945939
24376,Neha Patel,24,Male,B+,9445466002
24377,Anjali Mehta,49,Male,A-,9884974032
24378,Anjali Patel,31,Male,O-,9191157174
24379,Priya Mehta,21,Female,B+,9365182973
24380,Divya Patel,40,Female,O+,9805507562
24381,Anjali Gupta,54,Male,O+,9871164845
24382,Karan Patel,38,Male,B-,9126690039
24383,Rahul Singh,51,Male,A+,9524816099
24384,Vikram Kapoor,32,Male,B-,9994400594
24385,Riya Patel,24,Female,AB+,9755805727
24386,Pooja Sharma,44,Female,AB-,9681504288
24387,Karan Singh,35,Female,AB-,9856040372
24388,Karan Reddy,33,Female,B+,9105170790
24389,Priya Kapoor,48,Female,A+,9222057823
24390,Rohan Gupta,32,Female,B+,9818385533
24391,Neha Mehta,45,Female,A-,9381327680
24392,Sahil Mehta,29,Female,O+,9684822712
24393,Rohan Patel,54,Male,B-,9640249363
24394,Priya Gupta,47,Female,B-,9656227618
24395,Rohan Patel,49,Female,O-,9403267797
24396,Pooja Patel,45,Female,B-,9494308507
24397,Arjun Sharma,18,Female,B+,9702598532
24398,Neha Mehta,51,Female,O+,9485348427
24399,Arjun Kapoor,45,Male,O-,9304870558
24400,Neha Singh,26,Female,AB+,9413153085
24401,Karan Mehta,29,Female,B+,9947526115
24402,Sneha Mehta,52,Male,AB-,9388973228
24403,Rahul Singh,23,Female,O-,9776348658
24404,Divya Verma,28,Female,AB+,9572059773
24405,Pooja Kapoor,34,Female,B-,9868322090
24406,Sneha Mehta,59,Male,A+,9958349799
24407,Divya Verma,39,Female,B-,9984967431
24408,Kavya Patel,55,Male,B+,9477382234
24409,Sneha Verma,20,Female,O-,9861928769
24410,Karan Mehta,44,Male,B+,9487082779
24411,Aditya Reddy,44,Female,O+,9155938333
24412,Sneha Gupta,54,Male,AB-,9816186533
24413,Rahul Singh,59,Male,A+,9632547022
24414,Sneha Singh,23,Male,O+,9963946678
24415,Sneha Sharma,49,Male,AB-,9957723093
24416,Anjali Kapoor,25,Female,O+,9746914878
24417,Rohan Gupta,58,Male,O-,9672805326
24418,Kavya Mehta,39,Female,A-,9492520315
24419,Divya Verma,20,Female,O-,9552315680
24420,Rahul Patel,60,Male,B+,9356505546
24421,Sneha Reddy,30,Female,O+,9102744096
24422,Kavya Reddy,45,Female,O+,9619024425
24423,Kavya Reddy,37,Male,O-,9291628880
24424,Rohan Gupta,53,Male,B+,9601241998
24425,Priya Reddy,43,Female,A-,9672857482
24426,Neha Verma,20,Female,B-,9357585879
24427,Priya Kapoor,25,Female,O+,9188765231
24428,Priya Singh,28,Male,AB+,9773949887
24429,Karan Mehta,27,Male,AB+,9772906211
24430,Neha Mehta,42,Male,O+,9679893099
24431,Sahil Kapoor,35,Female,A-,9373111252
24432,Arjun Kapoor,21,Male,B-,9933241384
24433,Pooja Mehta,49,Female,AB+,9955102433
24434,Kavya Reddy,36,Male,AB+,9837512574
24435,Divya Sharma,43,Female,A-,9621894542
24436,Aman Verma,29,Male,O-,9340450700
24437,Sneha Reddy,25,Male,A+,9976468386
24438,Divya Gupta,51,Male,A-,9873615598
24439,Anjali Singh,54,Female,O-,9699372443
24440,Aman Mehta,51,Male,O+,9332295414
24441,Neha Mehta,54,Female,B-,9995676975
24442,Neha Mehta,33,Male,A-,9917633321
24443,Karan Gupta,18,Female,O+,9876822198
24444,Aman Sharma,55,Female,B-,9762725320
24445,Karan Singh,51,Female,B-,9836885287
24446,Rahul Patel,33,Female,B-,9475344554
24447,Neha Kapoor,19,Male,A+,9444125415
24448,Riya Patel,25,Female,AB+,9900084732
24449,Rohan Mehta,20,Male,A-,9952773505
24450,Riya Singh,47,Female,O-,9237968110
24451,Rahul Verma,60,Female,A+,9945493310
24452,Karan Kapoor,36,Female,A-,9676036670
24453,Sahil Sharma,47,Female,O+,9343876339
24454,Riya Reddy,26,Female,A+,9344156286
24455,Divya Kapoor,28,Male,B+,9469560249
24456,Vikram Kapoor,18,Male,AB-,9180187572
24457,Anjali Sharma,31,Female,AB+,9498675640
24458,Anjali Gupta,23,Male,A+,9123503313
24459,Neha Gupta,57,Male,AB+,9886224336
24460,Rohan Mehta,47,Female,AB-,9604396013
24461,Vikram Singh,28,Female,O-,9204683789
24462,Anjali Mehta,40,Female,A+,9985630563
24463,Rahul Reddy,28,Male,AB-,9355671076
24464,Aman Reddy,41,Male,O+,9359865597
24465,Sahil Reddy,18,Male,AB+,9502790087
24466,Pooja Gupta,54,Female,O-,9189095379
24467,Aditya Reddy,23,Male,AB+,9284992609
24468,Priya Mehta,33,Male,B-,9427345004
24469,Karan Mehta,43,Male,B-,9473029799
24470,Aditya Verma,45,Male,O+,9279957763
24471,Rahul Sharma,51,Female,A-,9770079152
24472,Kavya Gupta,60,Female,B-,9455978858
24473,Priya Singh,42,Male,A-,9995577062
24474,Sahil Patel,60,Male,O-,9992660518
24475,Aditya Mehta,21,Male,AB-,9123563373
24476,Anjali Gupta,34,Male,O-,9727233033
24477,Arjun Singh,39,Male,A+,9252685939
24478,Aman Gupta,42,Female,B-,9131581575
24479,Karan Gupta,47,Female,AB-,9458131826
24480,Riya Gupta,50,Male,AB-,9726461483
24481,Riya Kapoor,40,Male,B-,9174499958
24482,Rohan Verma,19,Male,B-,9442371453
24483,Sneha Gupta,18,Male,B-,9132687895
24484,Arjun Sharma,58,Female,O+,9886276796
24485,Aditya Singh,46,Female,B+,9719616077
24486,Neha Verma,25,Male,A+,9215340066
24487,Riya Kapoor,47,Male,A+,9134071270
24488,Neha Verma,36,Female,AB+,9509705180
24489,Vikram Mehta,20,Male,AB-,9532014922
24490,Kavya Mehta,57,Male,AB+,9869137388
24491,Neha Verma,60,Male,AB+,9258023271
24492,Aman Verma,54,Female,O+,9306355853
24493,Aditya Patel,26,Female,AB-,9844915244
24494,Priya Patel,24,Female,A-,9812257457
24495,Rahul Singh,55,Male,O-,9815049066
24496,Aman Reddy,56,Male,A+,9480488241
24497,Anjali Singh,44,Female,B-,9884784378
24498,Aditya Gupta,44,Male,AB+,9761732840
24499,Arjun Singh,31,Male,B-,9558260914
24500,Kavya Verma,34,Female,O-,9808304932
24501,Arjun Reddy,50,Male,AB+,9696770745
24502,Karan Patel,32,Female,A-,9601881292
24503,Anjali Singh,48,Female,B-,9239143295
24504,Anjali Sharma,55,Female,O-,9927807141
24505,Vikram Gupta,20,Male,AB-,9771488772
24506,Vikram Sharma,46,Male,A-,9234140067
24507,Divya Kapoor,31,Male,B-,9483740763
24508,Riya Kapoor,60,Male,AB-,9423847296
24509,Kavya Singh,34,Male,O+,9405767248
24510,Priya Singh,48,Female,B+,9684155208
24511,Kavya Reddy,42,Male,AB-,9914104925
24512,Neha Singh,22,Female,B-,9852091924
24513,Divya Singh,41,Female,B+,9917831182
24514,Rahul Kapoor,31,Female,AB-,9196779195
24515,Pooja Verma,21,Male,O-,9222287273
24516,Anjali Gupta,59,Male,A-,9804916439
24517,Rahul Verma,38,Male,AB+,9849683972
24518,Pooja Reddy,54,Female,O+,9484500859
24519,Aditya Sharma,33,Female,AB-,9241074881
24520,Anjali Mehta,22,Male,AB-,9134961665
24521,Pooja Patel,41,Male,B+,9882553717
24522,Vikram Sharma,53,Female,O+,9420847803
24523,Karan Verma,32,Male,O+,9170519078
24524,Rahul Reddy,39,Male,O+,9879937621
24525,Neha Mehta,32,Male,A+,9754019403
24526,Arjun Patel,38,Male,AB+,9251069455
24527,Kavya Mehta,45,Female,B+,9433539124
24528,Kavya Patel,31,Male,O-,9751417956
24529,Divya Mehta,26,Male,O-,9617132770
24530,Rohan Singh,26,Female,B-,9349435874
24531,Aman Gupta,39,Male,AB+,9282931357
24532,Vikram Patel,21,Male,AB+,9511064533
24533,Arjun Sharma,25,Male,O-,9250542068
24534,Kavya Singh,38,Male,O+,9483430231
24535,Anjali Gupta,29,Male,B+,9230092058
24536,Kavya Patel,41,Female,B+,9993542390
24537,Anjali Mehta,35,Female,B+,9509352740
24538,Rahul Reddy,48,Female,O+,9897740880
24539,Anjali Mehta,38,Female,AB+,9497622188
24540,Kavya Reddy,45,Male,O+,9462787911
24541,Pooja Verma,53,Male,O-,9792387571
24542,Pooja Singh,34,Male,B-,9787331270
24543,Arjun Sharma,20,Female,AB+,9501619387
24544,Vikram Mehta,44,Female,AB+,9501341629
24545,Aditya Sharma,37,Male,AB+,9727237815
24546,Arjun Mehta,31,Male,B+,9278173288
24547,Kavya Patel,44,Female,AB+,9616354629
24548,Kavya Singh,50,Female,A-,9452760112
24549,Arjun Reddy,39,Female,A-,9219875217
24550,Sneha Mehta,47,Male,AB-,9126018678
24551,Anjali Patel,51,Female,O-,9979633541
24552,Neha Patel,57,Female,AB+,9631692249
24553,Divya Gupta,57,Female,AB-,9771852560
24554,Anjali Sharma,50,Female,B+,9635072466
24555,Karan Sharma,19,Male,B+,9449669023
24556,Riya Reddy,28,Female,B+,9759805743
24557,Anjali Verma,23,Male,B-,9611366814
24558,Rahul Gupta,59,Male,AB+,9546882914
24559,Pooja Sharma,35,Female,O-,9744406992
24560,Karan Sharma,48,Male,O-,9211259592
24561,Kavya Mehta,25,Female,A-,9373626788
24562,Priya Patel,24,Female,A-,9369948212
24563,Vikram Mehta,59,Female,O-,9258165617
24564,Kavya Kapoor,48,Male,AB-,9243257143
24565,Rohan Reddy,31,Male,O+,9756452277
24566,Aditya Kapoor,60,Female,AB-,9910591242
24567,Aman Mehta,23,Female,B-,9955650330
24568,Priya Patel,30,Female,AB+,9411225296
24569,Vikram Mehta,45,Male,B-,9546352789
24570,Pooja Reddy,48,Male,AB-,9447579323
24571,Karan Sharma,35,Male,B+,9917475876
24572,Vikram Kapoor,31,Male,O+,9990522952
24573,Anjali Verma,57,Female,O-,9999493461
24574,Aditya Kapoor,49,Female,B+,9217079395
24575,Pooja Reddy,33,Male,B-,9919564278
24576,Pooja Patel,31,Male,B+,9893152342
24577,Aditya Verma,52,Male,B-,9746536261
24578,Arjun Reddy,19,Female,B-,9712882682
24579,Aditya Verma,31,Male,B-,9248871939
24580,Kavya Gupta,45,Female,O+,9933223885
24581,Priya Sharma,59,Female,A-,9366821678
24582,Aman Gupta,39,Female,O-,9596802244
24583,Divya Verma,18,Male,B+,9241008453
24584,Aditya Mehta,23,Male,O+,9247532186
24585,Arjun Mehta,53,Male,B+,9964321548
24586,Karan Patel,19,Female,O-,9268920059
24587,Rahul Mehta,55,Male,A-,9217041098
24588,Pooja Singh,39,Female,O-,9616937903
24589,Riya Sharma,19,Male,O-,9219159549
24590,Arjun Singh,18,Male,O+,9709548591
24591,Karan Mehta,38,Male,O-,9731246908
24592,Rahul Kapoor,58,Female,O+,9640518863
24593,Rohan Patel,58,Male,AB+,9136411547
24594,Sneha Singh,47,Female,AB-,9348130038
24595,Kavya Mehta,19,Male,A+,9169121011
24596,Pooja Kapoor,20,Male,B-,9851524489
24597,Kavya Sharma,21,Female,O+,9340733783
24598,Arjun Reddy,18,Male,O+,9232063731
24599,Kavya Kapoor,25,Female,O+,9923350523
24600,Kavya Reddy,19,Male,O-,9795004795
24601,Rahul Verma,22,Female,O-,9823132534
24602,Aditya Reddy,44,Female,A+,9566642945
24603,Priya Patel,24,Female,AB-,9609560598
24604,Karan Sharma,42,Female,B-,9650732753
24605,Sneha Reddy,38,Male,A+,9754217272
24606,Pooja Singh,45,Female,B-,9640885844
24607,Pooja Mehta,33,Male,O+,9986542794
24608,Divya Sharma,50,Male,B-,9156157683
24609,Aman Patel,39,Male,O+,9914698928
24610,Vikram Sharma,49,Male,B-,9649095172
24611,Sahil Reddy,32,Female,B+,9674278467
24612,Pooja Verma,40,Female,O+,9302556617
24613,Pooja Sharma,57,Male,O+,9389301356
24614,Vikram Reddy,38,Male,O-,9542417870
24615,Aman Reddy,38,Male,B-,9192455138
24616,Rohan Reddy,27,Female,B-,9218666318
24617,Divya Mehta,53,Female,O-,9606753951
24618,Divya Singh,59,Female,A-,9108325767
24619,Neha Kapoor,59,Female,B-,9358724876
24620,Vikram Mehta,21,Female,B+,9491043359
24621,Sahil Reddy,28,Female,B+,9996398824
24622,Riya Sharma,46,Male,O+,9756956312
24623,Vikram Sharma,60,Female,AB+,9454762103
24624,Sneha Singh,53,Female,O+,9253406944
24625,Riya Kapoor,31,Female,AB-,9521641116
24626,Arjun Patel,42,Female,B-,9792218006
24627,Vikram Singh,60,Male,O+,9451643518
24628,Kavya Patel,24,Male,B-,9499148847
24629,Kavya Singh,36,Male,A-,9756653165
24630,Rohan Kapoor,45,Male,AB-,9354879446
24631,Neha Verma,30,Male,A+,9734757165
24632,Arjun Patel,59,Female,O+,9485911810
24633,Kavya Verma,51,Male,O-,9283532920
24634,Anjali Sharma,59,Male,A+,9888569357
24635,Rahul Verma,44,Female,A-,9132233790
24636,Anjali Gupta,20,Male,O+,9707635772
24637,Vikram Patel,18,Female,AB-,9166761621
24638,Riya Gupta,28,Male,AB+,9452393270
24639,Rohan Sharma,45,Male,A-,9532482447
24640,Sneha Patel,59,Female,AB-,9467600377
24641,Kavya Patel,49,Male,O-,9579806377
24642,Vikram Mehta,44,Male,O+,9571236925
24643,Sneha Reddy,28,Male,AB+,9512034582
24644,Arjun Gupta,56,Female,A+,9306711120
24645,Sahil Gupta,18,Female,B-,9125090977
24646,Sneha Patel,38,Female,B-,9662334541
24647,Divya Gupta,45,Male,B+,9151763647
24648,Riya Patel,37,Male,O-,9585362299
24649,Sneha Kapoor,39,Male,AB-,9222189390
24650,Neha Kapoor,49,Male,B+,9128111482
24651,Rohan Singh,29,Female,B+,9511072240
24652,Vikram Reddy,43,Male,O-,9407039291
24653,Pooja Singh,59,Female,O-,9261092013
24654,Vikram Verma,39,Female,B+,9294710285
24655,Neha Mehta,56,Male,O+,9413774921
24656,Sneha Mehta,37,Male,B+,9186044080
24657,Riya Reddy,37,Male,AB+,9690269711
24658,Rohan Mehta,48,Female,B-,9224192483
24659,Vikram Singh,50,Female,O-,9646303731
24660,Karan Sharma,21,Female,B-,9966374444
24661,Karan Singh,37,Male,O-,9914457726
24662,Sneha Gupta,34,Male,O-,9124512275
24663,Rahul Singh,30,Female,O+,9198403476
24664,Aman Reddy,32,Male,O+,9470564776
24665,Rahul Mehta,26,Male,A-,9157324229
24666,Neha Verma,49,Male,A+,9306046352
24667,Neha Singh,51,Male,O+,9198689197
24668,Pooja Verma,46,Male,O+,9969239711
24669,Arjun Sharma,35,Male,B+,9405070111
24670,Vikram Kapoor,40,Male,B-,9648812261
24671,Rohan Verma,21,Male,A+,9878572248
24672,Rohan Mehta,49,Male,B-,9565878262
24673,Neha Gupta,48,Male,AB-,9634127572
24674,Rahul Singh,50,Female,B+,9275254691
24675,Riya Singh,54,Female,AB+,9275050691
24676,Sahil Mehta,45,Male,B-,9437251411
24677,Neha Verma,58,Male,B+,9645938528
24678,Rahul Mehta,37,Female,A+,9578339350
24679,Arjun Singh,18,Male,O+,9736010863
24680,Rahul Mehta,25,Male,A+,9444619244
24681,Sneha Mehta,52,Female,O-,9216301050
24682,Riya Verma,52,Male,O+,9796829269
24683,Anjali Sharma,31,Female,O+,9847707343
24684,Karan Gupta,59,Female,B-,9860466572
24685,Sneha Patel,30,Male,A-,9767433057
24686,Sneha Singh,38,Female,B+,9858931859
24687,Anjali Reddy,35,Female,AB-,9382695098
24688,Neha Mehta,21,Female,B+,9525195035
24689,Kavya Patel,54,Male,AB-,9197109537
24690,Kavya Gupta,52,Female,B+,9821047371
24691,Divya Gupta,52,Male,B-,9213904214
24692,Pooja Reddy,19,Male,AB-,9364317846
24693,Anjali Singh,32,Male,B+,9605436203
24694,Priya Verma,20,Male,B+,9440241322
24695,Arjun Kapoor,46,Male,AB-,9964005389
24696,Aditya Verma,42,Male,A+,9102825549
24697,Anjali Gupta,18,Male,O-,9233387757
24698,Riya Sharma,33,Male,A+,9980392074
24699,Anjali Kapoor,23,Female,A+,9878223239
24700,Priya Singh,60,Female,AB+,9172492710
24701,Sahil Mehta,51,Female,B+,9774691268
24702,Pooja Patel,19,Female,AB+,9638965019
24703,Priya Mehta,23,Male,A+,9780473063
24704,Kavya Mehta,50,Female,AB-,9776663197
24705,Anjali Verma,41,Female,A-,9806036682
24706,Riya Verma,33,Female,B+,9772202239
24707,Kavya Reddy,21,Female,A+,9174525423
24708,Rahul Patel,51,Male,O+,9470162711
24709,Priya Kapoor,39,Female,O-,9814940679
24710,Vikram Gupta,36,Male,A-,9869553733
24711,Anjali Reddy,18,Male,A+,9378278477
24712,Priya Gupta,41,Female,O+,9601386172
24713,Vikram Gupta,28,Female,O-,9458516283
24714,Kavya Singh,41,Female,A-,9415574903
24715,Neha Gupta,57,Female,AB-,9261692348
24716,Sneha Gupta,47,Male,A-,9642317608
24717,Priya Singh,25,Female,B-,9393018627
24718,Aditya Singh,41,Male,B+,9209597012
24719,Karan Verma,58,Male,O+,9462484030
24720,Priya Kapoor,30,Female,O+,9365041744
24721,Riya Kapoor,45,Male,O+,9503456414
24722,Rahul Gupta,57,Male,B-,9425226696
24723,Anjali Mehta,51,Female,A-,9171574095
24724,Neha Mehta,19,Female,B+,9164496656
24725,Riya Verma,56,Female,A-,9886381800
24726,Anjali Singh,59,Male,A+,9373944884
24727,Kavya Sharma,20,Female,A+,9149339908
24728,Karan Kapoor,44,Female,O+,9488950085
24729,Pooja Verma,42,Male,AB+,9389580395
24730,Rahul Patel,23,Female,AB-,9584918787
24731,Aditya Mehta,33,Male,A-,9477060711
24732,Kavya Verma,58,Female,B+,9185351516
24733,Aman Sharma,33,Male,O+,9981580347
24734,Aditya Mehta,29,Female,AB-,9891966545
24735,Anjali Reddy,44,Female,O+,9800783309
24736,Pooja Patel,38,Male,A-,9773004888
24737,Rohan Sharma,19,Female,AB+,9695781249
24738,Riya Singh,58,Male,AB-,9865549348
24739,Sneha Gupta,60,Female,A-,9944322634
24740,Rahul Mehta,30,Male,O-,9850001628
24741,Riya Mehta,37,Female,B-,9921845448
24742,Anjali Reddy,55,Male,AB-,9179000699
24743,Rahul Sharma,45,Male,B+,9608420731
24744,Vikram Verma,52,Female,B+,9324119954
24745,Rahul Sharma,31,Female,B-,9508338542
24746,Sneha Singh,18,Female,B-,9875017847
24747,Priya Mehta,33,Female,O-,9554771389
24748,Anjali Reddy,27,Female,A+,9305365370
24749,Rahul Reddy,32,Female,B+,9406307360
24750,Karan Singh,25,Female,B-,9456521178
24751,Aman Patel,25,Female,B-,9435163149
24752,Sahil Verma,32,Male,O+,9319391511
24753,Rohan Singh,52,Male,A+,9940454352
24754,Kavya Kapoor,52,Male,AB+,9814574999
24755,Aditya Kapoor,50,Male,O-,9833748228
24756,Divya Reddy,57,Female,AB-,9738844241
24757,Aman Verma,18,Female,B+,9896597604
24758,Rahul Sharma,32,Female,A-,9617332284
24759,Divya Kapoor,46,Female,AB-,9662272935
24760,Riya Verma,44,Male,A+,9384932416
24761,Neha Gupta,44,Male,AB+,9790558297
24762,Anjali Verma,49,Female,A-,9286819011
24763,Arjun Singh,28,Female,O-,9810063137
24764,Rohan Mehta,36,Male,O+,9428402049
24765,Arjun Reddy,48,Female,O-,9642588145
24766,Kavya Gupta,23,Female,B-,9150647405
24767,Kavya Reddy,33,Male,O-,9512721889
24768,Sahil Reddy,23,Male,A-,9455720533
24769,Rohan Gupta,47,Male,B+,9667684347
24770,Sneha Mehta,41,Male,B-,9506899332
24771,Rohan Gupta,53,Female,B+,9739317789
24772,Priya Sharma,52,Male,AB+,9424148136
24773,Neha Verma,44,Male,B+,9350262105
24774,Divya Patel,49,Male,B+,9648361923
24775,Rahul Reddy,26,Male,AB+,9452793135
24776,Kavya Kapoor,60,Female,B-,9332762831
24777,Rahul Reddy,24,Female,AB+,9477766529
24778,Priya Singh,47,Male,B-,9167948918
24779,Pooja Singh,49,Female,A+,9399680477
24780,Priya Sharma,19,Female,A-,9107876337
24781,Pooja Patel,25,Male,AB+,9401041479
24782,Aman Reddy,25,Female,O-,9340191331
24783,Anjali Verma,42,Female,B-,9236419488
24784,Neha Kapoor,59,Female,B-,9688292180
24785,Sneha Sharma,20,Female,O-,9989744345
24786,Aditya Reddy,25,Female,O+,9395215494
24787,Priya Reddy,32,Female,O+,9488707662
24788,Arjun Gupta,28,Female,O-,9673532591
24789,Aman Verma,22,Female,AB+,9824678136
24790,Riya Singh,44,Female,A+,9171169338
24791,Pooja Singh,59,Male,B+,9746407397
24792,Sneha Patel,18,Female,B+,9241938040
24793,Pooja Sharma,18,Female,B-,9203322097
24794,Karan Reddy,54,Female,O-,9765935448
24795,Sneha Reddy,43,Male,O+,9578357292
24796,Rohan Patel,57,Male,O-,9773434239
24797,Aman Mehta,21,Male,B+,9641658887
24798,Sahil Singh,26,Female,O+,9970101849
24799,Sneha Reddy,25,Male,AB-,9949158906
24800,Aditya Reddy,59,Female,A+,9263709742
24801,Aditya Verma,55,Male,O-,9785553543
24802,Anjali Kapoor,56,Male,A+,9444300383
24803,Divya Mehta,52,Female,B-,9846917214
24804,Rahul Mehta,57,Male,AB+,9763846667
24805,Anjali Kapoor,44,Female,A+,9453633521
24806,Sneha Verma,24,Male,A-,9884120214
24807,Riya Mehta,22,Male,A+,9485257492
24808,Rohan Singh,37,Male,AB-,9231358010
24809,Divya Singh,39,Female,O+,9444751781
24810,Pooja Sharma,50,Male,O-,9742915981
24811,Aditya Patel,43,Male,O+,9287348702
24812,Kavya Kapoor,31,Male,AB-,9960395799
24813,Divya Kapoor,42,Female,O-,9523303455
24814,Kavya Sharma,33,Male,A+,9703822510
24815,Riya Verma,20,Female,O+,9646025427
24816,Aman Reddy,40,Female,B+,9507468520
24817,Pooja Singh,19,Male,A+,9259362482
24818,Anjali Sharma,52,Male,A+,9389080496
24819,Arjun Reddy,49,Female,B-,9930573722
24820,Anjali Singh,24,Male,O+,9583042611
24821,Pooja Verma,41,Female,B+,9619053873
24822,Karan Gupta,36,Male,B+,9432322678
24823,Neha Gupta,41,Male,A+,9132384046
24824,Divya Patel,52,Male,B-,9917723704
24825,Rahul Sharma,46,Male,AB-,9833892988
24826,Riya Reddy,26,Male,B-,9559588165
24827,Aditya Reddy,18,Male,B-,9465522231
24828,Arjun Sharma,47,Male,AB+,9151520339
24829,Rohan Mehta,29,Male,O+,9868569965
24830,Karan Kapoor,36,Male,A-,9950413855
24831,Rahul Sharma,29,Male,AB-,9423076060
24832,Rohan Patel,44,Female,O+,9961901969
24833,Karan Singh,37,Female,AB-,9919311568
24834,Riya Gupta,38,Female,AB+,9262327508
24835,Arjun Kapoor,18,Female,A+,9671121472
24836,Anjali Kapoor,36,Female,B-,9294686555
24837,Sneha Verma,49,Female,B+,9938584542
24838,Karan Gupta,49,Female,B+,9551423859
24839,Kavya Reddy,24,Female,O+,9942425587
24840,Sahil Reddy,33,Male,A+,9597270913
24841,Kavya Gupta,27,Male,O+,9798547433
24842,Rohan Singh,32,Female,AB+,9860031548
24843,Sneha Patel,31,Male,A+,9488004631
24844,Riya Patel,56,Male,O-,9861045907
24845,Riya Mehta,33,Male,B+,9854006029
24846,Pooja Singh,22,Female,AB-,9697347660
24847,Arjun Singh,22,Female,AB+,9556587887
24848,Pooja Gupta,20,Female,A+,9843226998
24849,Vikram Singh,26,Male,A+,9358744855
24850,Anjali Gupta,60,Female,B-,9244247780
24851,Priya Gupta,42,Female,B+,9421018831
24852,Sneha Mehta,43,Female,AB+,9489314769
24853,Anjali Sharma,46,Male,B-,9645231092
24854,Priya Verma,26,Male,A+,9594145641
24855,Sahil Gupta,35,Female,A+,9149400219
24856,Kavya Singh,33,Male,A-,9951990561
24857,Pooja Gupta,57,Male,O+,9891625359
24858,Kavya Kapoor,54,Female,B-,9159042297
24859,Rahul Singh,55,Female,A-,9762261205
24860,Aman Patel,25,Male,AB-,9353365077
24861,Anjali Patel,38,Male,B+,9801427690
24862,Karan Patel,54,Male,A-,9360347535
24863,Priya Verma,54,Female,B-,9686127096
24864,Kavya Mehta,26,Female,B-,9417414799
24865,Priya Reddy,51,Female,AB-,9532447675
24866,Sneha Kapoor,39,Female,A+,9230345919
24867,Anjali Sharma,36,Male,B+,9576244411
24868,Rahul Patel,35,Female,AB+,9363649128
24869,Rahul Kapoor,56,Male,O+,9120769195
24870,Karan Sharma,28,Female,O-,9809968610
24871,Anjali Verma,37,Female,A+,9798848934
24872,Sneha Gupta,19,Female,AB-,9139799989
24873,Rahul Verma,46,Female,AB+,9634957877
24874,Karan Reddy,30,Male,O-,9659632003
24875,Vikram Kapoor,27,Female,O-,9763842040
24876,Sahil Kapoor,33,Male,B-,9503463837
24877,Karan Mehta,24,Male,AB-,9164252045
24878,Divya Gupta,52,Male,A+,9941762805
24879,Arjun Gupta,53,Male,AB+,9560625332
24880,Kavya Gupta,24,Male,O-,9655052887
24881,Aman Sharma,42,Male,O-,9555255722
24882,Aman Sharma,30,Male,B-,9861816246
24883,Divya Kapoor,37,Female,B+,9467444757
24884,Rohan Singh,49,Male,AB+,9449510968
24885,Riya Gupta,45,Male,AB+,9583169463
24886,Vikram Gupta,53,Female,O-,9602620359
24887,Aditya Gupta,31,Female,B+,9938831762
24888,Karan Kapoor,49,Male,O-,9614065439
24889,Arjun Reddy,37,Male,O+,9618850014
24890,Sneha Kapoor,47,Male,A-,9963064418
24891,Rahul Sharma,36,Female,AB-,9758557353
24892,Arjun Kapoor,25,Male,A-,9254852987
24893,Sahil Singh,55,Female,A+,9504280538
24894,Anjali Gupta,21,Male,B-,9761699677
24895,Kavya Sharma,23,Male,O-,9736876024
24896,Vikram Reddy,40,Female,B+,9869063092
24897,Rohan Reddy,27,Female,O+,9362533305
24898,Sneha Reddy,33,Female,A+,9393658578
24899,Divya Reddy,52,Male,AB-,9408908161
24900,Priya Mehta,50,Female,A+,9340985353
24901,Divya Sharma,35,Female,A+,9912159253
24902,Sahil Mehta,40,Male,A+,9992742460
24903,Aditya Sharma,54,Male,A+,9710214861
24904,Neha Mehta,30,Male,A-,9792476876
24905,Pooja Sharma,58,Female,O-,9543648335
24906,Rohan Reddy,47,Female,B-,9569383071
24907,Priya Singh,40,Female,O-,9418466437
24908,Sahil Mehta,39,Female,AB+,9150021048
24909,Pooja Patel,21,Female,A-,9416221907
24910,Sneha Sharma,60,Male,A+,9307449993
24911,Aditya Gupta,59,Female,B-,9164983040
24912,Arjun Sharma,31,Female,O+,9984793107
24913,Aman Verma,60,Female,AB-,9305446488
24914,Divya Kapoor,35,Female,A+,9688188236
24915,Aditya Singh,19,Male,O-,9572517519
24916,Karan Sharma,53,Male,AB+,9842390953
24917,Rahul Patel,52,Female,AB-,9163443876
24918,Vikram Reddy,23,Male,AB-,9295033841
24919,Riya Verma,35,Female,A+,9453343600
24920,Anjali Sharma,40,Female,O-,9862907854
24921,Sahil Singh,55,Female,B+,9668766243
24922,Anjali Sharma,30,Female,A-,9256460695
24923,Sahil Mehta,21,Female,B+,9445302723
24924,Neha Patel,32,Male,O+,9619141115
24925,Kavya Kapoor,29,Male,O-,9387996190
24926,Sahil Sharma,48,Male,O+,9667479059
24927,Neha Sharma,27,Female,O-,9945799609
24928,Karan Gupta,35,Male,AB+,9896976946
24929,Sahil Kapoor,37,Female,B-,9239400210
24930,Rohan Kapoor,20,Female,O-,9417731038
24931,Kavya Gupta,52,Male,O+,9398476723
24932,Rohan Singh,37,Female,O-,9135726842
24933,Aditya Patel,20,Male,B+,9258362053
24934,Kavya Sharma,22,Female,B-,9239211112
24935,Sahil Reddy,37,Male,A+,9877094177
24936,Neha Patel,31,Female,AB-,9919166270
24937,Sahil Sharma,29,Female,B-,9240846356
24938,Karan Mehta,25,Female,O+,9226485487
24939,Anjali Mehta,20,Female,AB-,9896694600
24940,Anjali Mehta,55,Male,O-,9706174396
24941,Vikram Gupta,23,Male,B+,9590142894
24942,Pooja Patel,52,Male,A-,9357340964
24943,Anjali Gupta,18,Male,A-,9460836798
24944,Divya Mehta,48,Male,O+,9956733080
24945,Arjun Gupta,19,Female,O+,9775414498
24946,Rahul Singh,24,Female,AB-,9573432636
24947,Aditya Gupta,31,Female,A-,9513087139
24948,Priya Gupta,25,Male,B+,9925539108
24949,Divya Mehta,39,Male,A-,9875504363
24950,Neha Verma,58,Female,AB+,9775856134
24951,Anjali Verma,21,Male,A+,9157747558
24952,Aditya Verma,51,Female,O+,9526373318
24953,Divya Gupta,51,Female,A+,9274307640
24954,Divya Verma,50,Male,B-,9677501501
24955,Anjali Kapoor,58,Female,A-,9648291211
24956,Karan Gupta,53,Male,O+,9407036877
24957,Anjali Kapoor,36,Male,O+,9229725426
24958,Aditya Patel,30,Female,A-,9153027656
24959,Vikram Sharma,24,Female,B-,9699267882
24960,Riya Sharma,44,Female,O+,9208660776
24961,Vikram Patel,57,Female,AB+,9215827021
24962,Neha Verma,26,Female,A+,9998943862
24963,Aman Patel,35,Male,B+,9996594310
24964,Pooja Gupta,54,Male,AB-,9196718942
24965,Aman Mehta,36,Female,B-,9761415445
24966,Pooja Gupta,52,Female,AB-,9777670355
24967,Karan Mehta,18,Female,O+,9502600021
24968,Sneha Patel,38,Male,O-,9853235764
24969,Divya Patel,19,Female,AB-,9885131838
24970,Arjun Kapoor,56,Female,B+,9886901595
24971,Aman Gupta,60,Male,B-,9795873972
24972,Pooja Patel,25,Male,O-,9767738216
24973,Neha Verma,52,Female,A-,9445797462
24974,Rohan Singh,56,Female,A-,9928836813
24975,Divya Sharma,60,Male,AB+,9651384456
24976,Rohan Patel,39,Male,AB+,9260993033
24977,Aman Kapoor,35,Female,B-,9317057813
24978,Aditya Singh,45,Male,B+,9756414814
24979,Neha Reddy,21,Female,B+,9168206160
24980,Neha Verma,46,Male,B-,9892601827
24981,Aman Kapoor,57,Female,AB-,9543342017
24982,Anjali Reddy,28,Male,AB+,9679048478
24983,Sneha Kapoor,32,Female,B-,9994655359
24984,Kavya Sharma,56,Male,O+,9340778935
24985,Anjali Gupta,58,Female,B+,9549663646
24986,Priya Verma,22,Female,B-,9177414463
24987,Priya Singh,33,Male,B-,9140543717
24988,Anjali Reddy,30,Female,O-,9833504018
24989,Aman Gupta,38,Female,O-,9500106873
24990,Aman Reddy,51,Female,AB-,9150885406
24991,Aman Patel,21,Female,A-,9391817363
24992,Pooja Sharma,23,Female,B-,9844471163
24993,Anjali Patel,26,Male,B+,9165067399
24994,Karan Kapoor,38,Female,B-,9150201747
24995,Anjali Sharma,23,Male,B-,9513881257
24996,Anjali Verma,21,Male,O-,9723608183
24997,Rohan Sharma,53,Female,A+,9618546704
24998,Anjali Singh,31,Female,O+,9676187500
24999,Priya Sharma,34,Female,B+,9943099309
25000,Rahul Kapoor,29,Female,O+,9309448688
25001,Karan Mehta,24,Male,A+,9533452010
25002,Rohan Reddy,53,Female,AB-,9246284694
25003,Priya Reddy,48,Male,O-,9229423507
25004,Sahil Patel,29,Male,O-,9778096919
25005,Divya Sharma,42,Female,AB+,9563951315
25006,Riya Patel,25,Female,O+,9579785665
25007,Rohan Sharma,43,Male,A+,9676642121
25008,Riya Singh,33,Male,O-,9433309954
25009,Riya Verma,47,Female,A-,9912302840
25010,Pooja Verma,56,Female,B+,9445276752
25011,Aditya Verma,39,Female,AB+,9991883050
25012,Rahul Sharma,51,Male,A-,9976815495
25013,Divya Mehta,47,Male,AB-,9887267932
25014,Divya Mehta,22,Female,B-,9900585172
25015,Aditya Singh,53,Male,B+,9238556130
25016,Kavya Reddy,26,Male,O-,9925891900
25017,Kavya Patel,46,Female,O+,9779727387
25018,Rohan Gupta,44,Female,AB+,9162345172
25019,Aditya Sharma,53,Male,A-,9319783083
25020,Karan Verma,47,Female,B+,9148688995
25021,Priya Gupta,48,Male,A+,9306622238
25022,Kavya Gupta,54,Male,O-,9758421946
25023,Sahil Patel,49,Female,O+,9112504419
25024,Aman Mehta,33,Female,A-,9350655943
25025,Divya Mehta,37,Female,O-,9546633277
25026,Rahul Reddy,29,Male,O+,9399675963
25027,Sahil Verma,30,Male,O+,9480049251
25028,Arjun Kapoor,21,Female,AB-,9354964093
25029,Divya Singh,42,Female,A+,9737135634
25030,Kavya Kapoor,41,Male,O+,9826244147
25031,Neha Verma,32,Male,B+,9187594467
25032,Neha Patel,34,Female,A+,9871691036
25033,Rahul Gupta,33,Male,AB+,9600347270
25034,Sneha Verma,57,Male,AB+,9684584680
25035,Divya Singh,30,Female,A+,9289587116
25036,Vikram Patel,57,Female,O-,9284506247
25037,Aman Verma,45,Male,O-,9702599993
25038,Riya Mehta,50,Female,B-,9861472551
25039,Aditya Verma,36,Male,B+,9466191741
25040,Sahil Mehta,47,Female,B+,9639118127
25041,Rohan Mehta,37,Female,O+,9454400960
25042,Divya Gupta,47,Female,AB-,9461133853
25043,Rahul Patel,28,Female,A-,9433384342
25044,Priya Gupta,37,Female,A+,9271215783
25045,Aman Mehta,34,Female,A+,9341178769
25046,Priya Singh,31,Male,A-,9844696245
25047,Kavya Verma,18,Female,A-,9889649526
25048,Rahul Patel,58,Male,B-,9339146494
25049,Sneha Mehta,48,Female,B+,9673392961
25050,Rahul Verma,59,Male,AB-,9464907254
25051,Rohan Gupta,59,Female,O-,9201480076
25052,Aditya Verma,35,Female,AB+,9262957208
25053,Sahil Mehta,60,Female,A+,9696045271
25054,Rahul Sharma,54,Male,B-,9790759789
25055,Kavya Singh,40,Female,AB+,9776205293
25056,Aman Kapoor,44,Female,O+,9133792397
25057,Anjali Mehta,37,Female,A+,9401753399
25058,Aman Sharma,60,Male,B+,9997448715
25059,Aditya Reddy,58,Female,O-,9295958064
25060,Sahil Kapoor,46,Male,O+,9235313352
25061,Sahil Reddy,29,Female,O-,9311703103
25062,Arjun Verma,53,Female,A+,9898254937
25063,Aditya Reddy,26,Female,O-,9932757337
25064,Sneha Verma,50,Female,O+,9157367580
25065,Divya Reddy,45,Male,AB-,9624551780
25066,Rohan Sharma,23,Female,B+,9562718064
25067,Riya Mehta,55,Female,A-,9281842510
25068,Karan Gupta,33,Male,A-,9606279099
25069,Vikram Verma,35,Female,O+,9566492037
25070,Priya Kapoor,47,Male,AB+,9823627211
25071,Neha Sharma,37,Male,AB-,9214815265
25072,Sahil Sharma,36,Female,B+,9994114868
25073,Riya Verma,25,Male,O-,9550046842
25074,Riya Kapoor,31,Male,A-,9512437834
25075,Aman Verma,56,Female,AB+,9566310362
25076,Sneha Gupta,41,Female,A-,9632933329
25077,Vikram Singh,24,Female,A-,9794994659
25078,Rahul Verma,53,Male,O+,9562961429
25079,Pooja Reddy,47,Male,O+,9115828869
25080,Rahul Verma,29,Male,B+,9661978221
25081,Aman Singh,57,Male,B-,9605541143
25082,Divya Reddy,23,Female,A+,9983977755
25083,Karan Verma,58,Male,B-,9540535824
25084,Neha Verma,31,Female,AB+,9769048327
25085,Rohan Verma,32,Male,AB+,9669858985
25086,Karan Singh,46,Male,B+,9979032977
25087,Arjun Patel,45,Male,AB+,9145852801
25088,Rahul Patel,47,Female,A-,9441123506
25089,Neha Singh,58,Female,B-,9743909160
25090,Rahul Mehta,22,Female,O-,9252281274
25091,Aditya Patel,33,Male,B+,9750714430
25092,Arjun Kapoor,49,Female,AB-,9423087622
25093,Aditya Gupta,29,Female,B+,9373611333
25094,Priya Sharma,24,Female,O-,9708074371
25095,Sahil Reddy,35,Female,AB-,9293353064
25096,Arjun Reddy,60,Male,A-,9467520258
25097,Anjali Reddy,28,Male,O-,9253931194
25098,Pooja Singh,54,Female,B+,9158428318
25099,Rohan Sharma,50,Female,B-,9760041890
25100,Aditya Patel,22,Male,AB-,9695953083
25101,Aditya Singh,39,Female,B+,9879867924
25102,Karan Gupta,27,Female,O+,9841269885
25103,Anjali Singh,43,Female,A+,9729967409
25104,Divya Kapoor,58,Female,AB-,9146899190
25105,Aman Mehta,32,Male,O-,9847666654
25106,Priya Verma,60,Female,A-,9417330435
25107,Karan Verma,20,Female,O+,9256489672
25108,Neha Verma,25,Male,O-,9391975308
25109,Divya Singh,25,Female,O-,9567952141
25110,Divya Kapoor,20,Female,O+,9573727134
25111,Kavya Mehta,38,Male,B-,9289253651
25112,Vikram Patel,27,Female,B-,9781496537
25113,Sahil Mehta,60,Female,A-,9362637484
25114,Aditya Reddy,59,Female,O-,9470184454
25115,Rahul Singh,34,Male,AB-,9195335170
25116,Vikram Sharma,29,Female,A+,9887455676
25117,Rahul Mehta,31,Male,O+,9450078366
25118,Kavya Gupta,60,Female,A-,9535380798
25119,Pooja Mehta,35,Male,O+,9300151655
25120,Neha Gupta,33,Male,A-,9625448148
25121,Kavya Gupta,27,Female,AB-,9830498107
25122,Divya Mehta,42,Female,AB+,9694059394
25123,Sahil Sharma,31,Female,AB-,9165837028
25124,Rohan Mehta,58,Female,B-,9960488872
25125,Neha Patel,46,Female,O+,9752851170
25126,Sahil Kapoor,30,Female,AB-,9294589208
25127,Rahul Reddy,57,Male,O+,9128374634
25128,Sneha Mehta,48,Male,B-,9356536157
25129,Rahul Verma,32,Female,A+,9175513733
25130,Aman Mehta,24,Male,A+,9820325775
25131,Aman Patel,37,Female,A-,9310212853
25132,Rohan Gupta,60,Female,O-,9775657985
25133,Sneha Mehta,21,Female,AB+,9148113986
25134,Aditya Gupta,24,Female,AB+,9473069175
25135,Pooja Reddy,54,Female,B+,9466548750
25136,Aman Sharma,22,Female,A-,9873383114
25137,Rahul Verma,27,Male,AB-,9255249535
25138,Rohan Verma,32,Female,A+,9174329466
25139,Rohan Mehta,45,Male,O-,9536422444
25140,Rohan Sharma,20,Female,B-,9387458089
25141,Rahul Mehta,19,Female,O-,9529375343
25142,Aman Sharma,44,Female,B-,9917029983
25143,Divya Sharma,46,Female,A+,9766454446
25144,Neha Patel,47,Male,A+,9312928286
25145,Neha Kapoor,44,Female,B+,9377177832
25146,Divya Singh,30,Male,AB-,9668275417
25147,Priya Patel,20,Female,B-,9484476190
25148,Anjali Kapoor,36,Female,O-,9599688662
25149,Pooja Sharma,31,Male,O-,9494193608
25150,Divya Singh,57,Male,O+,9727287766
25151,Vikram Verma,53,Female,A+,9972524019
25152,Arjun Sharma,34,Male,AB+,9443523481
25153,Rahul Reddy,41,Female,A+,9275697419
25154,Rohan Gupta,53,Female,B-,9403710045
25155,Arjun Reddy,25,Female,AB-,9128434767
25156,Pooja Kapoor,55,Female,A+,9869398948
25157,Sahil Reddy,56,Male,AB+,9429443423
25158,Divya Reddy,30,Female,AB+,9700157285
25159,Aditya Mehta,19,Female,B-,9926935795
25160,Riya Gupta,27,Female,AB+,9492609780
25161,Pooja Gupta,42,Female,A+,9307729269
25162,Divya Patel,44,Female,A-,9633748507
25163,Aman Reddy,32,Male,O+,9617571850
25164,Riya Reddy,35,Female,AB+,9254435033
25165,Anjali Mehta,34,Male,B-,9481454188
25166,Aditya Reddy,34,Female,B-,9727375004
25167,Aditya Patel,51,Female,AB+,9916871688
25168,Vikram Verma,55,Male,A-,9378587912
25169,Aman Kapoor,38,Male,O+,9461312347
25170,Aditya Sharma,57,Male,O+,9131615910
25171,Arjun Patel,24,Female,AB-,9625201149
25172,Divya Verma,21,Female,A-,9495302379
25173,Rahul Kapoor,39,Female,B-,9668526153
25174,Aman Patel,24,Male,O-,9871436492
25175,Aditya Singh,22,Female,O-,9578339324
25176,Arjun Verma,18,Female,O-,9809636637
25177,Aditya Sharma,50,Female,B+,9691733332
25178,Sahil Kapoor,48,Female,O+,9415516739
25179,Sneha Patel,56,Male,O+,9276243093
25180,Arjun Gupta,41,Female,B-,9525127781
25181,Rahul Patel,52,Male,O-,9222053807
25182,Karan Reddy,40,Female,B+,9146211485
25183,Riya Gupta,30,Female,AB-,9207363231
25184,Sahil Verma,18,Female,B-,9626062222
25185,Vikram Mehta,39,Male,B+,9304449137
25186,Kavya Kapoor,40,Male,O-,9219459002
25187,Aman Verma,44,Female,AB-,9907467904
25188,Riya Reddy,21,Female,A+,9363383024
25189,Rahul Patel,50,Male,AB+,9261139406
25190,Aman Singh,21,Female,O-,9506994549
25191,Priya Sharma,58,Female,AB-,9121473118
25192,Priya Gupta,28,Female,O+,9693544755
25193,Neha Singh,32,Male,O+,9104473031
25194,Rahul Reddy,50,Male,A+,9895278035
25195,Kavya Gupta,44,Male,O+,9974783741
25196,Neha Singh,36,Female,AB+,9759421050
25197,Priya Gupta,33,Male,AB-,9574767824
25198,Sahil Kapoor,60,Male,B-,9102837382
25199,Pooja Kapoor,23,Female,O+,9527536411
25200,Vikram Verma,34,Female,AB+,9747054817
25201,Sneha Singh,37,Female,O+,9268554682
25202,Sahil Gupta,57,Female,B+,9458753152
25203,Riya Kapoor,56,Female,AB-,9588968726
25204,Riya Singh,47,Female,AB-,9358108383
25205,Aditya Mehta,25,Male,AB-,9463483898
25206,Sahil Sharma,27,Male,A+,9301300812
25207,Vikram Reddy,39,Female,A-,9250583091
25208,Aditya Mehta,30,Male,A-,9297616044
25209,Sahil Kapoor,41,Male,AB-,9511519929
25210,Sneha Sharma,37,Female,A-,9345836180
25211,Kavya Patel,20,Male,AB+,9599652276
25212,Pooja Singh,30,Female,B+,9817021284
25213,Pooja Verma,50,Male,B-,9167571740
25214,Rahul Verma,20,Male,A+,9499041940
25215,Pooja Reddy,39,Female,B+,9808947272
25216,Divya Kapoor,21,Female,B-,9165940423
25217,Rahul Mehta,43,Female,AB-,9922816506
25218,Arjun Patel,51,Female,B+,9107341191
25219,Kavya Reddy,58,Male,AB-,9495376474
25220,Rahul Gupta,25,Male,O+,9942147827
25221,Sneha Sharma,33,Male,A-,9483663218
25222,Sneha Gupta,58,Male,B-,9327457750
25223,Rahul Reddy,28,Female,B+,9995578138
25224,Aman Reddy,56,Female,O+,9607461199
25225,Aditya Sharma,18,Female,AB+,9797202169
25226,Pooja Sharma,45,Male,AB-,9881708506
25227,Divya Mehta,32,Male,A+,9255039387
25228,Anjali Gupta,45,Female,O+,9799746272
25229,Aditya Patel,55,Male,O+,9454917321
25230,Karan Gupta,40,Female,AB-,9852384644
25231,Aman Gupta,30,Female,B+,9373237512
25232,Sneha Reddy,43,Female,AB-,9723157643
25233,Riya Sharma,43,Female,A+,9372845919
25234,Rohan Kapoor,20,Male,O+,9708170754
25235,Sneha Singh,45,Female,O+,9185974025
25236,Pooja Singh,52,Male,O-,9527325449
25237,Arjun Kapoor,28,Male,B-,9682417950
25238,Sahil Verma,24,Female,AB+,9156379461
25239,Sahil Singh,57,Female,O+,9439717777
25240,Rohan Mehta,27,Female,AB-,9291496566
25241,Aman Patel,21,Female,A+,9279689694
25242,Neha Gupta,46,Female,O-,9969050695
25243,Priya Sharma,19,Male,A-,9579062978
25244,Pooja Verma,59,Male,A+,9935692724
25245,Sahil Verma,41,Female,A+,9328282828
25246,Riya Reddy,21,Male,AB+,9924659846
25247,Anjali Kapoor,45,Male,B+,9737489351
25248,Karan Gupta,59,Female,O-,9193534985
25249,Riya Verma,19,Female,B+,9459682190
25250,Arjun Patel,50,Male,AB+,9159823001
25251,Pooja Singh,43,Female,AB-,9628891832
25252,Aditya Kapoor,31,Male,O-,9114763353
25253,Riya Verma,41,Male,AB+,9271225875
25254,Neha Patel,29,Female,AB-,9803669757
25255,Aman Mehta,52,Female,O+,9475449467
25256,Kavya Verma,20,Male,AB-,9410922116
25257,Karan Patel,33,Female,AB+,9904982390
25258,Arjun Reddy,53,Female,B-,9248770437
25259,Riya Sharma,48,Female,B-,9380043913
25260,Pooja Mehta,39,Male,B-,9414690213
25261,Anjali Gupta,51,Male,AB+,9183260604
25262,Sneha Kapoor,28,Male,AB-,9993300305
25263,Divya Kapoor,39,Female,O+,9811080100
25264,Aman Mehta,45,Female,B+,9614786602
25265,Priya Verma,27,Female,O-,9449679998
25266,Aman Kapoor,34,Female,A+,9689436300
25267,Neha Sharma,49,Male,B-,9784775762
25268,Aditya Singh,30,Male,AB-,9721508132
25269,Kavya Kapoor,25,Female,B-,9389712425
25270,Divya Patel,23,Female,B-,9624802969
25271,Sahil Gupta,28,Male,O+,9822820557
25272,Priya Mehta,36,Male,B-,9535212893
25273,Rahul Singh,27,Male,B+,9615673428
25274,Sahil Sharma,59,Male,O+,9551993138
25275,Vikram Sharma,18,Male,O-,9738385400
25276,Karan Gupta,52,Female,O+,9968832625
25277,Sahil Sharma,22,Male,AB-,9312189425
25278,Sneha Reddy,28,Female,B-,9728133184
25279,Priya Mehta,58,Female,B-,9137698834
25280,Neha Kapoor,43,Male,B+,9126456106
25281,Rahul Singh,51,Female,O-,9492084541
25282,Pooja Sharma,34,Female,A+,9533996515
25283,Arjun Reddy,24,Male,O+,9576691916
25284,Pooja Kapoor,30,Female,O-,9458336702
25285,Aman Singh,21,Female,B-,9419530874
25286,Rahul Gupta,47,Male,O+,9693429440
25287,Karan Mehta,60,Female,A-,9797192350
25288,Arjun Sharma,49,Female,B-,9617221959
25289,Aman Gupta,56,Female,O+,9831337908
25290,Arjun Verma,28,Male,B-,9117960840
25291,Aditya Verma,56,Female,B-,9816263808
25292,Aditya Sharma,40,Male,O+,9948915496
25293,Pooja Singh,26,Male,A-,9187085494
25294,Kavya Singh,51,Female,A+,9309382207
25295,Riya Reddy,38,Male,AB+,9189941285
25296,Pooja Reddy,24,Female,O+,9508246109
25297,Vikram Gupta,32,Female,AB+,9173720956
25298,Vikram Sharma,31,Male,O+,9261466293
25299,Rohan Sharma,34,Male,A-,9242297023
25300,Arjun Singh,21,Male,B-,9673249348
25301,Aman Reddy,38,Female,A-,9499568126
25302,Sneha Mehta,47,Female,AB+,9651027253
25303,Rahul Reddy,28,Female,A-,9218791460
25304,Kavya Reddy,54,Female,O+,9435314782
25305,Priya Gupta,54,Female,O-,9421957257
25306,Sneha Gupta,45,Female,AB-,9885526422
25307,Sneha Mehta,48,Male,O+,9529104078
25308,Vikram Verma,39,Female,AB-,9721008774
25309,Divya Reddy,41,Female,A-,9396975641
25310,Riya Reddy,57,Male,O+,9182485946
25311,Pooja Sharma,59,Female,A-,9655759732
25312,Anjali Reddy,20,Male,A+,9931175545
25313,Karan Patel,24,Male,A-,9289247099
25314,Divya Verma,57,Female,O-,9155171280
25315,Divya Verma,23,Male,O+,9246557697
25316,Kavya Singh,52,Male,AB-,9217612337
25317,Rahul Sharma,29,Male,AB+,9909890220
25318,Sneha Verma,57,Female,O-,9571287782
25319,Sneha Kapoor,44,Female,AB+,9961949040
25320,Karan Singh,31,Male,B+,9161324104
25321,Aman Sharma,48,Female,O-,9636374750
25322,Rohan Reddy,52,Female,B+,9189499205
25323,Neha Sharma,56,Female,A-,9295292102
25324,Aman Patel,32,Female,O+,9706239648
25325,Sneha Patel,26,Male,B-,9435165566
25326,Pooja Verma,53,Male,AB-,9957369435
25327,Divya Kapoor,34,Female,B-,9305224353
25328,Sneha Sharma,32,Male,B+,9359924607
25329,Neha Patel,33,Female,O-,9659171685
25330,Rohan Reddy,48,Male,AB-,9707011688
25331,Priya Sharma,26,Male,A-,9583638778
25332,Rahul Sharma,52,Male,B-,9849072237
25333,Aditya Patel,19,Male,A-,9968488146
25334,Arjun Sharma,37,Male,O+,9724315175
25335,Sneha Sharma,55,Male,O+,9649938545
25336,Anjali Verma,28,Male,A-,9425423543
25337,Rohan Kapoor,19,Female,B+,9200876335
25338,Priya Sharma,32,Female,AB+,9431476159
25339,Neha Reddy,33,Male,O+,9255576996
25340,Divya Singh,52,Female,O-,9938120868
25341,Rahul Gupta,51,Male,O+,9538909084
25342,Sneha Kapoor,55,Female,O+,9336910851
25343,Karan Mehta,45,Male,AB-,9306928135
25344,Pooja Gupta,51,Male,B-,9425588856
25345,Neha Mehta,18,Female,A-,9412286032
25346,Sahil Reddy,41,Male,O-,9950660719
25347,Aman Singh,52,Female,O-,9259803531
25348,Divya Kapoor,39,Female,AB+,9942559611
25349,Aman Kapoor,56,Male,AB-,9603950371
25350,Karan Sharma,55,Male,O+,9345017207
25351,Divya Sharma,31,Female,AB-,9436203970
25352,Rahul Patel,58,Female,A-,9216938606
25353,Sneha Singh,20,Male,A-,9556007970
25354,Priya Gupta,37,Female,B-,9696436613
25355,Kavya Kapoor,49,Male,O-,9133461604
25356,Divya Verma,24,Male,B+,9560050614
25357,Neha Gupta,40,Female,A+,9998612246
25358,Arjun Verma,34,Female,AB+,9806252204
25359,Pooja Singh,42,Male,AB-,9972652099
25360,Aditya Verma,56,Female,B+,9629550770
25361,Aditya Reddy,39,Female,A-,9460668940
25362,Aman Kapoor,29,Male,AB-,9744866265
25363,Arjun Kapoor,47,Male,A-,9903735215
25364,Divya Verma,52,Male,O+,9380767114
25365,Divya Sharma,36,Male,A-,9171360368
25366,Rohan Kapoor,24,Male,AB+,9980055247
25367,Riya Reddy,54,Male,A-,9521490472
25368,Vikram Sharma,27,Male,A-,9317303522
25369,Rohan Sharma,29,Female,AB+,9157874246
25370,Rahul Verma,31,Male,B+,9475344155
25371,Pooja Singh,24,Male,A+,9304528850
25372,Anjali Reddy,56,Male,B-,9986883080
25373,Aditya Verma,49,Female,AB-,9536879150
25374,Vikram Kapoor,35,Male,B-,9455598097
25375,Aman Kapoor,24,Male,A+,9106365015
25376,Rahul Gupta,30,Female,B-,9594147727
25377,Aditya Gupta,48,Female,O-,9171035200
25378,Rohan Patel,22,Male,AB+,9872379651
25379,Sneha Sharma,18,Male,B+,9908376862
25380,Rohan Singh,33,Female,A+,9286399465
25381,Karan Singh,60,Female,O-,9856791563
25382,Vikram Mehta,40,Female,A-,9256474310
25383,Sahil Kapoor,46,Female,AB-,9698964108
25384,Anjali Reddy,34,Male,O+,9715944719
25385,Pooja Kapoor,40,Female,AB-,9911137045
25386,Neha Patel,29,Female,O-,9744531987
25387,Rohan Mehta,51,Male,A-,9747807461
25388,Pooja Gupta,46,Female,O-,9505653393
25389,Divya Sharma,23,Male,AB+,9610145855
25390,Karan Reddy,21,Female,B-,9940051459
25391,Arjun Gupta,23,Male,AB+,9157182090
25392,Aman Gupta,36,Female,AB+,9997181067
25393,Kavya Singh,26,Male,O+,9887226406
25394,Rohan Kapoor,59,Male,A-,9771976125
25395,Karan Kapoor,38,Male,B-,9249849270
25396,Aditya Mehta,30,Female,A+,9638948076
25397,Vikram Sharma,28,Male,AB+,9137136507
25398,Riya Mehta,51,Female,AB-,9563915282
25399,Pooja Mehta,40,Male,A+,9970168115
25400,Neha Sharma,47,Male,O-,9105561482
25401,Anjali Gupta,48,Male,O-,9709561236
25402,Rohan Mehta,56,Female,O+,9591878263
25403,Sahil Reddy,44,Female,B-,9292015270
25404,Vikram Gupta,36,Female,AB+,9385669821
25405,Riya Patel,49,Male,A+,9805005071
25406,Anjali Sharma,31,Male,B-,9847694416
25407,Priya Patel,36,Male,AB+,9240682701
25408,Kavya Singh,60,Male,B-,9968728717
25409,Divya Mehta,44,Female,O+,9128017014
25410,Arjun Verma,21,Female,AB-,9358499603
25411,Aditya Patel,39,Female,B-,9763125037
25412,Anjali Reddy,41,Male,O-,9484398201
25413,Aman Mehta,35,Female,B-,9883165424
25414,Rahul Kapoor,47,Male,B-,9247871732
25415,Rahul Sharma,32,Male,B+,9616541420
25416,Rohan Singh,24,Male,A+,9747480256
25417,Priya Sharma,35,Male,AB-,9945227556
25418,Aman Patel,56,Female,B+,9944589246
25419,Vikram Reddy,47,Male,A+,9646578166
25420,Divya Sharma,55,Male,B+,9241879300
25421,Neha Kapoor,21,Female,AB-,9500562252
25422,Neha Verma,46,Male,AB+,9752314693
25423,Kavya Patel,42,Male,B-,9108137303
25424,Rohan Verma,22,Male,B+,9553558048
25425,Neha Patel,28,Male,O+,9532377574
25426,Aditya Kapoor,52,Female,O-,9534599910
25427,Vikram Verma,33,Female,O-,9251341934
25428,Kavya Gupta,18,Male,B+,9516580129
25429,Sneha Verma,23,Male,B+,9616445082
25430,Arjun Mehta,26,Male,B+,9361413828
25431,Riya Singh,49,Female,O+,9654549877
25432,Vikram Reddy,33,Female,AB-,9885278382
25433,Sahil Singh,57,Female,B-,9231016574
25434,Aman Verma,53,Male,A-,9634352143
25435,Aditya Mehta,37,Male,A+,9499713933
25436,Rohan Mehta,22,Female,A-,9862284511
25437,Rahul Sharma,56,Male,A-,9991740704
25438,Kavya Mehta,28,Female,B+,9139648255
25439,Rohan Sharma,41,Female,AB+,9833993629
25440,Pooja Gupta,51,Male,A+,9293657539
25441,Neha Singh,19,Female,A-,9625008228
25442,Riya Singh,55,Male,O-,9672759994
25443,Neha Sharma,59,Female,AB+,9954226198
25444,Rahul Kapoor,42,Female,AB+,9435617771
25445,Priya Singh,33,Female,A+,9781360220
25446,Divya Singh,38,Female,O-,9504787590
25447,Aditya Patel,18,Male,O-,9900479168
25448,Neha Verma,54,Male,O+,9966845306
25449,Pooja Gupta,36,Female,B+,9413396747
25450,Rohan Singh,21,Male,AB-,9844052179
25451,Rahul Singh,24,Male,A-,9228673398
25452,Aditya Gupta,28,Male,O-,9113223362
25453,Pooja Sharma,20,Male,A+,9840795656
25454,Anjali Patel,34,Female,A+,9781684605
25455,Karan Gupta,20,Female,B+,9964339387
25456,Sneha Patel,23,Male,A-,9187641454
25457,Rohan Verma,55,Male,B+,9153873334
25458,Sahil Reddy,60,Male,B+,9320663204
25459,Pooja Sharma,49,Male,A-,9937261271
25460,Sneha Patel,52,Female,A-,9758706752
25461,Karan Singh,33,Male,B-,9863975832
25462,Kavya Gupta,47,Male,AB+,9617581798
25463,Neha Patel,51,Female,B-,9684419678
25464,Karan Singh,43,Female,O-,9631230250
25465,Kavya Reddy,45,Female,B-,9741323709
25466,Priya Singh,54,Female,B+,9646410006
25467,Karan Sharma,32,Female,AB+,9776448427
25468,Arjun Patel,44,Male,AB-,9976057835
25469,Riya Sharma,42,Female,A+,9124588812
25470,Sneha Sharma,54,Male,A+,9297620459
25471,Sneha Sharma,49,Female,AB-,9944291643
25472,Priya Reddy,53,Female,B-,9240971786
25473,Sahil Gupta,45,Male,B+,9808259571
25474,Priya Singh,48,Female,B+,9883157028
25475,Sneha Gupta,32,Female,AB-,9132700170
25476,Neha Mehta,31,Male,A-,9167676964
25477,Karan Verma,50,Male,B-,9743741441
25478,Priya Kapoor,31,Male,AB+,9147890272
25479,Divya Sharma,48,Female,B-,9439396912
25480,Arjun Gupta,52,Male,O-,9154793661
25481,Anjali Reddy,22,Male,A+,9365978657
25482,Kavya Sharma,21,Male,AB+,9244222877
25483,Anjali Kapoor,55,Male,O+,9362361225
25484,Aditya Mehta,37,Male,O+,9369290352
25485,Aman Reddy,46,Male,B-,9429212942
25486,Anjali Sharma,22,Male,A-,9833223882
25487,Karan Patel,51,Male,AB+,9576903141
25488,Aman Gupta,34,Female,B+,9593880611
25489,Priya Kapoor,29,Female,B-,9977040623
25490,Pooja Sharma,39,Male,B+,9230757155
25491,Aman Singh,47,Male,AB-,9787248024
25492,Sahil Sharma,44,Female,O-,9942072344
25493,Kavya Kapoor,40,Female,AB+,9449701514
25494,Neha Verma,40,Female,B+,9491392665
25495,Riya Verma,56,Male,AB-,9813325700
25496,Neha Patel,22,Male,O-,9553715418
25497,Neha Kapoor,46,Male,A-,9431497796
25498,Rahul Sharma,37,Male,AB+,9390885989
25499,Divya Gupta,58,Male,A+,9335383932
25500,Sneha Sharma,58,Female,O+,9637576346
25501,Anjali Gupta,28,Female,B-,9508909779
25502,Karan Kapoor,28,Female,B-,9882035428
25503,Karan Verma,50,Female,A-,9223241929
25504,Sneha Kapoor,57,Male,A-,9668577264
25505,Pooja Mehta,40,Female,AB+,9432398039
25506,Priya Singh,47,Male,AB-,9919635749
25507,Pooja Sharma,56,Male,AB-,9799409869
25508,Riya Verma,39,Male,B+,9322957944
25509,Sneha Gupta,37,Male,O+,9627152621
25510,Vikram Patel,32,Male,O-,9356082553
25511,Anjali Reddy,36,Female,O-,9190612016
25512,Rohan Mehta,44,Male,O-,9562543586
25513,Neha Patel,27,Female,O+,9308247624
25514,Aman Mehta,50,Female,AB+,9430019227
25515,Arjun Mehta,19,Female,AB-,9960195131
25516,Aman Mehta,23,Female,B-,9551059803
25517,Rahul Verma,19,Female,A-,9698210532
25518,Pooja Sharma,43,Female,AB-,9396730692
25519,Pooja Mehta,19,Female,A-,9682995537
25520,Sahil Mehta,57,Male,B-,9246221123
25521,Kavya Gupta,41,Male,B-,9124755994
25522,Karan Sharma,42,Male,B+,9565416708
25523,Rohan Sharma,59,Female,A+,9903696978
25524,Pooja Patel,39,Male,O+,9553254833
25525,Sahil Verma,54,Male,A+,9196146312
25526,Sahil Singh,31,Male,AB+,9911484416
25527,Kavya Singh,20,Female,B+,9277980764
25528,Sahil Mehta,32,Male,O+,9481692622
25529,Sneha Mehta,58,Male,B+,9237654786
25530,Vikram Verma,40,Male,B+,9472124155
25531,Rohan Kapoor,54,Female,A-,9733694312
25532,Rohan Mehta,27,Male,B+,9524382373
25533,Aman Gupta,60,Male,B-,9537486852
25534,Neha Verma,19,Male,A+,9717009913
25535,Aditya Verma,59,Male,O+,9820770112
25536,Rahul Gupta,22,Male,AB+,9273549717
25537,Arjun Verma,38,Male,A-,9762446668
25538,Anjali Sharma,22,Male,B-,9197255970
25539,Riya Patel,23,Female,A+,9604673464
25540,Priya Sharma,30,Female,AB-,9487307814
25541,Aman Verma,42,Female,A-,9260233874
25542,Anjali Patel,22,Male,A-,9829787260
25543,Vikram Gupta,39,Female,AB-,9679826057
25544,Rahul Sharma,21,Male,B+,9914947326
25545,Vikram Sharma,59,Male,O+,9703932031
25546,Kavya Gupta,54,Female,A-,9726968211
25547,Anjali Patel,27,Female,B-,9614661100
25548,Aditya Patel,33,Male,AB+,9605551741
25549,Divya Mehta,55,Female,A+,9962940667
25550,Pooja Reddy,36,Female,AB+,9174005456
25551,Riya Verma,51,Male,B-,9425547778
25552,Pooja Reddy,22,Male,AB+,9793575370
25553,Sahil Mehta,18,Male,A-,9859020759
25554,Riya Verma,50,Male,B-,9549808029
25555,Sahil Patel,58,Female,O+,9288836181
25556,Anjali Patel,60,Female,AB-,9494883497
25557,Kavya Mehta,48,Female,B+,9574935649
25558,Aman Sharma,27,Male,AB+,9931476474
25559,Priya Mehta,46,Male,B-,9842091848
25560,Vikram Mehta,57,Female,B+,9866781809
25561,Divya Sharma,52,Male,B-,9109120967
25562,Rohan Sharma,19,Female,O-,9852818876
25563,Sahil Kapoor,42,Female,O-,9362679858
25564,Sneha Patel,53,Male,O+,9343682864
25565,Aman Mehta,22,Female,A+,9471275545
25566,Divya Gupta,57,Male,O-,9436146760
25567,Karan Kapoor,48,Male,A+,9132672059
25568,Divya Kapoor,56,Female,B-,9768211527
25569,Neha Sharma,43,Male,B-,9462705752
25570,Neha Mehta,50,Female,B+,9785744889
25571,Arjun Sharma,20,Female,O+,9249593161
25572,Rohan Mehta,30,Male,O+,9853175714
25573,Rohan Gupta,39,Male,AB-,9652588007
25574,Anjali Singh,31,Female,B-,9248164313
25575,Kavya Gupta,41,Male,A-,9642012710
25576,Aman Kapoor,38,Female,A-,9195725289
25577,Kavya Gupta,60,Male,O-,9831944156
25578,Aditya Singh,47,Male,O-,9847636787
25579,Neha Reddy,38,Female,A-,9491373494
25580,Priya Verma,30,Male,AB-,9259575789
25581,Aditya Gupta,43,Male,O+,9773624973
25582,Vikram Verma,29,Male,AB-,9233204302
25583,Sneha Gupta,48,Female,B+,9554280997
25584,Rohan Reddy,45,Female,AB-,9454143001
25585,Vikram Singh,18,Female,A-,9337890016
25586,Rahul Kapoor,59,Male,A-,9980470240
25587,Pooja Patel,53,Male,A-,9300567793
25588,Anjali Sharma,37,Female,A+,9819700904
25589,Aman Reddy,41,Male,A-,9295313066
25590,Pooja Gupta,38,Female,AB-,9684599279
25591,Riya Sharma,35,Female,B-,9819717540
25592,Neha Patel,23,Male,B+,9747616035
25593,Anjali Verma,46,Male,B-,9458141291
25594,Pooja Verma,35,Male,A-,9276874714
25595,Sneha Kapoor,59,Female,B+,9835316554
25596,Aditya Verma,39,Female,AB-,9887178823
25597,Priya Singh,50,Male,B+,9369269130
25598,Pooja Patel,31,Female,O-,9674417303
25599,Sneha Gupta,26,Female,O-,9865704580
25600,Riya Patel,30,Male,AB+,9442007768
25601,Rohan Patel,24,Female,AB-,9100771300
25602,Sahil Reddy,55,Male,A+,9548263744
25603,Kavya Kapoor,29,Male,B+,9809988219
25604,Sahil Sharma,32,Female,A+,9335121945
25605,Riya Kapoor,38,Female,O-,9908324212
25606,Sneha Singh,35,Female,AB+,9638490985
25607,Karan Gupta,45,Male,O+,9201855583
25608,Sahil Singh,19,Female,B-,9896761668
25609,Rahul Singh,38,Male,O+,9208689026
25610,Aditya Verma,44,Female,AB+,9586354450
25611,Vikram Reddy,54,Female,B+,9117492885
25612,Aditya Reddy,30,Female,O+,9999534854
25613,Divya Singh,35,Female,B-,9918634386
25614,Pooja Verma,32,Male,A+,9721749299
25615,Pooja Gupta,28,Female,O-,9950311313
25616,Divya Reddy,26,Female,A+,9562156126
25617,Rohan Reddy,57,Male,AB+,9701680293
25618,Divya Gupta,24,Male,O-,9786341698
25619,Rohan Mehta,50,Male,A+,9937510421
25620,Divya Mehta,23,Male,B+,9235002698
25621,Riya Gupta,50,Male,A-,9892658813
25622,Anjali Singh,42,Male,AB+,9822030919
25623,Neha Kapoor,58,Male,B-,9848335225
25624,Pooja Singh,52,Male,AB-,9981020071
25625,Sahil Gupta,51,Male,O-,9362437324
25626,Anjali Gupta,32,Female,O-,9203225409
25627,Rohan Singh,31,Female,AB+,9642594909
25628,Vikram Patel,18,Male,AB+,9249895180
25629,Divya Patel,37,Female,AB+,9725736733
25630,Sneha Reddy,46,Female,AB-,9121193958
25631,Vikram Singh,34,Male,B-,9107050893
25632,Priya Singh,42,Male,O-,9784471876
25633,Arjun Patel,41,Male,O-,9630566841
25634,Divya Reddy,20,Female,A-,9217664963
25635,Rahul Verma,57,Female,AB-,9992734027
25636,Sahil Singh,23,Male,B-,9709051106
25637,Rohan Kapoor,47,Female,AB-,9113870879
25638,Rohan Singh,55,Female,B+,9720422202
25639,Rohan Singh,40,Male,A-,9754278164
25640,Aditya Sharma,38,Male,A+,9385566121
25641,Priya Verma,40,Male,AB-,9785272269
25642,Rohan Gupta,49,Male,B+,9498365794
25643,Aman Reddy,24,Male,O+,9473816237
25644,Aditya Singh,49,Female,AB-,9972416470
25645,Aditya Patel,48,Female,AB+,9906584027
25646,Anjali Mehta,45,Male,B+,9536556617
25647,Anjali Patel,47,Female,A+,9170725017
25648,Pooja Sharma,45,Female,O+,9249130885
25649,Aditya Mehta,19,Female,B+,9179205629
25650,Divya Sharma,28,Male,AB-,9485970822
25651,Sneha Verma,37,Male,O-,9192668502
25652,Vikram Gupta,51,Male,AB+,9277034078
25653,Divya Gupta,36,Female,AB+,9446114566
25654,Priya Singh,34,Female,O+,9116695938
25655,Kavya Singh,30,Male,B+,9979955300
25656,Rohan Reddy,52,Female,B-,9900488863
25657,Riya Reddy,58,Female,O+,9120752787
25658,Vikram Patel,21,Male,AB+,9646456303
25659,Anjali Mehta,21,Male,AB+,9594849074
25660,Sneha Kapoor,56,Male,B-,9363328912
25661,Anjali Sharma,56,Male,O-,9840635602
25662,Rahul Mehta,49,Male,O+,9306259833
25663,Arjun Patel,56,Female,O+,9525807263
25664,Divya Singh,49,Male,AB+,9116877809
25665,Arjun Singh,31,Male,B+,9824009457
25666,Riya Mehta,58,Male,O+,9465916185
25667,Pooja Reddy,35,Female,AB-,9568840364
25668,Neha Gupta,22,Female,O+,9373293234
25669,Vikram Singh,19,Male,A-,9246456799
25670,Rahul Sharma,21,Female,B-,9143007627
25671,Rahul Gupta,44,Male,O-,9806508863
25672,Kavya Patel,28,Male,O-,9734052188
25673,Kavya Gupta,30,Female,O+,9975506322
25674,Anjali Gupta,27,Female,B+,9813348512
25675,Vikram Sharma,23,Female,AB-,9712877423
25676,Pooja Reddy,41,Male,A+,9772518789
25677,Pooja Patel,29,Female,B-,9209098755
25678,Priya Verma,47,Male,A-,9431450301
25679,Vikram Kapoor,58,Female,B-,9179756524
25680,Karan Reddy,21,Male,AB+,9388305472
25681,Kavya Kapoor,43,Female,O-,9966141161
25682,Riya Singh,39,Male,A-,9814740780
25683,Sahil Singh,24,Male,B-,9918680024
25684,Aditya Reddy,37,Male,AB+,9778778579
25685,Neha Reddy,18,Female,B-,9643422513
25686,Divya Gupta,18,Female,B-,9750390344
25687,Anjali Gupta,57,Male,O+,9253652992
25688,Arjun Verma,57,Female,AB+,9631210732
25689,Sahil Patel,45,Female,AB-,9446797780
25690,Pooja Gupta,24,Male,A+,9958948182
25691,Priya Mehta,43,Male,AB+,9791596050
25692,Arjun Gupta,36,Female,O-,9671819254
25693,Vikram Kapoor,49,Female,A-,9180967241
25694,Karan Mehta,49,Female,O-,9317307219
25695,Riya Kapoor,48,Male,B-,9455862138
25696,Divya Mehta,35,Female,O+,9150458224
25697,Karan Singh,21,Female,AB+,9362915924
25698,Priya Gupta,32,Male,A+,9445752769
25699,Karan Patel,55,Male,B+,9939045046
25700,Rahul Sharma,29,Female,B+,9275703612
25701,Aman Mehta,28,Female,A+,9178419131
25702,Rahul Verma,41,Female,O+,9549063593
25703,Aman Gupta,21,Male,AB+,9624639412
25704,Pooja Sharma,37,Male,O+,9226091585
25705,Priya Kapoor,35,Male,B+,9682273575
25706,Arjun Sharma,38,Male,A+,9354125501
25707,Aman Kapoor,31,Female,AB-,9212720509
25708,Neha Verma,52,Female,B+,9727652603
25709,Arjun Patel,28,Male,A-,9555997167
25710,Rohan Singh,42,Male,O+,9244990181
25711,Divya Verma,49,Female,O+,9757029146
25712,Kavya Sharma,53,Male,O+,9708429783
25713,Sahil Sharma,36,Male,O+,9990143282
25714,Rohan Gupta,43,Male,O-,9433805265
25715,Kavya Patel,29,Female,O-,9409157836
25716,Vikram Mehta,36,Male,O+,9187745039
25717,Neha Gupta,30,Male,A+,9255962748
25718,Kavya Kapoor,25,Male,O-,9673567644
25719,Aditya Sharma,21,Male,A+,9534081750
25720,Priya Singh,50,Male,AB-,9928227246
25721,Sneha Gupta,20,Male,O+,9904726517
25722,Pooja Verma,49,Female,AB-,9762050476
25723,Arjun Kapoor,46,Female,A+,9423283994
25724,Neha Verma,38,Male,A-,9863603575
25725,Rahul Sharma,23,Male,A+,9630025858
25726,Aman Kapoor,54,Female,AB-,9138071438
25727,Priya Reddy,42,Male,A-,9912564756
25728,Vikram Singh,36,Female,A-,9934421195
25729,Aditya Kapoor,35,Male,AB+,9802352218
25730,Priya Mehta,36,Male,O-,9144248875
25731,Vikram Reddy,31,Female,B+,9884371563
25732,Sahil Reddy,60,Female,B-,9930489921
25733,Kavya Verma,25,Male,B+,9169871640
25734,Arjun Sharma,31,Female,A+,9402269164
25735,Divya Singh,51,Female,B-,9477658945
25736,Vikram Sharma,56,Female,AB-,9175137211
25737,Sahil Gupta,25,Male,B+,9193919029
25738,Rahul Kapoor,28,Female,B-,9557248696
25739,Pooja Patel,26,Female,A-,9284367427
25740,Aman Singh,36,Female,O-,9539382557
25741,Divya Reddy,34,Male,O-,9975141290
25742,Sneha Mehta,60,Male,AB-,9589972746
25743,Divya Reddy,45,Female,B+,9910919528
25744,Priya Reddy,38,Female,AB+,9631479857
25745,Riya Verma,28,Male,O-,9961663888
25746,Kavya Kapoor,27,Male,O+,9332000389
25747,Sahil Sharma,47,Female,B-,9660774038
25748,Aditya Patel,52,Male,A+,9678688436
25749,Anjali Mehta,50,Male,A-,9570440063
25750,Pooja Mehta,52,Male,A+,9905873654
25751,Karan Singh,57,Female,AB+,9130591901
25752,Arjun Patel,47,Male,O+,9250376896
25753,Aman Singh,51,Male,AB-,9739315496
25754,Aman Verma,59,Female,AB-,9672286459
25755,Rohan Mehta,42,Male,B-,9212083875
25756,Vikram Verma,52,Male,AB+,9794063598
25757,Arjun Patel,53,Female,B+,9366193555
25758,Neha Singh,28,Male,A+,9601645401
25759,Rohan Verma,33,Male,O+,9611839131
25760,Priya Verma,32,Male,A-,9807415536
25761,Arjun Verma,37,Female,B-,9386851683
25762,Riya Kapoor,56,Male,A+,9298963390
25763,Divya Kapoor,27,Male,O+,9844674818
25764,Kavya Verma,51,Female,O+,9368420049
25765,Vikram Gupta,34,Female,B+,9674787494
25766,Aditya Verma,31,Male,O-,9114012267
25767,Pooja Verma,21,Male,AB-,9724386318
25768,Aman Gupta,56,Male,AB-,9229980363
25769,Riya Reddy,52,Male,A-,9838600390
25770,Anjali Patel,57,Female,A+,9391990774
25771,Sahil Kapoor,49,Female,B-,9645995837
25772,Vikram Sharma,56,Female,AB+,9103828950
25773,Vikram Singh,24,Female,B-,9919190903
25774,Aditya Singh,59,Male,A+,9587842700
25775,Priya Reddy,52,Male,O+,9849286988
25776,Aditya Patel,48,Male,A-,9873083217
25777,Pooja Reddy,58,Male,B-,9745023853
25778,Kavya Sharma,45,Male,A+,9847588374
25779,Arjun Verma,59,Male,AB+,9318569482
25780,Rahul Reddy,51,Male,O-,9762334835
25781,Sneha Kapoor,32,Male,AB+,9527340429
25782,Karan Kapoor,21,Female,A-,9356175337
25783,Neha Kapoor,36,Male,O-,9161428511
25784,Rahul Reddy,48,Female,AB-,9386704325
25785,Aman Singh,32,Male,A-,9645218287
25786,Sneha Mehta,24,Male,B-,9683618006
25787,Kavya Patel,53,Male,AB+,9195776342
25788,Rahul Verma,38,Male,O+,9325311189
25789,Sneha Gupta,28,Female,O+,9975790860
25790,Divya Mehta,47,Female,AB+,9970165285
25791,Pooja Mehta,19,Male,O-,9707613097
25792,Kavya Singh,40,Female,A-,9105858249
25793,Aditya Gupta,60,Female,AB-,9457804329
25794,Aditya Verma,44,Male,O-,9114232043
25795,Neha Singh,47,Female,O+,9845649987
25796,Divya Patel,34,Male,B-,9955572926
25797,Kavya Patel,35,Female,AB-,9293055666
25798,Vikram Gupta,42,Male,A+,9632661200
25799,Pooja Singh,37,Male,B-,9284519096
25800,Kavya Reddy,50,Female,O-,9894880171
25801,Priya Reddy,53,Male,AB-,9919223910
25802,Pooja Mehta,53,Female,B-,9251021297
25803,Divya Kapoor,27,Female,A+,9352036329
25804,Neha Mehta,51,Female,A+,9950425792
25805,Aman Gupta,56,Female,B-,9599168682
25806,Arjun Sharma,53,Female,A-,9662628041
25807,Kavya Verma,32,Female,AB+,9829840142
25808,Neha Verma,55,Female,B+,9932827588
25809,Priya Verma,59,Female,B+,9627405963
25810,Priya Mehta,27,Female,O-,9814699015
25811,Pooja Kapoor,46,Male,O+,9439724243
25812,Divya Singh,36,Female,B+,9888052921
25813,Divya Sharma,57,Male,A+,9119700961
25814,Divya Patel,49,Male,A-,9875011658
25815,Sneha Kapoor,42,Female,AB-,9802507090
25816,Karan Patel,42,Male,A+,9908568880
25817,Aman Gupta,50,Male,O+,9939250345
25818,Riya Gupta,38,Female,A+,9545208429
25819,Priya Reddy,30,Female,A+,9764944255
25820,Arjun Patel,46,Male,B-,9563987592
25821,Karan Verma,35,Female,B-,9640241970
25822,Priya Verma,38,Female,AB+,9370490211
25823,Vikram Singh,51,Male,A-,9671770246
25824,Priya Gupta,54,Male,AB-,9331562413
25825,Sneha Sharma,28,Male,A-,9816450743
25826,Riya Singh,26,Male,B-,9671974713
25827,Sneha Singh,21,Male,B-,9100047142
25828,Karan Patel,38,Male,B+,9880071583
25829,Riya Mehta,60,Male,B-,9923138960
25830,Sneha Singh,37,Male,A-,9772318424
25831,Rohan Kapoor,33,Male,B-,9970402892
25832,Riya Gupta,31,Female,A+,9657282970
25833,Neha Kapoor,25,Female,AB-,9455387879
25834,Aditya Verma,38,Male,O-,9214841026
25835,Neha Reddy,20,Female,B+,9139427360
25836,Anjali Reddy,40,Male,AB-,9327318388
25837,Karan Patel,21,Female,B-,9237587390
25838,Riya Singh,56,Female,O+,9848018905
25839,Riya Mehta,56,Male,AB-,9371391449
25840,Aditya Singh,45,Female,B+,9877862593
25841,Pooja Mehta,59,Female,O-,9642544342
25842,Rahul Singh,29,Male,A-,9522025016
25843,Sneha Patel,44,Female,A-,9130944206
25844,Kavya Mehta,51,Female,B-,9969938101
25845,Karan Reddy,33,Male,B+,9849790634
25846,Vikram Sharma,26,Male,A+,9363410129
25847,Aditya Reddy,34,Male,B-,9670881380
25848,Pooja Singh,50,Male,O-,9366859762
25849,Riya Gupta,40,Male,A-,9411968621
25850,Karan Patel,46,Female,O+,9474492255
25851,Sneha Gupta,34,Female,AB-,9994772843
25852,Vikram Singh,21,Female,B+,9909267684
25853,Rahul Gupta,46,Female,B+,9504448717
25854,Riya Verma,49,Female,AB+,9114999960
25855,Arjun Sharma,40,Female,O-,9956064236
25856,Aman Mehta,48,Female,O-,9702346974
25857,Divya Gupta,25,Male,O-,9420076040
25858,Priya Patel,19,Male,B-,9542483427
25859,Neha Mehta,26,Male,B-,9502448709
25860,Anjali Mehta,38,Male,B-,9696515173
25861,Aditya Singh,44,Female,O+,9411929864
25862,Divya Reddy,33,Female,AB+,9907720274
25863,Divya Kapoor,18,Male,A-,9337461464
25864,Riya Kapoor,32,Male,O+,9590570783
25865,Rohan Reddy,49,Male,O-,9527416821
25866,Karan Patel,42,Female,AB+,9533761786
25867,Divya Verma,55,Male,B+,9297432180
25868,Aman Mehta,47,Female,B+,9697682557
25869,Sahil Singh,51,Male,AB-,9684204912
25870,Vikram Verma,25,Female,B+,9704478520
25871,Anjali Kapoor,35,Female,A-,9892159058
25872,Aditya Verma,23,Female,AB+,9353747924
25873,Riya Gupta,35,Male,A+,9691823880
25874,Sahil Mehta,23,Female,O-,9709224826
25875,Arjun Reddy,58,Male,A+,9185079064
25876,Priya Mehta,56,Female,B+,9497309157
25877,Priya Sharma,45,Female,O-,9214060975
25878,Arjun Sharma,40,Female,AB+,9184235969
25879,Priya Reddy,54,Male,B-,9482815598
25880,Pooja Singh,22,Female,O-,9233077764
25881,Sahil Mehta,41,Female,O+,9100126357
25882,Rohan Patel,27,Female,AB+,9300887074
25883,Aman Verma,37,Male,B+,9449771222
25884,Pooja Verma,59,Male,B-,9121662444
25885,Rohan Reddy,33,Female,O+,9109189936
25886,Karan Patel,46,Female,AB-,9909230880
25887,Pooja Mehta,33,Female,B+,9642052369
25888,Rahul Sharma,29,Female,A-,9424963870
25889,Sahil Patel,60,Female,O-,9448354721
25890,Sneha Verma,19,Male,O-,9178842534
25891,Anjali Gupta,35,Male,O+,9948264315
25892,Neha Sharma,23,Female,A+,9534072229
25893,Arjun Patel,47,Male,A-,9185694062
25894,Sahil Reddy,20,Male,O+,9101706451
25895,Riya Singh,58,Male,A-,9629318117
25896,Sahil Reddy,49,Male,A+,9457605830
25897,Neha Verma,30,Female,AB+,9761658530
25898,Pooja Gupta,25,Female,B+,9268458106
25899,Aman Patel,41,Female,A+,9463972613
25900,Pooja Kapoor,48,Female,A+,9812702023
25901,Pooja Mehta,40,Male,O+,9414702798
25902,Vikram Kapoor,27,Female,AB-,9364748036
25903,Pooja Reddy,41,Female,B-,9382380731
25904,Aman Mehta,29,Female,A-,9554287236
25905,Priya Gupta,25,Female,B-,9638037879
25906,Vikram Sharma,43,Male,O-,9916027623
25907,Riya Sharma,38,Male,B-,9500406165
25908,Rahul Singh,29,Male,B+,9405683050
25909,Divya Singh,57,Female,AB-,9388528697
25910,Rohan Gupta,27,Male,AB-,9531827791
25911,Kavya Sharma,44,Male,AB+,9833577054
25912,Riya Mehta,24,Female,O+,9622525230
25913,Karan Mehta,44,Female,O-,9744027531
25914,Aman Gupta,53,Female,B-,9491166262
25915,Riya Singh,32,Male,A+,9380376867
25916,Anjali Kapoor,39,Male,B+,9928864138
25917,Priya Patel,59,Male,O-,9430128326
25918,Divya Reddy,51,Male,A+,9281302648
25919,Aditya Verma,23,Male,AB+,9294592862
25920,Riya Kapoor,22,Male,O+,9266988386
25921,Priya Singh,51,Female,A+,9463240424
25922,Rohan Reddy,26,Male,B+,9965344270
25923,Aditya Reddy,49,Male,O+,9333601494
25924,Pooja Singh,48,Female,O+,9429790453
25925,Rahul Gupta,58,Female,AB-,9855744592
25926,Divya Reddy,24,Female,O+,9987022775
25927,Karan Gupta,60,Male,A+,9769648076
25928,Aditya Mehta,46,Male,O+,9320100833
25929,Aman Reddy,53,Female,B-,9842269064
25930,Arjun Patel,30,Male,AB+,9249732171
25931,Aman Kapoor,51,Female,AB+,9202407901
25932,Sneha Patel,41,Female,A+,9648183046
25933,Priya Mehta,25,Male,AB+,9726955010
25934,Aman Kapoor,25,Male,O+,9597598400
25935,Riya Verma,28,Female,AB-,9858578911
25936,Rohan Kapoor,44,Male,A+,9341230438
25937,Sahil Kapoor,40,Female,AB-,9911427917
25938,Rohan Singh,26,Female,A+,9443527761
25939,Rahul Patel,60,Male,A+,9252340489
25940,Sahil Mehta,24,Male,A-,9277203106
25941,Karan Sharma,52,Male,A-,9752035387
25942,Riya Verma,30,Female,O+,9438992700
25943,Vikram Singh,53,Male,O-,9929665909
25944,Sahil Singh,60,Female,A+,9249583495
25945,Aditya Verma,23,Female,O-,9240467700
25946,Sahil Sharma,31,Male,B+,9687502907
25947,Aditya Gupta,44,Male,A-,9869904859
25948,Kavya Singh,46,Male,AB+,9109513414
25949,Aman Patel,51,Male,A-,9807747092
25950,Karan Sharma,46,Female,O-,9856330985
25951,Priya Verma,45,Female,A-,9127917008
25952,Priya Reddy,21,Female,AB+,9314276881
25953,Anjali Mehta,55,Female,A-,9299077830
25954,Anjali Reddy,20,Female,O-,9982709925
25955,Aditya Kapoor,34,Female,AB-,9477840754
25956,Arjun Gupta,32,Female,A-,9485367447
25957,Sneha Mehta,49,Female,B-,9641913456
25958,Neha Patel,36,Female,AB-,9901966232
25959,Vikram Gupta,52,Female,A+,9304481085
25960,Arjun Gupta,60,Male,B-,9690528751
25961,Vikram Singh,23,Female,B+,9174857155
25962,Karan Patel,18,Female,B-,9532248168
25963,Karan Kapoor,37,Female,A+,9163532307
25964,Priya Gupta,50,Male,AB-,9125847204
25965,Arjun Mehta,54,Male,O+,9381134190
25966,Arjun Reddy,21,Male,A-,9932583855
25967,Priya Mehta,52,Male,A+,9982852721
25968,Neha Sharma,44,Male,A+,9145644539
25969,Vikram Mehta,48,Male,B+,9713327307
25970,Sneha Singh,38,Female,B+,9716508197
25971,Sahil Sharma,38,Female,A+,9366872130
25972,Anjali Verma,46,Male,AB+,9266488144
25973,Sneha Patel,56,Female,AB+,9705388726
25974,Divya Verma,44,Female,A+,9317671626
25975,Divya Reddy,29,Female,AB+,9119143886
25976,Riya Verma,56,Male,O-,9988917397
25977,Karan Reddy,35,Female,AB-,9456218292
25978,Rahul Patel,35,Female,AB+,9904469771
25979,Sahil Mehta,48,Male,AB+,9523629012
25980,Divya Mehta,26,Female,A-,9966181200
25981,Priya Gupta,31,Female,AB-,9892262828
25982,Priya Sharma,27,Male,AB+,9451369321
25983,Sahil Verma,38,Male,O-,9784017382
25984,Riya Sharma,28,Female,B+,9397546098
25985,Neha Mehta,24,Female,B+,9760728340
25986,Pooja Patel,46,Male,B+,9177242823
25987,Divya Patel,21,Female,AB-,9436837209
25988,Arjun Mehta,30,Male,O+,9875385802
25989,Rohan Verma,40,Female,O+,9445792941
25990,Rohan Patel,31,Female,O-,9647353886
25991,Neha Singh,33,Female,A+,9738497719
25992,Neha Mehta,30,Female,B-,9445364120
25993,Vikram Patel,46,Male,O-,9727260457
25994,Sahil Mehta,53,Female,AB+,9559445300
25995,Arjun Reddy,31,Male,AB-,9216651059
25996,Neha Reddy,26,Female,AB+,9782674131
25997,Riya Reddy,59,Male,AB-,9544700354
25998,Vikram Kapoor,60,Male,AB+,9597300122
25999,Rohan Sharma,56,Female,A-,9301146493
26000,Rahul Singh,35,Female,AB-,9586253186
26001,Anjali Patel,47,Male,B+,9116488412
26002,Sahil Verma,40,Female,A+,9160866371
26003,Arjun Reddy,38,Male,B-,9191038322
26004,Aditya Gupta,32,Male,B-,9952857211
26005,Karan Sharma,25,Male,AB-,9725373394
26006,Aditya Gupta,36,Male,O-,9990506029
26007,Sneha Kapoor,60,Male,O-,9909953036
26008,Aditya Singh,49,Male,AB+,9478052381
26009,Vikram Kapoor,23,Male,B+,9324131354
26010,Riya Reddy,52,Male,B-,9592433662
26011,Sneha Mehta,51,Male,AB+,9148307945
26012,Arjun Reddy,27,Male,B+,9568428846
26013,Rahul Kapoor,27,Female,B+,9376838567
26014,Aditya Mehta,38,Male,AB+,9730841165
26015,Arjun Verma,33,Female,O+,9926422629
26016,Arjun Kapoor,24,Male,A+,9446219393
26017,Riya Reddy,51,Male,O-,9326516033
26018,Aman Verma,26,Male,A-,9495843042
26019,Priya Mehta,33,Female,O-,9382497419
26020,Riya Sharma,19,Male,A+,9828884165
26021,Sneha Patel,38,Male,O-,9997162500
26022,Pooja Patel,59,Male,O-,9929715990
26023,Rohan Singh,56,Female,O-,9904747576
26024,Anjali Sharma,18,Male,B+,9445616732
26025,Riya Reddy,42,Female,A+,9898932447
26026,Divya Mehta,34,Female,AB-,9557086645
26027,Pooja Singh,55,Male,AB+,9864366611
26028,Kavya Mehta,33,Male,AB+,9299496030
26029,Neha Reddy,58,Female,O-,9654417920
26030,Arjun Mehta,34,Female,O-,9537857998
26031,Neha Patel,35,Male,AB-,9250669906
26032,Aman Verma,58,Male,B+,9417540855
26033,Vikram Kapoor,45,Male,B-,9104443367
26034,Rohan Gupta,21,Female,O+,9187794249
26035,Aditya Kapoor,42,Male,O-,9597852508
26036,Karan Reddy,39,Female,A+,9414690949
26037,Rahul Kapoor,19,Female,A+,9950855690
26038,Riya Singh,48,Female,O+,9163312576
26039,Rahul Verma,46,Female,O+,9519013171
26040,Divya Verma,28,Female,A+,9755062009
26041,Karan Gupta,58,Male,B+,9172535982
26042,Neha Reddy,23,Female,AB-,9259222543
26043,Aman Reddy,26,Male,B+,9126303552
26044,Divya Sharma,51,Male,B-,9117322406
26045,Anjali Mehta,60,Female,O+,9314006075
26046,Arjun Mehta,47,Male,A+,9570413982
26047,Pooja Gupta,25,Male,O+,9985422532
26048,Sahil Gupta,59,Male,AB+,9830123159
26049,Aditya Mehta,45,Male,A-,9100216162
26050,Riya Singh,27,Female,B-,9326920736
26051,Riya Kapoor,34,Female,B-,9591973236
26052,Aman Verma,36,Female,A-,9807403935
26053,Anjali Gupta,60,Female,B+,9193831090
26054,Neha Reddy,51,Male,O+,9717739399
26055,Priya Reddy,35,Female,O-,9152981534
26056,Vikram Patel,42,Male,A+,9548737972
26057,Karan Singh,37,Female,B-,9383476928
26058,Sneha Mehta,48,Female,A-,9615774881
26059,Aditya Patel,54,Male,B-,9312618747
26060,Priya Patel,49,Male,O-,9173235941
26061,Rohan Sharma,48,Female,B+,9428572154
26062,Riya Gupta,18,Female,AB+,9466133309
26063,Divya Verma,45,Female,AB-,9331613955
26064,Rahul Gupta,37,Male,B+,9690626289
26065,Divya Gupta,29,Female,AB-,9355630556
26066,Karan Verma,53,Male,O-,9731244575
26067,Divya Gupta,59,Female,AB-,9520669371
26068,Aman Reddy,42,Male,A+,9831732437
26069,Arjun Reddy,53,Male,A+,9806901833
26070,Karan Verma,54,Male,O+,9313390652
26071,Riya Sharma,27,Male,AB+,9697908754
26072,Rohan Mehta,52,Male,B-,9974192664
26073,Divya Reddy,43,Male,O-,9391283171
26074,Arjun Patel,21,Male,O-,9397339827
26075,Kavya Patel,54,Male,A+,9717899995
26076,Sahil Kapoor,34,Female,AB+,9283424324
26077,Kavya Singh,20,Male,A-,9478888066
26078,Neha Patel,23,Male,A-,9988125233
26079,Rahul Kapoor,55,Female,O+,9927117261
26080,Anjali Patel,59,Female,O-,9995962093
26081,Aman Mehta,37,Male,B+,9641672612
26082,Sahil Mehta,45,Female,B-,9992437386
26083,Divya Kapoor,31,Male,B-,9577148629
26084,Kavya Singh,28,Female,B-,9105668290
26085,Karan Kapoor,34,Male,O-,9332216869
26086,Kavya Kapoor,39,Male,AB-,9294159034
26087,Rohan Sharma,45,Male,AB+,9441911633
26088,Sneha Gupta,53,Male,O+,9686709725
26089,Vikram Mehta,41,Male,AB+,9883530142
26090,Riya Singh,33,Female,B-,9758422006
26091,Priya Mehta,30,Female,O-,9200943353
26092,Pooja Sharma,20,Female,AB+,9610159766
26093,Pooja Kapoor,35,Male,O-,9221244474
26094,Karan Reddy,47,Male,B+,9915396345
26095,Divya Verma,32,Female,AB-,9686746348
26096,Riya Gupta,43,Female,O+,9609918816
26097,Kavya Kapoor,59,Female,O+,9290390092
26098,Arjun Sharma,48,Male,O+,9181088624
26099,Neha Reddy,53,Female,B+,9589420605
26100,Sahil Singh,57,Male,B+,9319949204
26101,Aditya Singh,32,Female,O+,9950826585
26102,Aditya Reddy,40,Male,AB+,9326028357
26103,Sahil Kapoor,54,Female,B+,9707554655
26104,Sneha Sharma,42,Female,A+,9811950945
26105,Rahul Singh,43,Male,A+,9975756156
26106,Arjun Kapoor,37,Male,O+,9150177965
26107,Vikram Sharma,57,Female,O-,9289409851
26108,Neha Verma,22,Female,O+,9261444184
26109,Kavya Verma,44,Male,A-,9649676993
26110,Vikram Verma,26,Female,O+,9209999589
26111,Riya Kapoor,27,Male,O-,9992592199
26112,Pooja Sharma,39,Male,AB-,9109062616
26113,Anjali Mehta,53,Female,O-,9380824229
26114,Rohan Patel,23,Female,O-,9316942554
26115,Pooja Sharma,28,Male,B-,9146136626
26116,Neha Singh,27,Female,B-,9910582512
26117,Anjali Verma,30,Female,AB+,9714507407
26118,Neha Sharma,42,Female,AB-,9731186902
26119,Anjali Verma,27,Female,A-,9237429387
26120,Riya Reddy,35,Male,A-,9883697857
26121,Kavya Gupta,31,Male,O-,9913654234
26122,Aman Reddy,44,Female,O-,9197850372
26123,Rohan Sharma,38,Female,O-,9209474292
26124,Aditya Kapoor,38,Female,A-,9193629303
26125,Priya Sharma,38,Male,AB+,9318590990
26126,Sahil Reddy,40,Female,O-,9741023064
26127,Arjun Verma,60,Female,B+,9475210685
26128,Neha Verma,22,Female,AB+,9626742772
26129,Rahul Sharma,29,Female,AB-,9945613445
26130,Arjun Singh,31,Male,A+,9226263656
26131,Rohan Reddy,47,Male,O-,9595497789
26132,Aman Mehta,40,Female,A-,9507385021
26133,Rahul Sharma,47,Male,AB+,9594934689
26134,Arjun Patel,37,Female,A+,9581595786
26135,Aman Verma,46,Male,AB-,9605603234
26136,Divya Verma,52,Male,O+,9526394736
26137,Karan Sharma,28,Female,A+,9748145444
26138,Riya Kapoor,55,Male,O-,9958681892
26139,Divya Mehta,40,Male,B+,9630685482
26140,Vikram Mehta,42,Female,B+,9336633306
26141,Rahul Mehta,27,Male,B+,9686699314
26142,Riya Kapoor,21,Male,O-,9737303552
26143,Riya Verma,39,Male,A-,9464412113
26144,Anjali Sharma,48,Female,A+,9973614740
26145,Sahil Patel,41,Female,B+,9440283502
26146,Neha Verma,57,Male,A+,9437754266
26147,Rohan Sharma,59,Female,A+,9384694612
26148,Aman Reddy,30,Female,O-,9557872972
26149,Rohan Mehta,56,Female,AB-,9247393882
26150,Divya Verma,35,Female,AB-,9682307190
26151,Rahul Kapoor,58,Female,AB-,9676294113
26152,Divya Kapoor,58,Male,O-,9464755679
26153,Rahul Kapoor,38,Female,AB-,9211853320
26154,Rahul Singh,59,Male,O-,9289085713
26155,Aditya Mehta,48,Male,B+,9475549414
26156,Anjali Kapoor,34,Male,O-,9698859313
26157,Sneha Reddy,38,Female,A+,9373898173
26158,Riya Verma,28,Male,A-,9104775556
26159,Neha Verma,54,Male,A+,9149568728
26160,Riya Gupta,53,Male,B-,9152219056
26161,Kavya Mehta,40,Male,A-,9117687536
26162,Pooja Kapoor,38,Male,AB+,9379611842
26163,Karan Kapoor,32,Male,A-,9727867552
26164,Arjun Singh,41,Male,B-,9543921471
26165,Riya Singh,39,Female,B-,9301861636
26166,Sahil Gupta,38,Male,A-,9666014104
26167,Kavya Patel,39,Female,B-,9388054284
26168,Pooja Sharma,55,Male,B-,9444829098
26169,Vikram Singh,31,Male,A+,9856610768
26170,Kavya Verma,27,Male,A-,9792520963
26171,Karan Gupta,43,Female,AB-,9568853924
26172,Rahul Gupta,47,Male,A-,9804698759
26173,Anjali Mehta,29,Male,A+,9875790380
26174,Sneha Sharma,51,Female,AB-,9982666159
26175,Pooja Kapoor,38,Female,A-,9926482726
26176,Anjali Mehta,19,Female,O+,9565271573
26177,Rohan Verma,25,Female,A+,9455375616
26178,Rahul Patel,60,Male,A-,9400294698
26179,Sneha Gupta,47,Female,A-,9745955959
26180,Sahil Verma,35,Female,B-,9969251823
26181,Rahul Verma,49,Female,O+,9235637359
26182,Sahil Reddy,32,Male,B+,9704001451
26183,Vikram Kapoor,21,Male,B+,9306463578
26184,Aditya Sharma,35,Male,O-,9803070896
26185,Rohan Mehta,33,Female,A-,9568329190
26186,Sneha Verma,33,Female,AB+,9217106324
26187,Priya Sharma,50,Male,B+,9745914405
26188,Kavya Singh,36,Female,A+,9940825201
26189,Sneha Verma,23,Female,B+,9896364869
26190,Vikram Kapoor,50,Male,AB-,9201207877
26191,Sneha Verma,33,Male,B-,9699649504
26192,Neha Sharma,33,Male,AB+,9628086492
26193,Karan Singh,24,Female,O+,9410645886
26194,Neha Verma,44,Female,AB+,9654987695
26195,Anjali Verma,28,Female,AB-,9944730684
26196,Pooja Verma,35,Male,B-,9908276934
26197,Kavya Mehta,36,Female,B-,9820213602
26198,Aditya Sharma,18,Male,O-,9267824930
26199,Anjali Reddy,39,Female,B-,9600846415
26200,Karan Gupta,19,Male,AB+,9720451005
26201,Rahul Gupta,25,Male,B+,9851214227
26202,Anjali Verma,32,Male,O+,9103915033
26203,Neha Patel,28,Male,A+,9997804565
26204,Anjali Verma,56,Male,A+,9123957232
26205,Sneha Gupta,22,Male,AB-,9843626654
26206,Neha Reddy,26,Male,AB-,9722455577
26207,Sahil Reddy,25,Male,B+,9132963005
26208,Divya Kapoor,31,Male,A-,9476843713
26209,Anjali Sharma,51,Female,O-,9947039615
26210,Pooja Kapoor,49,Male,AB-,9412233934
26211,Sahil Sharma,28,Male,B-,9445918819
26212,Karan Kapoor,50,Male,O-,9411726533
26213,Vikram Verma,37,Male,O+,9912838156
26214,Aditya Gupta,51,Female,AB-,9686545323
26215,Kavya Gupta,53,Female,O-,9387058215
26216,Riya Singh,41,Female,O-,9542526895
26217,Sneha Sharma,57,Male,AB+,9830538854
26218,Aditya Kapoor,18,Male,AB+,9848566452
26219,Aditya Kapoor,20,Male,A-,9299048966
26220,Sneha Verma,35,Male,O-,9788723859
26221,Kavya Singh,57,Male,O+,9339594005
26222,Anjali Kapoor,19,Male,A+,9366299661
26223,Aman Sharma,46,Male,B+,9436896510
26224,Vikram Reddy,42,Male,AB+,9591783760
26225,Vikram Singh,32,Male,B-,9826403928
26226,Neha Kapoor,51,Male,O+,9484531766
26227,Neha Patel,30,Male,O+,9339393611
26228,Karan Reddy,39,Male,B-,9634629891
26229,Riya Patel,43,Male,AB+,9305416834
26230,Rahul Singh,44,Female,A+,9692422707
26231,Aman Gupta,19,Female,AB+,9192455527
26232,Vikram Verma,43,Female,B+,9501312932
26233,Aditya Gupta,58,Male,A-,9121112160
26234,Kavya Singh,21,Female,A+,9496825561
26235,Riya Patel,51,Female,B+,9925622547
26236,Divya Singh,35,Male,AB-,9943449516
26237,Vikram Kapoor,42,Male,B-,9684805879
26238,Neha Singh,20,Male,O+,9649974927
26239,Arjun Kapoor,48,Male,A+,9427414036
26240,Riya Mehta,50,Female,B-,9400678727
26241,Neha Sharma,30,Female,AB-,9113648225
26242,Arjun Reddy,36,Female,AB-,9715201057
26243,Neha Singh,19,Male,A+,9363104370
26244,Aman Patel,35,Female,B+,9674689499
26245,Vikram Kapoor,25,Male,AB+,9583996654
26246,Riya Kapoor,45,Male,B-,9870772282
26247,Rahul Singh,53,Female,A-,9914284786
26248,Aman Patel,41,Female,AB-,9861742932
26249,Rahul Mehta,35,Male,A-,9201082117
26250,Karan Kapoor,21,Male,A-,9530232938
26251,Priya Mehta,23,Female,A-,9865203656
26252,Aditya Gupta,22,Male,AB-,9537697802
26253,Divya Kapoor,25,Male,AB+,9411141493
26254,Kavya Reddy,46,Male,A+,9309618266
26255,Karan Gupta,41,Female,A-,9747542047
26256,Aman Kapoor,37,Female,A-,9320109212
26257,Anjali Singh,42,Female,B+,9672064580
26258,Sahil Mehta,20,Female,AB-,9452933199
26259,Kavya Verma,34,Male,B-,9922608994
26260,Rahul Kapoor,40,Male,A+,9863769795
26261,Sahil Mehta,51,Male,AB+,9624645464
26262,Divya Patel,45,Male,A+,9646274130
26263,Pooja Reddy,23,Male,O-,9178597322
26264,Aditya Kapoor,44,Male,B+,9730344827
26265,Anjali Mehta,59,Female,A+,9396538039
26266,Priya Singh,19,Female,B-,9431360527
26267,Sneha Patel,22,Male,AB+,9405582426
26268,Karan Reddy,59,Male,A-,9764607244
26269,Karan Singh,29,Female,A+,9810153730
26270,Karan Kapoor,36,Male,A+,9565134752
26271,Rahul Verma,29,Male,A+,9241811672
26272,Rahul Mehta,59,Male,AB+,9263619631
26273,Sneha Gupta,43,Female,A-,9278141464
26274,Anjali Verma,21,Female,B-,9222699606
26275,Riya Kapoor,48,Female,AB+,9263324367
26276,Arjun Kapoor,25,Female,A+,9668562885
26277,Pooja Mehta,24,Male,AB-,9219281562
26278,Aman Gupta,34,Female,O+,9763503405
26279,Karan Mehta,31,Female,A+,9915393375
26280,Sahil Singh,45,Female,B+,9269772321
26281,Arjun Sharma,19,Male,AB-,9242076643
26282,Sneha Verma,29,Female,AB+,9894773531
26283,Divya Gupta,54,Female,A-,9389787506
26284,Rahul Gupta,51,Female,A-,9482798163
26285,Karan Sharma,18,Male,B-,9625079959
26286,Riya Singh,56,Female,AB+,9730291834
26287,Divya Sharma,43,Female,O-,9725837491
26288,Kavya Singh,29,Female,B+,9342783287
26289,Karan Reddy,60,Male,B+,9350027726
26290,Priya Sharma,30,Female,A-,9369513929
26291,Rahul Reddy,50,Female,A-,9882550175
26292,Rohan Verma,19,Female,O-,9243968913
26293,Karan Sharma,37,Female,B+,9592737628
26294,Kavya Singh,22,Male,O+,9589997457
26295,Neha Reddy,25,Male,AB-,9677281764
26296,Vikram Mehta,48,Female,A-,9143297613
26297,Arjun Singh,22,Male,O+,9394320197
26298,Rohan Verma,29,Female,AB+,9695294554
26299,Aditya Singh,52,Female,A-,9229508557
26300,Pooja Verma,25,Female,A+,9239470746
26301,Kavya Verma,24,Female,AB+,9497448187
26302,Aman Patel,23,Female,AB+,9152486613
26303,Rahul Verma,39,Male,A-,9185879852
26304,Aditya Verma,30,Male,A+,9109212288
26305,Sneha Singh,56,Male,B+,9801641057
26306,Riya Kapoor,52,Male,A-,9778023783
26307,Aditya Kapoor,36,Male,B+,9594920990
26308,Karan Kapoor,48,Female,AB-,9451484531
26309,Vikram Singh,34,Male,AB-,9278611858
26310,Divya Sharma,42,Male,O+,9467281616
26311,Anjali Patel,48,Female,O-,9468020813
26312,Karan Singh,21,Male,B+,9503595714
26313,Sahil Verma,35,Male,B+,9920753597
26314,Kavya Verma,52,Male,AB-,9638217872
26315,Anjali Reddy,42,Male,AB+,9679814732
26316,Pooja Sharma,58,Female,B+,9249615658
26317,Rohan Singh,20,Male,O+,9828704412
26318,Pooja Reddy,38,Female,B+,9162722189
26319,Sahil Patel,18,Female,AB-,9659151252
26320,Priya Verma,27,Male,A-,9987137447
26321,Neha Mehta,53,Male,AB+,9956602097
26322,Pooja Mehta,57,Male,AB-,9382761736
26323,Sahil Reddy,27,Male,O+,9688007194
26324,Sahil Singh,42,Male,O+,9542429257
26325,Arjun Singh,24,Male,B-,9112522039
26326,Arjun Gupta,24,Female,O-,9379851337
26327,Rahul Sharma,58,Female,O-,9306316383
26328,Anjali Mehta,22,Male,O-,9484338053
26329,Riya Mehta,30,Male,A-,9652043237
26330,Vikram Kapoor,51,Female,B-,9321011840
26331,Priya Patel,50,Male,A+,9217998544
26332,Sneha Reddy,36,Male,AB+,9458083405
26333,Neha Reddy,41,Male,B-,9752981959
26334,Pooja Sharma,44,Male,B+,9681530795
26335,Karan Patel,60,Male,A+,9684544282
26336,Sahil Singh,55,Female,AB-,9704277829
26337,Sahil Reddy,21,Female,O-,9683439105
26338,Rohan Sharma,36,Female,A+,9548542364
26339,Rohan Verma,29,Male,AB-,9307792155
26340,Kavya Sharma,48,Male,A-,9318120764
26341,Aman Gupta,38,Female,B-,9193581657
26342,Rohan Sharma,29,Female,O-,9681137139
26343,Vikram Reddy,41,Female,O+,9387669083
26344,Sahil Reddy,56,Male,AB-,9458554687
26345,Divya Mehta,19,Female,AB-,9157417123
26346,Priya Verma,30,Female,AB-,9483945988
26347,Kavya Kapoor,48,Female,B-,9228949491
26348,Rahul Reddy,24,Female,A-,9810090777
26349,Anjali Mehta,27,Male,O-,9476414902
26350,Sneha Sharma,59,Male,O-,9245258074
26351,Riya Patel,22,Male,B+,9291373062
26352,Neha Verma,21,Female,B+,9113606290
26353,Aman Verma,51,Male,A-,9495953163
26354,Pooja Verma,29,Male,O+,9994876752
26355,Divya Kapoor,28,Female,O+,9767838670
26356,Karan Gupta,26,Male,AB+,9236444231
26357,Rahul Mehta,34,Female,AB-,9326108782
26358,Kavya Patel,40,Male,A-,9946721255
26359,Pooja Gupta,57,Female,A-,9163444864
26360,Aditya Gupta,29,Female,O-,9187141813
26361,Divya Reddy,46,Male,A-,9427578675
26362,Sahil Mehta,58,Male,B+,9864282034
26363,Priya Kapoor,50,Female,B+,9936496970
26364,Divya Singh,52,Female,AB-,9324070285
26365,Arjun Gupta,22,Female,A-,9884952088
26366,Riya Verma,43,Female,B+,9640628451
26367,Vikram Mehta,26,Male,O-,9571535804
26368,Aman Kapoor,57,Female,AB-,9479097661
26369,Rohan Reddy,37,Female,A-,9538095954
26370,Divya Gupta,30,Male,A-,9904086654
26371,Riya Gupta,21,Male,O-,9356748845
26372,Riya Kapoor,52,Male,AB+,9716601114
26373,Sneha Verma,26,Female,AB-,9193190266
26374,Aditya Gupta,52,Female,AB+,9739359796
26375,Neha Mehta,48,Female,O+,9160420466
26376,Divya Singh,21,Male,A-,9705686001
26377,Arjun Verma,26,Female,B+,9303652958
26378,Aditya Mehta,21,Female,AB-,9421764745
26379,Aman Verma,35,Male,A-,9312414057
26380,Arjun Gupta,27,Female,O+,9396133585
26381,Arjun Sharma,47,Male,AB+,9200001468
26382,Rohan Kapoor,27,Female,O-,9300507446
26383,Sahil Patel,41,Female,O+,9738857500
26384,Rohan Sharma,58,Female,B+,9373320344
26385,Vikram Mehta,26,Male,A+,9955451967
26386,Neha Verma,48,Male,AB-,9738772133
26387,Rahul Verma,39,Male,O-,9639900364
26388,Arjun Gupta,55,Male,O+,9422978081
26389,Arjun Singh,29,Female,O+,9807478965
26390,Priya Gupta,26,Female,A-,9121244907
26391,Sahil Verma,19,Female,A-,9854747280
26392,Vikram Mehta,20,Female,O+,9129550097
26393,Neha Kapoor,52,Female,O-,9456077912
26394,Pooja Kapoor,22,Male,A+,9308586079
26395,Rahul Singh,41,Female,A+,9251956966
26396,Anjali Patel,53,Female,AB+,9588480191
26397,Rahul Mehta,53,Male,B-,9899148089
26398,Arjun Reddy,21,Female,B+,9754695343
26399,Priya Sharma,53,Female,AB-,9658153713
26400,Karan Mehta,18,Female,A-,9738868684
26401,Aman Mehta,18,Female,AB-,9766692664
26402,Sneha Kapoor,21,Female,B+,9997281045
26403,Vikram Kapoor,37,Female,AB+,9718935312
26404,Aman Kapoor,41,Female,B+,9743637804
26405,Rohan Patel,27,Female,A+,9882374115
26406,Priya Verma,18,Female,O-,9590896459
26407,Karan Singh,46,Female,AB+,9262360605
26408,Divya Patel,43,Male,AB+,9864242298
26409,Vikram Verma,43,Male,O+,9294334777
26410,Priya Reddy,53,Female,O+,9332333852
26411,Aman Gupta,52,Female,A+,9504347549
26412,Arjun Verma,28,Female,AB+,9590251576
26413,Arjun Mehta,60,Female,B+,9116510327
26414,Rahul Mehta,54,Male,B+,9984074428
26415,Priya Kapoor,54,Female,A-,9459575005
26416,Vikram Reddy,58,Female,AB-,9120119819
26417,Rohan Verma,43,Female,B-,9988675439
26418,Aman Kapoor,29,Male,A-,9359569928
26419,Arjun Sharma,47,Male,A-,9660929210
26420,Riya Sharma,51,Male,A-,9653438559
26421,Neha Patel,51,Male,B+,9389364702
26422,Karan Singh,45,Male,B+,9972726134
26423,Aditya Singh,45,Male,AB-,9714429170
26424,Divya Patel,46,Male,B+,9816876088
26425,Rohan Singh,60,Male,AB+,9508114724
26426,Aman Gupta,18,Male,O+,9363556159
26427,Priya Singh,51,Male,AB-,9695731965
26428,Karan Gupta,45,Female,O-,9512391767
26429,Neha Sharma,57,Female,O-,9798055597
26430,Kavya Reddy,38,Male,AB-,9101947874
26431,Rohan Mehta,40,Male,B+,9793331116
26432,Karan Patel,25,Female,A-,9930454425
26433,Pooja Sharma,54,Female,B+,9678445733
26434,Neha Kapoor,49,Male,B-,9407180752
26435,Arjun Mehta,44,Female,B+,9720839418
26436,Divya Singh,28,Male,B-,9585856240
26437,Kavya Verma,60,Male,O+,9299728419
26438,Aditya Mehta,39,Male,O+,9636142126
26439,Karan Singh,19,Female,O-,9683523555
26440,Karan Patel,48,Female,AB-,9763651224
26441,Kavya Gupta,29,Female,A+,9949289934
26442,Rahul Gupta,36,Male,AB+,9712308154
26443,Aman Sharma,34,Male,O+,9640698283
26444,Aditya Sharma,40,Male,AB+,9509255283
26445,Anjali Sharma,37,Male,O+,9884924815
26446,Rahul Gupta,38,Female,A-,9911547518
26447,Priya Gupta,41,Female,B+,9654546351
26448,Rahul Singh,40,Male,B+,9759649390
26449,Riya Sharma,25,Male,B+,9423437306
26450,Riya Reddy,43,Male,O+,9787061577
26451,Anjali Gupta,48,Female,AB+,9107126926
26452,Sahil Gupta,21,Male,A-,9317026745
26453,Aditya Gupta,32,Female,AB-,9157387515
26454,Rahul Reddy,24,Female,O-,9941040297
26455,Riya Reddy,25,Male,A-,9535938006
26456,Sneha Sharma,34,Female,A+,9824231107
26457,Aman Reddy,51,Male,B-,9412063751
26458,Sneha Mehta,23,Female,O+,9434343171
26459,Pooja Patel,28,Male,O-,9233819411
26460,Riya Singh,29,Male,A+,9549691721
26461,Vikram Singh,19,Male,AB+,9695185338
26462,Pooja Singh,37,Male,B-,9716720328
26463,Divya Verma,49,Female,A-,9847833876
26464,Pooja Reddy,45,Male,O-,9606133346
26465,Sneha Verma,33,Male,O+,9585154647
26466,Anjali Singh,42,Female,A+,9382100013
26467,Priya Reddy,49,Female,O+,9666665900
26468,Kavya Singh,29,Male,AB-,9287035140
26469,Anjali Mehta,55,Male,A+,9142019715
26470,Sahil Reddy,54,Female,B-,9995230888
26471,Pooja Sharma,32,Male,O+,9569116685
26472,Vikram Sharma,35,Male,AB-,9297902180
26473,Anjali Patel,24,Female,O-,9492792788
26474,Rahul Kapoor,27,Female,B-,9363950046
26475,Karan Gupta,48,Female,A+,9734177518
26476,Riya Mehta,43,Male,B+,9318642380
26477,Sahil Reddy,59,Female,A-,9572679058
26478,Rahul Verma,55,Male,O+,9368978856
26479,Rohan Sharma,54,Male,B-,9145995954
26480,Kavya Patel,36,Male,AB+,9303097983
26481,Riya Patel,54,Female,B+,9179842366
26482,Neha Gupta,48,Female,O-,9464707488
26483,Riya Sharma,36,Male,A+,9910737207
26484,Rohan Verma,23,Female,O-,9750472281
26485,Pooja Mehta,56,Female,AB-,9153082904
26486,Aditya Patel,48,Female,AB+,9648728478
26487,Divya Verma,36,Male,AB+,9964954547
26488,Arjun Sharma,24,Male,B-,9678248281
26489,Aditya Sharma,36,Female,AB-,9571085119
26490,Sneha Patel,45,Female,A+,9933167083
26491,Divya Sharma,33,Female,B-,9330351845
26492,Divya Gupta,32,Male,B-,9548202969
26493,Pooja Verma,59,Female,B+,9691184497
26494,Karan Mehta,38,Male,O+,9318374321
26495,Sahil Sharma,49,Male,B-,9594578500
26496,Karan Singh,45,Male,B-,9821024478
26497,Sneha Reddy,22,Female,B+,9182202971
26498,Anjali Kapoor,25,Male,O+,9351547524
26499,Kavya Patel,43,Male,O-,9970885007
26500,Anjali Verma,38,Male,A+,9227022977
26501,Pooja Singh,24,Male,O-,9990915769
26502,Aditya Gupta,55,Male,O-,9265919696
26503,Divya Singh,37,Male,AB-,9579956284
26504,Anjali Sharma,31,Male,B+,9449097824
26505,Neha Singh,21,Male,B-,9654033573
26506,Arjun Verma,44,Male,B+,9314031389
26507,Sneha Mehta,54,Female,B-,9153232432
26508,Sneha Gupta,54,Female,B-,9474078840
26509,Kavya Verma,29,Male,B-,9476604535
26510,Divya Singh,54,Male,A-,9928132835
26511,Vikram Mehta,44,Female,A+,9596329570
26512,Anjali Verma,54,Female,A+,9380173779
26513,Arjun Gupta,19,Female,A-,9124973461
26514,Pooja Gupta,26,Female,O+,9814587829
26515,Vikram Singh,30,Female,AB-,9751832523
26516,Pooja Verma,48,Male,B+,9324270635
26517,Rahul Patel,21,Female,A+,9839713584
26518,Sahil Patel,53,Female,A+,9147045295
26519,Vikram Patel,20,Female,O+,9306321077
26520,Kavya Kapoor,43,Male,O+,9997764184
26521,Kavya Reddy,37,Female,B+,9255070515
26522,Sahil Gupta,49,Male,AB-,9559494237
26523,Vikram Sharma,32,Female,O-,9725776828
26524,Riya Gupta,29,Female,O+,9295544643
26525,Rohan Patel,60,Male,AB+,9178544770
26526,Pooja Patel,33,Female,O+,9974660911
26527,Rohan Reddy,33,Female,O-,9403685980
26528,Rahul Verma,49,Male,B+,9723265736
26529,Aditya Gupta,35,Male,AB+,9136098391
26530,Aditya Sharma,38,Male,B+,9298169974
26531,Vikram Verma,23,Male,B-,9916689618
26532,Anjali Mehta,60,Male,AB+,9517626108
26533,Pooja Kapoor,26,Male,B-,9323652536
26534,Sneha Patel,44,Female,O-,9245051833
26535,Vikram Singh,36,Female,B-,9730800895
26536,Karan Gupta,59,Male,A+,9958154427
26537,Aditya Singh,24,Male,B-,9731490715
26538,Arjun Verma,38,Female,O-,9151322082
26539,Arjun Sharma,24,Male,A-,9836060802
26540,Anjali Singh,42,Female,O+,9567389857
26541,Sneha Patel,24,Male,B-,9433486159
26542,Anjali Reddy,38,Female,A+,9659994258
26543,Rahul Kapoor,28,Female,A+,9785762320
26544,Divya Reddy,49,Male,A+,9468228574
26545,Kavya Reddy,58,Male,B-,9161424090
26546,Arjun Sharma,33,Male,AB-,9996922488
26547,Neha Gupta,41,Female,B+,9436754715
26548,Priya Kapoor,52,Male,AB-,9207102109
26549,Aman Patel,47,Male,B-,9948243628
26550,Vikram Verma,59,Male,B+,9645588095
26551,Rohan Gupta,30,Female,B-,9677009591
26552,Divya Gupta,26,Female,A-,9779408652
26553,Karan Verma,35,Male,AB+,9624178075
26554,Rohan Sharma,55,Female,A+,9206373603
26555,Sahil Patel,30,Male,B-,9525377146
26556,Pooja Reddy,34,Female,B+,9232952940
26557,Anjali Reddy,24,Female,A+,9796775325
26558,Sneha Sharma,42,Male,AB-,9550301265
26559,Sneha Kapoor,35,Male,B+,9461829184
26560,Priya Kapoor,27,Male,B+,9499014558
26561,Rahul Patel,39,Male,B+,9166966760
26562,Aman Singh,51,Male,A-,9196821832
26563,Divya Patel,49,Female,O+,9638140169
26564,Neha Sharma,55,Male,AB-,9628689341
26565,Aditya Singh,48,Male,O+,9299113591
26566,Neha Singh,24,Female,B-,9919634120
26567,Priya Singh,18,Female,B-,9326540107
26568,Vikram Gupta,49,Female,O-,9426714275
26569,Sneha Kapoor,55,Female,AB+,9343820183
26570,Aditya Reddy,24,Female,A+,9135517464
26571,Karan Verma,23,Female,A+,9391573154
26572,Aman Mehta,58,Male,B-,9852637294
26573,Sneha Singh,60,Female,A-,9193514082
26574,Sahil Gupta,21,Female,O+,9230773519
26575,Karan Gupta,58,Male,AB+,9488426351
26576,Neha Mehta,26,Male,O+,9883295613
26577,Priya Mehta,49,Male,O+,9214985720
26578,Aman Verma,54,Male,A+,9423354696
26579,Aditya Patel,58,Male,AB-,9667885880
26580,Pooja Singh,60,Female,A-,9637114368
26581,Aditya Reddy,59,Female,B+,9874027260
26582,Rohan Patel,49,Female,O+,9621429592
26583,Rohan Sharma,53,Female,O+,9436715068
26584,Sahil Gupta,48,Female,A+,9143724978
26585,Anjali Patel,60,Female,O+,9854316884
26586,Pooja Sharma,23,Male,A+,9797096046
26587,Divya Mehta,51,Male,B-,9787572519
26588,Divya Verma,45,Male,AB-,9244788325
26589,Sahil Verma,54,Male,O-,9894459764
26590,Priya Mehta,45,Female,A-,9709273327
26591,Divya Sharma,20,Male,A-,9470725117
26592,Pooja Singh,50,Female,B-,9738637884
26593,Rahul Patel,38,Female,AB-,9756478674
26594,Priya Mehta,42,Female,A-,9786939055
26595,Sahil Mehta,18,Female,A-,9900785141
26596,Rohan Singh,51,Female,O+,9193897688
26597,Rahul Gupta,43,Female,A-,9503972651
26598,Neha Mehta,26,Female,A+,9437047121
26599,Arjun Gupta,35,Female,B+,9153993930
26600,Aman Sharma,58,Male,B-,9727993342
26601,Kavya Mehta,29,Female,AB-,9273209894
26602,Neha Sharma,43,Female,AB+,9323511661
26603,Rohan Verma,22,Male,A-,9720206856
26604,Sahil Kapoor,52,Female,O+,9843195811
26605,Sneha Kapoor,36,Male,O-,9322857534
26606,Sahil Patel,42,Male,AB-,9954957716
26607,Priya Patel,45,Female,B-,9874919497
26608,Aman Reddy,24,Male,AB-,9430734900
26609,Rohan Sharma,51,Male,O+,9461228039
26610,Arjun Mehta,31,Female,O+,9415800216
26611,Pooja Reddy,31,Male,B-,9648159416
26612,Anjali Reddy,27,Male,B-,9728782736
26613,Divya Mehta,27,Male,B+,9503180777
26614,Neha Reddy,48,Female,O-,9307693762
26615,Sneha Verma,32,Male,AB+,9679184014
26616,Anjali Singh,37,Female,AB+,9327227998
26617,Priya Verma,27,Female,O+,9125831715
26618,Priya Sharma,25,Female,B+,9944872885
26619,Priya Verma,43,Female,O-,9716483283
26620,Kavya Singh,29,Female,O+,9437508646
26621,Arjun Singh,22,Male,B-,9274218526
26622,Rohan Patel,53,Male,O+,9306362736
26623,Pooja Gupta,54,Female,O-,9540955988
26624,Aman Kapoor,18,Male,O+,9350480419
26625,Sahil Reddy,53,Female,AB-,9271521518
26626,Kavya Gupta,35,Male,O-,9698581321
26627,Priya Patel,30,Female,B-,9565607325
26628,Sneha Singh,41,Female,O-,9400937934
26629,Riya Patel,27,Male,AB+,9718652322
26630,Neha Gupta,37,Female,O-,9135876148
26631,Sneha Mehta,42,Female,A+,9611645727
26632,Pooja Sharma,56,Female,O+,9699265261
26633,Rahul Verma,59,Male,B+,9668579499
26634,Rahul Singh,20,Male,A+,9365716028
26635,Pooja Reddy,59,Male,B-,9263387645
26636,Pooja Mehta,33,Female,B-,9744062361
26637,Riya Sharma,34,Female,O+,9832043459
26638,Kavya Mehta,18,Female,B+,9260529119
26639,Aditya Patel,40,Male,A-,9555647352
26640,Aman Verma,43,Male,AB-,9791066819
26641,Divya Verma,60,Female,O-,9302360638
26642,Rohan Mehta,27,Female,AB-,9105117433
26643,Divya Mehta,28,Female,A+,9653133202
26644,Rohan Mehta,36,Female,O-,9868330846
26645,Arjun Sharma,23,Male,O+,9568485137
26646,Riya Gupta,41,Male,A-,9667659383
26647,Riya Reddy,43,Male,B+,9694535947
26648,Kavya Kapoor,19,Female,O-,9182535383
26649,Riya Gupta,21,Male,A+,9929223239
26650,Karan Reddy,20,Male,A-,9903177396
26651,Arjun Sharma,37,Male,B+,9456143474
26652,Rohan Singh,41,Male,B+,9158982435
26653,Neha Gupta,44,Male,A-,9353647675
26654,Aditya Sharma,59,Male,AB-,9445154133
26655,Arjun Verma,40,Male,O-,9509485877
26656,Karan Reddy,58,Male,O+,9754510607
26657,Anjali Kapoor,19,Male,O+,9408448042
26658,Rohan Mehta,26,Male,A+,9725827159
26659,Rohan Patel,18,Male,AB+,9843814749
26660,Sahil Reddy,32,Female,AB-,9119891077
26661,Aman Patel,56,Female,B-,9597617425
26662,Rahul Mehta,60,Male,O-,9158758221
26663,Kavya Mehta,59,Male,O+,9925798191
26664,Divya Reddy,52,Male,AB+,9931189285
26665,Neha Singh,18,Male,B-,9129347974
26666,Karan Patel,24,Female,AB-,9664065519
26667,Anjali Singh,56,Male,B+,9640064963
26668,Vikram Singh,37,Female,O-,9185159000
26669,Priya Singh,24,Male,A+,9266762049
26670,Pooja Verma,39,Female,O+,9415031492
26671,Sneha Verma,53,Female,O+,9472857496
26672,Sahil Mehta,46,Female,A+,9395605371
26673,Kavya Sharma,52,Female,A-,9914777849
26674,Karan Gupta,21,Female,A+,9959652664
26675,Aditya Verma,22,Male,O+,9397558578
26676,Aman Sharma,45,Female,AB-,9939831787
26677,Priya Patel,32,Male,AB+,9134321676
26678,Vikram Gupta,48,Female,B-,9149363023
26679,Kavya Mehta,44,Female,O-,9953658555
26680,Arjun Sharma,46,Female,O-,9532593301
26681,Riya Kapoor,42,Female,A+,9792938860
26682,Vikram Singh,35,Female,A-,9227328325
26683,Priya Singh,40,Female,A-,9456804865
26684,Rahul Verma,38,Male,AB-,9364727376
26685,Pooja Singh,56,Female,A+,9187472577
26686,Riya Verma,25,Male,O+,9648400202
26687,Rahul Patel,21,Male,A-,9380955761
26688,Sahil Reddy,43,Female,A-,9435653521
26689,Rohan Singh,28,Male,B-,9258358688
26690,Vikram Verma,26,Female,A+,9155812372
26691,Karan Singh,39,Female,AB-,9965251418
26692,Aditya Reddy,60,Male,AB+,9568197899
26693,Riya Kapoor,25,Male,AB-,9974049626
26694,Divya Sharma,55,Female,O-,9215526114
26695,Aman Kapoor,34,Male,A-,9553103005
26696,Vikram Gupta,56,Female,O-,9626997009
26697,Rahul Patel,46,Male,B-,9272615099
26698,Aditya Sharma,33,Female,B+,9263103455
26699,Anjali Verma,52,Male,A+,9636389456
26700,Sneha Patel,51,Female,O-,9201285031
26701,Priya Sharma,54,Male,B+,9955526756
26702,Arjun Singh,58,Male,A-,9949058331
26703,Rohan Kapoor,24,Female,A-,9621519214
26704,Riya Sharma,26,Female,O-,9535758572
26705,Karan Singh,39,Female,A-,9500247372
26706,Kavya Singh,19,Male,B+,9289565454
26707,Sahil Singh,38,Female,B+,9705145209
26708,Kavya Sharma,52,Female,AB+,9589673259
26709,Vikram Kapoor,53,Male,AB-,9987715292
26710,Aman Sharma,50,Female,AB+,9332916840
26711,Aditya Gupta,37,Female,AB-,9892098471
26712,Karan Kapoor,55,Male,O-,9228239767
26713,Neha Verma,20,Male,O-,9468658792
26714,Divya Reddy,30,Female,A+,9482714534
26715,Rohan Mehta,50,Male,AB+,9384038068
26716,Vikram Patel,44,Male,AB+,9325550745
26717,Kavya Verma,44,Male,AB+,9250511038
26718,Neha Mehta,58,Male,O+,9868873423
26719,Aman Kapoor,38,Female,B+,9656420940
26720,Karan Sharma,18,Female,B+,9231360651
26721,Kavya Patel,31,Female,O+,9905889823
26722,Kavya Singh,18,Male,A+,9249853224
26723,Pooja Gupta,33,Female,A-,9530162023
26724,Kavya Mehta,55,Female,A-,9580154873
26725,Neha Mehta,52,Male,AB-,9486855143
26726,Divya Kapoor,39,Female,AB+,9390572670
26727,Sneha Singh,29,Male,O+,9100319906
26728,Rohan Kapoor,39,Male,A+,9886051621
26729,Sneha Singh,37,Female,B-,9132263641
26730,Riya Patel,25,Female,A+,9554859725
26731,Sneha Gupta,44,Female,B+,9960448143
26732,Rohan Gupta,24,Male,O-,9536572390
26733,Kavya Patel,56,Female,O-,9743415184
26734,Priya Gupta,37,Female,O-,9879688611
26735,Riya Sharma,24,Female,O+,9567139724
26736,Divya Gupta,22,Male,A-,9407303129
26737,Neha Reddy,36,Male,O+,9858397838
26738,Arjun Gupta,51,Female,A-,9801709554
26739,Sahil Sharma,18,Female,A-,9573087140
26740,Karan Sharma,24,Male,B-,9804683492
26741,Neha Reddy,32,Male,O+,9653678477
26742,Priya Gupta,50,Male,B-,9146491329
26743,Neha Reddy,23,Female,AB+,9442937629
26744,Arjun Verma,28,Female,O+,9342328966
26745,Arjun Mehta,49,Male,B-,9752822700
26746,Divya Singh,25,Male,B-,9997840366
26747,Anjali Mehta,21,Female,A+,9820872202
26748,Priya Verma,54,Female,AB-,9281718664
26749,Sahil Singh,52,Female,B-,9594558925
26750,Sneha Kapoor,26,Female,AB+,9418507317
26751,Neha Verma,25,Male,A-,9358248816
26752,Anjali Singh,33,Female,AB+,9167511593
26753,Rohan Singh,46,Male,A-,9834681567
26754,Sahil Gupta,23,Female,B-,9738544216
26755,Rahul Kapoor,43,Female,B+,9931380584
26756,Rohan Patel,27,Female,B-,9731468307
26757,Rohan Sharma,19,Male,AB-,9377098854
26758,Sahil Kapoor,59,Female,B+,9806517989
26759,Karan Gupta,36,Male,B-,9144063898
26760,Karan Kapoor,47,Female,B-,9996359852
26761,Rahul Patel,45,Female,AB-,9122913659
26762,Rahul Reddy,47,Female,AB-,9421044083
26763,Divya Verma,22,Female,A-,9884744318
26764,Pooja Singh,32,Male,O+,9124565553
26765,Anjali Verma,29,Male,AB+,9862747467
26766,Neha Kapoor,50,Male,O+,9344591918
26767,Pooja Singh,18,Female,A+,9936991937
26768,Aditya Mehta,56,Male,O+,9887705861
26769,Anjali Verma,46,Male,A-,9755077639
26770,Rohan Reddy,33,Male,O-,9695842615
26771,Neha Sharma,57,Female,AB-,9917836166
26772,Rahul Mehta,44,Female,AB-,9431733597
26773,Vikram Verma,36,Female,A-,9451783311
26774,Karan Sharma,42,Male,AB-,9638585317
26775,Arjun Sharma,37,Male,O-,9389391322
26776,Sahil Sharma,55,Male,B-,9258983145
26777,Neha Reddy,29,Female,B-,9778223685
26778,Vikram Verma,27,Female,A-,9974301831
26779,Divya Verma,28,Male,B+,9307388982
26780,Aditya Gupta,55,Male,A-,9710844818
26781,Neha Reddy,49,Female,O+,9717560332
26782,Karan Mehta,20,Male,O+,9873083561
26783,Aditya Reddy,25,Male,O-,9506631622
26784,Rahul Sharma,47,Female,AB+,9583162170
26785,Kavya Gupta,48,Female,B+,9354897416
26786,Priya Mehta,22,Female,A+,9467514102
26787,Kavya Verma,58,Female,A-,9721222141
26788,Pooja Kapoor,58,Female,AB+,9208250341
26789,Anjali Verma,59,Male,A+,9133717749
26790,Vikram Singh,19,Female,A+,9314008123
26791,Aman Verma,43,Male,A+,9124630873
26792,Priya Reddy,60,Male,O-,9800965914
26793,Pooja Mehta,51,Male,B+,9724148282
26794,Kavya Verma,24,Female,A+,9636367918
26795,Aman Sharma,18,Female,O+,9620013954
26796,Riya Verma,31,Female,B+,9260315513
26797,Kavya Sharma,44,Female,O-,9893720626
26798,Anjali Kapoor,24,Female,A+,9703302508
26799,Rahul Verma,22,Male,A+,9189301721
26800,Riya Reddy,22,Male,B-,9500050011
26801,Rahul Reddy,36,Male,AB+,9743533658
26802,Sahil Patel,57,Female,B+,9182544345
26803,Neha Mehta,33,Male,A-,9486696154
26804,Vikram Patel,56,Male,A+,9775608923
26805,Anjali Singh,53,Male,AB-,9770677053
26806,Rohan Verma,26,Female,AB-,9419347087
26807,Arjun Kapoor,58,Female,O+,9874166693
26808,Kavya Mehta,59,Female,A+,9618402108
26809,Kavya Gupta,22,Male,A-,9318029987
26810,Riya Reddy,58,Female,A-,9374334730
26811,Riya Sharma,52,Male,AB-,9280643578
26812,Karan Kapoor,29,Female,O+,9962506701
26813,Pooja Gupta,34,Female,O+,9874810994
26814,Divya Patel,31,Male,O+,9406530610
26815,Aman Mehta,57,Female,A+,9163833774
26816,Riya Kapoor,51,Female,AB-,9577658477
26817,Aman Kapoor,57,Male,AB-,9792900012
26818,Aman Patel,32,Male,AB-,9740200043
26819,Sneha Singh,50,Male,O+,9705668252
26820,Kavya Reddy,24,Male,A+,9146103310
26821,Aditya Sharma,28,Male,B+,9933974331
26822,Neha Mehta,53,Male,AB-,9515591515
26823,Vikram Sharma,34,Male,A-,9162094720
26824,Karan Verma,44,Female,AB+,9973393209
26825,Priya Reddy,49,Female,AB-,9844454904
26826,Neha Kapoor,39,Female,B+,9329784353
26827,Pooja Verma,30,Female,O-,9323804354
26828,Kavya Mehta,28,Female,O+,9947173098
26829,Divya Patel,18,Male,AB-,9674920280
26830,Karan Reddy,31,Male,AB+,9628300009
26831,Sneha Verma,22,Male,A-,9593252175
26832,Riya Singh,43,Female,O-,9266816099
26833,Neha Kapoor,31,Female,B-,9769873993
26834,Anjali Sharma,31,Female,O-,9625910992
26835,Karan Reddy,18,Female,B+,9447389938
26836,Rohan Singh,53,Male,AB-,9142806764
26837,Kavya Gupta,24,Female,O-,9151843266
26838,Priya Kapoor,54,Female,B-,9986822458
26839,Anjali Mehta,27,Female,AB+,9987995502
26840,Rahul Gupta,26,Female,A-,9670940632
26841,Sahil Kapoor,33,Male,O+,9507871156
26842,Riya Mehta,59,Female,O+,9204438794
26843,Sneha Mehta,46,Female,O+,9296575104
26844,Arjun Mehta,33,Male,O+,9620098840
26845,Rahul Singh,53,Male,B+,9738268511
26846,Riya Mehta,49,Female,O+,9779816163
26847,Aditya Mehta,41,Female,A+,9206370553
26848,Aditya Sharma,30,Female,O-,9305906059
26849,Aman Sharma,51,Male,AB+,9999945453
26850,Kavya Reddy,30,Male,B+,9350003904
26851,Divya Gupta,45,Male,B-,9433815935
26852,Vikram Verma,29,Male,A+,9392301704
26853,Rahul Gupta,28,Female,B-,9850886447
26854,Kavya Reddy,28,Female,O+,9829546409
26855,Aditya Singh,34,Male,B+,9653157350
26856,Divya Mehta,23,Female,A+,9630943087
26857,Divya Patel,23,Male,A+,9406138548
26858,Aditya Patel,52,Female,O+,9934240405
26859,Pooja Mehta,50,Male,A-,9321447199
26860,Kavya Reddy,43,Female,AB+,9951905458
26861,Priya Gupta,55,Male,B+,9696511215
26862,Anjali Patel,28,Female,O+,9114663974
26863,Aman Singh,31,Female,A+,9126577501
26864,Aman Mehta,21,Male,B+,9532155859
26865,Riya Singh,25,Male,AB+,9821990715
26866,Rohan Kapoor,37,Male,AB-,9508530365
26867,Rohan Reddy,25,Male,B-,9774494511
26868,Rohan Kapoor,19,Female,A+,9959295720
26869,Arjun Singh,55,Male,B-,9956181386
26870,Divya Singh,56,Male,A-,9508793208
26871,Sahil Reddy,55,Male,O-,9231818861
26872,Divya Verma,36,Male,B+,9763156975
26873,Sahil Sharma,58,Male,AB+,9251682157
26874,Rohan Gupta,22,Male,A-,9771873515
26875,Sneha Mehta,34,Female,B-,9356508270
26876,Anjali Sharma,28,Male,AB+,9614410485
26877,Kavya Sharma,48,Male,A+,9536204076
26878,Kavya Sharma,33,Female,B-,9889301641
26879,Aditya Reddy,54,Male,B+,9169957524
26880,Karan Reddy,19,Female,A+,9353629240
26881,Riya Singh,60,Male,AB+,9619098642
26882,Rahul Mehta,29,Male,B+,9765387145
26883,Divya Gupta,54,Female,O-,9329964903
26884,Karan Mehta,44,Male,B-,9764639608
26885,Karan Singh,35,Female,B-,9839016228
26886,Sahil Patel,31,Female,B+,9294821308
26887,Sneha Verma,49,Female,A+,9732766465
26888,Karan Sharma,49,Female,B-,9347095735
26889,Sneha Gupta,36,Female,O+,9411707160
26890,Riya Sharma,38,Male,AB-,9246565808
26891,Vikram Mehta,31,Female,A+,9523808670
26892,Neha Sharma,56,Male,A+,9648240487
26893,Arjun Reddy,38,Female,O-,9136692383
26894,Anjali Singh,60,Female,A+,9965293889
26895,Karan Gupta,40,Female,AB+,9305370656
26896,Sahil Gupta,42,Male,O-,9830070756
26897,Neha Mehta,34,Male,AB-,9963733182
26898,Sneha Singh,20,Male,A-,9327845954
26899,Vikram Verma,30,Female,O+,9102072757
26900,Kavya Sharma,54,Female,A+,9225683728
26901,Riya Patel,36,Male,AB+,9857244077
26902,Priya Sharma,52,Male,A-,9998124703
26903,Rahul Mehta,25,Male,A-,9440706082
26904,Aman Verma,21,Female,A-,9911870532
26905,Rahul Sharma,51,Male,O-,9538405060
26906,Riya Sharma,36,Male,A-,9328976162
26907,Vikram Verma,38,Female,AB-,9423913759
26908,Neha Kapoor,38,Female,O-,9306518760
26909,Aman Singh,26,Male,AB+,9811097376
26910,Anjali Singh,26,Female,A-,9785045251
26911,Pooja Sharma,52,Male,A+,9999559075
26912,Vikram Reddy,52,Female,O-,9404517561
26913,Anjali Verma,41,Male,A+,9210500227
26914,Aditya Mehta,45,Female,O-,9528022808
26915,Pooja Singh,38,Female,A+,9970740642
26916,Kavya Verma,43,Female,A+,9233666749
26917,Rahul Mehta,51,Female,O-,9154001741
26918,Divya Sharma,60,Female,A-,9834120051
26919,Arjun Patel,22,Female,A+,9186848864
26920,Sahil Patel,41,Male,O+,9605147799
26921,Karan Patel,54,Male,A-,9379445945
26922,Arjun Kapoor,40,Male,O+,9414125519
26923,Neha Singh,24,Male,O+,9352722617
26924,Priya Mehta,42,Male,B+,9422616932
26925,Anjali Kapoor,45,Male,O+,9220101883
26926,Arjun Singh,32,Male,AB+,9349772362
26927,Priya Verma,28,Male,A-,9251941852
26928,Rohan Mehta,18,Male,O-,9627674226
26929,Anjali Mehta,54,Male,A+,9815000816
26930,Vikram Mehta,26,Female,AB+,9261755662
26931,Pooja Mehta,32,Male,O+,9262622599
26932,Rahul Verma,25,Female,AB+,9503886834
26933,Kavya Reddy,37,Male,B-,9601469985
26934,Aditya Mehta,42,Male,AB+,9714313755
26935,Anjali Singh,21,Male,B+,9776028083
26936,Rahul Sharma,36,Female,B+,9765340010
26937,Priya Verma,45,Male,O-,9313269169
26938,Aditya Gupta,50,Male,O-,9989436976
26939,Sahil Singh,19,Male,B+,9778086799
26940,Rohan Sharma,31,Male,O-,9354707605
26941,Neha Reddy,33,Male,O+,9619337523
26942,Kavya Patel,28,Male,A+,9883991271
26943,Divya Verma,43,Female,A+,9619182648
26944,Priya Reddy,26,Male,O+,9362213238
26945,Arjun Singh,18,Female,AB+,9698360831
26946,Kavya Reddy,51,Female,B-,9428590339
26947,Rahul Verma,51,Female,B+,9847358155
26948,Aman Singh,48,Female,B-,9269326300
26949,Karan Kapoor,56,Female,AB+,9848291614
26950,Karan Reddy,44,Male,A-,9205973803
26951,Pooja Sharma,56,Female,A-,9234715115
26952,Kavya Verma,20,Male,A+,9300193138
26953,Sahil Mehta,39,Male,AB+,9211439265
26954,Pooja Sharma,52,Male,O+,9242638713
26955,Aditya Reddy,20,Female,B-,9856432916
26956,Neha Sharma,45,Male,AB-,9328021318
26957,Aman Verma,29,Female,O-,9429171029
26958,Pooja Kapoor,34,Male,A+,9773125344
26959,Anjali Patel,25,Female,B+,9232618602
26960,Arjun Verma,37,Female,AB+,9197164908
26961,Aman Gupta,49,Female,B-,9488644993
26962,Karan Sharma,34,Male,B+,9819178452
26963,Vikram Gupta,34,Female,B+,9448964516
26964,Rahul Singh,60,Female,O+,9254023691
26965,Rohan Patel,43,Male,A+,9911562433
26966,Rahul Reddy,44,Male,AB-,9529216497
26967,Priya Kapoor,51,Male,AB+,9183937934
26968,Rohan Mehta,21,Female,B-,9569492136
26969,Rahul Kapoor,21,Male,A+,9636625478
26970,Rohan Mehta,56,Female,A+,9126815324
26971,Neha Reddy,48,Female,AB+,9351436006
26972,Aman Reddy,24,Female,A+,9473571029
26973,Vikram Singh,50,Female,A+,9440912174
26974,Pooja Reddy,28,Female,A+,9759530560
26975,Aditya Verma,58,Male,O-,9703061720
26976,Pooja Verma,36,Female,O-,9159239850
26977,Riya Singh,44,Male,AB-,9654711711
26978,Sneha Verma,27,Male,B+,9245676979
26979,Neha Patel,35,Female,AB-,9973656446
26980,Rohan Reddy,46,Male,B-,9998805979
26981,Rahul Verma,27,Male,AB-,9333497061
26982,Divya Singh,35,Male,A-,9371992912
26983,Arjun Verma,34,Male,O-,9918197327
26984,Divya Sharma,44,Female,A-,9135671222
26985,Sahil Gupta,30,Male,AB+,9710233621
26986,Riya Reddy,27,Female,B+,9247272453
26987,Rahul Sharma,26,Male,AB-,9491288809
26988,Sneha Gupta,44,Male,O-,9935660244
26989,Rohan Gupta,37,Female,O+,9868945377
26990,Divya Verma,59,Female,AB-,9901164351
26991,Rohan Mehta,55,Female,O+,9541504736
26992,Kavya Gupta,32,Male,AB+,9347407241
26993,Neha Reddy,43,Male,A-,9954254660
26994,Vikram Reddy,49,Female,B+,9867005639
26995,Aman Reddy,41,Male,O+,9959230637
26996,Riya Patel,53,Female,AB-,9714632239
26997,Vikram Patel,40,Female,B+,9816572059
26998,Aman Verma,47,Male,A-,9554233920
26999,Rahul Singh,47,Female,O+,9425377104
27000,Aman Sharma,19,Female,AB-,9247033332
27001,Riya Kapoor,52,Female,A+,9840895600
27002,Aditya Verma,24,Male,B-,9630481479
27003,Divya Kapoor,31,Female,O-,9468507519
27004,Sahil Singh,37,Female,AB+,9842889907
27005,Arjun Kapoor,21,Female,B+,9411448914
27006,Aman Reddy,34,Male,A+,9734988937
27007,Karan Patel,31,Female,O+,9189539009
27008,Karan Kapoor,33,Male,A+,9108524467
27009,Aditya Reddy,51,Female,A-,9437035671
27010,Riya Sharma,18,Female,O-,9612420459
27011,Priya Singh,21,Female,O+,9118326539
27012,Vikram Gupta,35,Male,A-,9182019570
27013,Vikram Singh,53,Male,AB-,9772880164
27014,Rohan Singh,38,Male,B+,9954456088
27015,Neha Mehta,44,Female,AB-,9504382245
27016,Rohan Mehta,27,Male,A+,9926231356
27017,Priya Mehta,60,Female,B+,9920526503
27018,Kavya Reddy,19,Female,AB-,9760999358
27019,Riya Reddy,41,Male,O+,9139695459
27020,Priya Gupta,60,Female,AB-,9908182257
27021,Anjali Reddy,25,Male,AB-,9101114706
27022,Priya Singh,45,Female,AB+,9724048417
27023,Anjali Patel,48,Female,O+,9275984029
27024,Sahil Patel,51,Male,O+,9724732135
27025,Kavya Patel,43,Male,AB+,9936493786
27026,Divya Mehta,58,Female,O-,9715160745
27027,Neha Mehta,50,Female,B+,9163514679
27028,Neha Mehta,40,Male,AB+,9980206107
27029,Rahul Kapoor,36,Male,A+,9620244178
27030,Rohan Gupta,20,Male,A+,9548691024
27031,Kavya Singh,53,Female,AB-,9401553245
27032,Kavya Sharma,54,Female,O+,9421672056
27033,Neha Verma,55,Male,AB+,9427908706
27034,Pooja Sharma,39,Female,A+,9137395645
27035,Aman Sharma,30,Female,B-,9740837809
27036,Neha Verma,37,Male,AB-,9946387373
27037,Sneha Sharma,60,Female,A-,9891075407
27038,Karan Gupta,34,Female,AB+,9516244325
27039,Karan Kapoor,28,Female,O-,9556424278
27040,Arjun Gupta,26,Female,AB-,9499007379
27041,Sneha Kapoor,60,Male,AB+,9289663136
27042,Karan Mehta,58,Male,A-,9189371319
27043,Rohan Verma,21,Male,O+,9329164314
27044,Anjali Verma,52,Male,B-,9526707149
27045,Karan Mehta,52,Female,A-,9282055290
27046,Sahil Patel,52,Male,O+,9603787990
27047,Rahul Gupta,36,Female,B-,9434622670
27048,Priya Reddy,23,Female,A-,9916878829
27049,Rahul Verma,36,Female,AB+,9690543532
27050,Aman Patel,57,Female,O+,9164809458
27051,Divya Kapoor,60,Female,B-,9739749576
27052,Rahul Sharma,59,Female,A-,9557992109
27053,Riya Kapoor,30,Female,AB+,9911582447
27054,Neha Patel,51,Female,AB-,9514635178
27055,Neha Patel,57,Female,O+,9392559025
27056,Neha Patel,54,Female,B+,9192312706
27057,Rohan Kapoor,56,Male,A+,9321970758
27058,Priya Sharma,41,Female,AB+,9617951441
27059,Vikram Sharma,60,Male,O-,9390187009
27060,Kavya Gupta,26,Male,B+,9299833530
27061,Anjali Sharma,38,Male,AB+,9285799447
27062,Neha Sharma,31,Male,AB+,9941527969
27063,Riya Patel,27,Male,O-,9236411897
27064,Aman Sharma,41,Male,A+,9883801271
27065,Karan Singh,47,Female,O+,9343840759
27066,Sneha Kapoor,32,Female,AB+,9767293317
27067,Arjun Patel,57,Female,O-,9285123309
27068,Rahul Sharma,45,Male,AB-,9178502771
27069,Aditya Singh,47,Male,AB+,9270463851
27070,Anjali Kapoor,41,Male,AB+,9911143846
27071,Pooja Kapoor,36,Male,B+,9970170992
27072,Aditya Sharma,48,Female,A+,9390891669
27073,Karan Patel,29,Male,A+,9837755235
27074,Kavya Kapoor,56,Female,AB-,9405909148
27075,Karan Singh,44,Male,B+,9946187229
27076,Rohan Mehta,56,Male,A-,9440248119
27077,Rahul Kapoor,58,Male,AB-,9464708270
27078,Rohan Reddy,52,Male,B+,9804212839
27079,Arjun Patel,27,Female,AB+,9142716537
27080,Vikram Mehta,34,Male,AB+,9646223838
27081,Sahil Verma,27,Female,A+,9601670418
27082,Arjun Mehta,57,Female,A-,9541237750
27083,Karan Sharma,51,Male,A-,9447421491
27084,Rahul Kapoor,25,Female,A+,9759545960
27085,Arjun Singh,60,Female,AB+,9448570656
27086,Anjali Singh,43,Female,O-,9822047633
27087,Sahil Patel,44,Male,AB-,9700493744
27088,Divya Mehta,19,Male,O+,9882196370
27089,Aditya Sharma,48,Female,B+,9109857547
27090,Sneha Singh,40,Female,A-,9789378380
27091,Rahul Reddy,25,Male,B+,9527049419
27092,Aman Verma,32,Female,AB+,9238666014
27093,Aman Singh,22,Female,O+,9147777742
27094,Sneha Mehta,55,Female,B-,9193040165
27095,Anjali Reddy,48,Female,O-,9636712046
27096,Rohan Mehta,31,Male,A+,9308590910
27097,Sneha Singh,24,Male,A+,9986138097
27098,Vikram Mehta,58,Male,AB-,9294465439
27099,Rahul Patel,37,Male,AB-,9518765396
27100,Rohan Mehta,55,Female,O+,9591354443
27101,Karan Sharma,23,Male,AB-,9546975113
27102,Sneha Verma,47,Female,B+,9755046866
27103,Sahil Patel,34,Male,O+,9953911527
27104,Sneha Verma,50,Female,B-,9562355579
27105,Rahul Singh,58,Male,O+,9292292152
27106,Sahil Reddy,28,Male,A-,9708965628
27107,Vikram Mehta,29,Female,O-,9374923649
27108,Kavya Gupta,50,Female,O+,9382853347
27109,Neha Verma,60,Male,B-,9447976340
27110,Rahul Verma,24,Female,AB+,9586991761
27111,Neha Kapoor,49,Male,A-,9876484871
27112,Vikram Reddy,36,Female,AB-,9529306376
27113,Karan Verma,32,Male,A+,9355061309
27114,Sahil Singh,38,Male,B-,9616283486
27115,Vikram Verma,21,Male,B-,9733887615
27116,Kavya Singh,55,Male,A+,9539163327
27117,Arjun Verma,31,Male,O-,9575064964
27118,Divya Sharma,32,Male,B+,9532492970
27119,Pooja Patel,48,Male,AB+,9810375388
27120,Sneha Kapoor,58,Female,A+,9106888112
27121,Sahil Patel,60,Female,O+,9979575769
27122,Sahil Singh,45,Female,B+,9126603132
27123,Sahil Gupta,26,Female,A+,9238310179
27124,Vikram Kapoor,56,Female,A-,9978465780
27125,Rohan Reddy,55,Male,A-,9327513668
27126,Vikram Patel,48,Male,A+,9973122241
27127,Rahul Reddy,50,Male,O-,9378722865
27128,Rohan Reddy,31,Male,A-,9360331126
27129,Rahul Verma,44,Male,A-,9796245633
27130,Rahul Mehta,53,Male,O-,9348581804
27131,Rahul Patel,59,Male,O-,9273143535
27132,Sneha Kapoor,18,Female,AB-,9264976816
27133,Anjali Verma,35,Female,A-,9842961667
27134,Rahul Kapoor,18,Male,B+,9607811300
27135,Sahil Mehta,25,Female,B-,9272302453
27136,Arjun Gupta,49,Male,A+,9174028253
27137,Divya Verma,42,Male,O-,9179579131
27138,Rohan Patel,47,Male,B+,9170965818
27139,Rohan Gupta,54,Female,O+,9344493629
27140,Anjali Singh,59,Male,A-,9162861923
27141,Vikram Verma,38,Male,AB-,9833898511
27142,Neha Patel,21,Female,B+,9144056953
27143,Sahil Reddy,31,Female,A-,9603800017
27144,Kavya Kapoor,41,Male,A+,9703359461
27145,Divya Kapoor,48,Male,A-,9917463657
27146,Anjali Gupta,44,Female,AB-,9229376297
27147,Divya Singh,39,Female,O-,9872953887
27148,Aman Singh,56,Female,AB-,9268632168
27149,Pooja Mehta,21,Female,A+,9604486918
27150,Kavya Mehta,49,Female,B-,9465716378
27151,Sneha Verma,28,Female,AB-,9460287549
27152,Riya Sharma,31,Male,B-,9885228209
27153,Divya Reddy,43,Male,AB+,9926219054
27154,Arjun Reddy,37,Male,AB-,9884029536
27155,Aditya Singh,22,Male,A-,9563159101
27156,Neha Gupta,24,Male,B-,9757635246
27157,Aditya Patel,34,Female,A+,9230808252
27158,Kavya Mehta,48,Male,A-,9283977991
27159,Kavya Singh,24,Female,O+,9244463101
27160,Priya Singh,38,Female,O+,9416928022
27161,Riya Kapoor,26,Female,B+,9573230003
27162,Rahul Mehta,38,Female,A-,9384828490
27163,Pooja Singh,56,Female,AB-,9242546061
27164,Sneha Mehta,40,Female,O+,9970668507
27165,Aman Kapoor,46,Male,A-,9214412727
27166,Rahul Patel,21,Male,AB+,9893969080
27167,Riya Verma,35,Female,B+,9322215073
27168,Sahil Mehta,55,Male,O-,9593696723
27169,Aditya Singh,36,Male,AB-,9531212520
27170,Rohan Singh,47,Female,AB-,9134159188
27171,Kavya Mehta,23,Female,AB-,9314342362
27172,Riya Singh,49,Female,AB-,9115404596
27173,Arjun Mehta,60,Male,B+,9452559370
27174,Priya Singh,46,Female,O+,9689566853
27175,Riya Verma,18,Male,A+,9840944196
27176,Anjali Patel,29,Female,A+,9659085232
27177,Aditya Kapoor,43,Female,O-,9816996665
27178,Aman Verma,53,Female,B-,9211337887
27179,Rohan Singh,19,Female,B+,9485912119
27180,Pooja Reddy,21,Male,A-,9914925695
27181,Priya Verma,53,Male,A-,9737110277
27182,Vikram Mehta,20,Female,B-,9516611889
27183,Sahil Reddy,54,Female,O+,9261963517
27184,Vikram Singh,59,Male,O-,9201589689
27185,Arjun Sharma,28,Male,B+,9915991747
27186,Sahil Mehta,58,Female,B-,9607116076
27187,Pooja Patel,56,Male,B+,9130819722
27188,Riya Patel,60,Female,AB+,9151833494
27189,Sneha Reddy,37,Female,B+,9403354545
27190,Rahul Verma,27,Female,B-,9921590622
27191,Riya Sharma,27,Male,B+,9761512444
27192,Rahul Kapoor,35,Female,AB-,9691603879
27193,Neha Gupta,43,Male,AB-,9459261845
27194,Sahil Gupta,29,Male,B+,9917726606
27195,Divya Patel,32,Male,A-,9659576029
27196,Sahil Mehta,22,Female,O-,9477776485
27197,Priya Singh,54,Male,B+,9538613339
27198,Pooja Gupta,34,Male,O-,9873949586
27199,Aditya Sharma,29,Male,B+,9665117363
27200,Priya Gupta,40,Female,A-,9981547836
27201,Priya Sharma,55,Male,B-,9537883512
27202,Kavya Singh,48,Male,A-,9961927312
27203,Vikram Verma,20,Female,AB+,9405605881
27204,Rohan Singh,58,Female,AB+,9872982902
27205,Divya Mehta,36,Male,O+,9771497631
27206,Karan Verma,31,Female,A+,9135989710
27207,Sneha Singh,59,Male,AB-,9121605418
27208,Aman Patel,27,Female,AB-,9173427565
27209,Anjali Reddy,58,Male,O-,9526661349
27210,Rohan Kapoor,34,Male,AB-,9706064653
27211,Sahil Patel,40,Male,A+,9140137078
27212,Karan Verma,59,Male,A+,9963541299
27213,Arjun Verma,29,Female,B+,9650084840
27214,Sahil Singh,18,Male,A-,9255698439
27215,Anjali Sharma,49,Male,AB-,9503899954
27216,Sneha Kapoor,60,Female,B-,9906664805
27217,Sneha Reddy,28,Male,AB-,9627902430
27218,Rahul Verma,45,Female,AB+,9152405533
27219,Aditya Singh,39,Male,B+,9683256157
27220,Riya Sharma,26,Female,B-,9968612850
27221,Arjun Reddy,49,Male,AB+,9523671603
27222,Rahul Kapoor,19,Male,AB+,9603500461
27223,Anjali Reddy,31,Female,O-,9909836564
27224,Rohan Verma,21,Female,O+,9832630158
27225,Neha Verma,21,Male,AB-,9940352544
27226,Rohan Verma,46,Female,O+,9870149304
27227,Sneha Gupta,41,Female,AB-,9861603268
27228,Kavya Mehta,29,Female,O-,9170969192
27229,Arjun Sharma,25,Female,B+,9616906791
27230,Aman Reddy,33,Male,A+,9550358714
27231,Neha Kapoor,55,Female,A-,9403932813
27232,Neha Reddy,39,Male,O-,9245547340
27233,Neha Verma,44,Male,O+,9632704050
27234,Rahul Gupta,42,Male,A+,9784421895
27235,Rohan Mehta,36,Male,O-,9613083242
27236,Kavya Verma,55,Male,A-,9164336300
27237,Aditya Singh,27,Female,AB+,9389316579
27238,Neha Reddy,49,Male,A+,9464997334
27239,Arjun Singh,19,Female,O+,9711428548
27240,Rohan Mehta,44,Female,B-,9758512191
27241,Kavya Verma,23,Female,A-,9276408027
27242,Priya Kapoor,42,Female,O-,9511965151
27243,Vikram Gupta,46,Female,O+,9280031477
27244,Kavya Sharma,34,Female,A-,9519780959
27245,Karan Gupta,28,Male,AB-,9311375454
27246,Rohan Mehta,35,Female,B+,9537674149
27247,Priya Singh,25,Male,O-,9973569422
27248,Sneha Singh,29,Male,A-,9401592270
27249,Arjun Gupta,19,Female,O-,9932563512
27250,Pooja Mehta,27,Female,A+,9513427848
27251,Aman Mehta,46,Male,B+,9803737340
27252,Aditya Gupta,35,Male,O-,9223069291
27253,Sahil Patel,37,Male,O+,9737221274
27254,Arjun Mehta,38,Male,AB-,9939269106
27255,Anjali Mehta,24,Male,A-,9334247936
27256,Rahul Verma,53,Female,AB+,9347241682
27257,Pooja Verma,59,Male,B-,9298657359
27258,Arjun Sharma,18,Female,B-,9210498277
27259,Arjun Reddy,28,Male,O-,9760787850
27260,Rohan Kapoor,23,Male,B+,9771882826
27261,Kavya Singh,51,Male,O-,9540836143
27262,Pooja Singh,60,Female,B+,9935788358
27263,Anjali Sharma,56,Female,O-,9477812498
27264,Neha Kapoor,60,Male,O-,9437046702
27265,Priya Mehta,45,Female,O-,9443392953
27266,Aditya Reddy,33,Female,A+,9522094077
27267,Aman Verma,38,Female,B-,9315415204
27268,Vikram Verma,24,Female,AB-,9986130157
27269,Karan Verma,26,Female,O-,9414310773
27270,Sneha Gupta,46,Female,O-,9257107411
27271,Divya Mehta,48,Male,AB-,9739176354
27272,Vikram Sharma,55,Male,B-,9353945833
27273,Anjali Gupta,23,Female,B+,9213403419
27274,Neha Reddy,44,Male,A-,9104250205
27275,Sneha Verma,33,Female,B+,9581711437
27276,Aman Kapoor,42,Male,AB-,9622410731
27277,Aman Patel,28,Male,B-,9621945845
27278,Aditya Sharma,50,Female,B+,9567052227
27279,Sahil Gupta,55,Female,B-,9730994634
27280,Riya Kapoor,47,Male,A-,9136544923
27281,Pooja Sharma,40,Male,AB+,9662136890
27282,Neha Patel,49,Female,O-,9124612297
27283,Rahul Verma,49,Female,O+,9838672935
27284,Sneha Verma,32,Male,AB+,9175448123
27285,Divya Sharma,34,Male,O+,9204030237
27286,Karan Mehta,46,Male,O+,9874724418
27287,Anjali Sharma,24,Female,A+,9103340879
27288,Aman Singh,19,Female,O+,9648293394
27289,Divya Reddy,30,Female,B-,9886502023
27290,Neha Reddy,26,Female,B+,9757152338
27291,Aman Sharma,27,Male,A-,9665110428
27292,Vikram Kapoor,37,Female,O-,9605727341
27293,Riya Patel,55,Female,O-,9593684777
27294,Divya Singh,23,Female,A-,9278111142
27295,Karan Patel,58,Female,AB-,9784038370
27296,Rohan Mehta,54,Female,A+,9506215076
27297,Sahil Singh,21,Male,A+,9865079552
27298,Rahul Sharma,59,Male,O+,9346843439
27299,Aman Verma,42,Female,O+,9662480171
27300,Aman Singh,53,Male,A-,9456448866
27301,Rahul Sharma,32,Male,A+,9288914493
27302,Arjun Reddy,47,Female,O-,9903387153
27303,Pooja Kapoor,31,Female,A+,9737893492
27304,Aditya Verma,25,Female,A-,9450403831
27305,Vikram Mehta,51,Male,AB+,9831838096
27306,Neha Gupta,49,Female,A-,9279968209
27307,Sneha Verma,33,Male,O+,9902607464
27308,Arjun Verma,55,Male,O+,9211220763
27309,Vikram Reddy,47,Male,A-,9710796342
27310,Divya Kapoor,25,Female,A-,9368786365
27311,Vikram Gupta,53,Male,A+,9612140254
27312,Sneha Mehta,19,Female,O-,9498411975
27313,Neha Sharma,20,Female,AB-,9759329110
27314,Anjali Reddy,34,Male,O+,9661825418
27315,Rohan Singh,46,Female,AB+,9511510238
27316,Riya Patel,44,Female,O-,9619741575
27317,Priya Verma,39,Female,A+,9893732612
27318,Kavya Mehta,30,Male,O-,9650483189
27319,Vikram Sharma,20,Male,O+,9444122388
27320,Arjun Gupta,21,Female,AB+,9934908586
27321,Priya Mehta,28,Female,B+,9808840099
27322,Neha Mehta,33,Male,B-,9947784138
27323,Sneha Mehta,32,Female,A-,9953202306
27324,Vikram Verma,25,Male,O+,9835815458
27325,Sneha Patel,34,Male,B-,9666932430
27326,Vikram Mehta,33,Male,O+,9169640491
27327,Arjun Reddy,44,Male,A-,9401089551
27328,Riya Mehta,20,Female,AB-,9470475289
27329,Rahul Reddy,19,Male,O+,9651838192
27330,Rohan Singh,38,Female,A+,9307634937
27331,Rohan Mehta,29,Female,A+,9742989380
27332,Priya Singh,49,Male,A-,9808385968
27333,Aman Reddy,54,Male,O-,9599249903
27334,Rohan Gupta,42,Male,O-,9450145920
27335,Rohan Singh,22,Female,A+,9646591369
27336,Priya Kapoor,29,Female,O+,9608270475
27337,Neha Kapoor,41,Female,O+,9927977295
27338,Sahil Sharma,18,Female,AB-,9608578359
27339,Rohan Reddy,36,Female,A+,9872539225
27340,Riya Verma,20,Female,AB+,9476776388
27341,Arjun Singh,51,Female,B+,9123886261
27342,Divya Mehta,49,Male,AB-,9664707079
27343,Aman Singh,24,Male,B-,9595199294
27344,Rohan Reddy,57,Female,A-,9990690536
27345,Karan Reddy,31,Male,AB+,9500492618
27346,Rahul Verma,23,Female,B+,9960902839
27347,Anjali Verma,28,Female,A+,9788685805
27348,Aman Gupta,48,Male,AB+,9389784041
27349,Riya Verma,25,Female,A-,9995662090
27350,Divya Mehta,58,Female,A+,9752824944
27351,Divya Reddy,42,Male,O-,9327896329
27352,Anjali Patel,31,Female,A+,9173214882
27353,Riya Gupta,43,Female,O-,9923019247
27354,Neha Patel,43,Male,A-,9869513382
27355,Riya Kapoor,20,Male,AB+,9279265647
27356,Aman Mehta,41,Female,AB+,9700354907
27357,Sahil Reddy,57,Male,A-,9504180925
27358,Divya Singh,48,Female,AB+,9339360109
27359,Vikram Reddy,33,Female,B-,9692722390
27360,Anjali Reddy,24,Male,B+,9746125448
27361,Kavya Singh,28,Male,B-,9216873513
27362,Divya Kapoor,18,Female,B-,9743030200
27363,Riya Singh,24,Male,B-,9744198196
27364,Neha Sharma,59,Male,AB-,9233336681
27365,Rohan Kapoor,54,Male,O+,9326066635
27366,Rahul Singh,30,Male,A-,9273218424
27367,Neha Singh,32,Male,A+,9754140790
27368,Aman Gupta,23,Female,O-,9667379000
27369,Sneha Gupta,40,Female,O+,9585119840
27370,Vikram Patel,49,Male,A+,9683486867
27371,Kavya Patel,54,Male,B+,9587214740
27372,Priya Patel,48,Female,B+,9700658648
27373,Riya Verma,24,Male,B+,9746008043
27374,Vikram Verma,54,Male,O+,9719252789
27375,Rohan Mehta,40,Male,AB-,9928457182
27376,Riya Sharma,19,Male,O-,9465618381
27377,Aditya Patel,52,Male,O+,9829835467
27378,Anjali Reddy,38,Female,AB-,9276213200
27379,Aditya Sharma,32,Male,A-,9790272872
27380,Aman Patel,56,Male,O-,9125670415
27381,Aman Kapoor,60,Female,O+,9142970453
27382,Sneha Mehta,52,Female,O-,9538474002
27383,Pooja Singh,56,Male,AB-,9705867209
27384,Rahul Singh,30,Male,AB-,9622088082
27385,Neha Verma,44,Female,O-,9796811322
27386,Divya Gupta,30,Male,AB-,9385457172
27387,Aditya Sharma,39,Male,AB+,9594123914
27388,Divya Sharma,51,Male,O+,9946810532
27389,Vikram Gupta,57,Female,AB+,9774848314
27390,Anjali Verma,33,Male,O-,9714762870
27391,Divya Singh,52,Male,AB-,9217945925
27392,Neha Reddy,55,Female,O+,9833999934
27393,Kavya Reddy,18,Female,O+,9439903281
27394,Neha Sharma,57,Female,AB+,9580952840
27395,Priya Gupta,31,Female,B+,9258692133
27396,Arjun Singh,42,Male,B+,9252014472
27397,Rahul Kapoor,18,Female,A-,9308087472
27398,Karan Verma,41,Male,A-,9884371644
27399,Aditya Mehta,37,Female,A-,9521969826
27400,Divya Gupta,49,Male,A-,9441638872
27401,Pooja Sharma,27,Male,A-,9494210413
27402,Sahil Mehta,35,Female,O-,9593167044
27403,Vikram Reddy,24,Male,AB-,9883142652
27404,Arjun Singh,27,Male,O+,9150175346
27405,Karan Reddy,34,Male,B+,9705806506
27406,Riya Kapoor,18,Male,O-,9515671740
27407,Neha Patel,18,Female,B-,9520421336
27408,Anjali Verma,34,Male,A+,9855938167
27409,Karan Patel,36,Male,A-,9925724176
27410,Riya Sharma,20,Female,AB+,9281623727
27411,Sneha Kapoor,26,Male,B+,9218323750
27412,Sneha Gupta,23,Female,AB-,9422912227
27413,Sahil Singh,33,Female,A-,9901532180
27414,Kavya Reddy,60,Female,A-,9566550652
27415,Vikram Reddy,45,Female,B-,9444669187
27416,Pooja Mehta,37,Female,A+,9762651181
27417,Kavya Singh,50,Male,AB+,9818482679
27418,Pooja Verma,39,Male,O-,9918586288
27419,Sneha Sharma,20,Female,O+,9424145121
27420,Aditya Mehta,51,Male,AB+,9342124384
27421,Divya Verma,46,Female,AB+,9410408144
27422,Sneha Patel,23,Male,AB+,9163021507
27423,Sahil Gupta,28,Male,A+,9891546810
27424,Rahul Sharma,18,Male,B+,9245774732
27425,Rohan Reddy,42,Female,B-,9308234888
27426,Aditya Verma,50,Male,A-,9732000043
27427,Rahul Patel,50,Male,O-,9802768788
27428,Divya Mehta,47,Male,A-,9343946925
27429,Kavya Mehta,45,Male,AB+,9801282866
27430,Neha Patel,30,Male,AB+,9595920130
27431,Aman Gupta,26,Male,AB+,9469287018
27432,Aman Kapoor,20,Female,AB-,9503127757
27433,Anjali Sharma,54,Male,O+,9755570625
27434,Sneha Singh,56,Male,AB-,9377790913
27435,Sahil Reddy,56,Female,AB-,9668699123
27436,Vikram Patel,60,Female,AB-,9795007811
27437,Neha Gupta,26,Female,B-,9884230561
27438,Riya Kapoor,40,Female,AB-,9236973952
27439,Sneha Singh,41,Male,A+,9652472589
27440,Arjun Kapoor,49,Male,B+,9894553521
27441,Divya Patel,56,Female,AB-,9355007700
27442,Karan Verma,56,Male,AB+,9691245365
27443,Aman Reddy,35,Male,B+,9698505984
27444,Priya Singh,44,Male,O+,9881108935
27445,Anjali Patel,51,Female,AB+,9698410307
27446,Priya Mehta,35,Female,O-,9913963105
27447,Divya Kapoor,22,Female,A+,9761254985
27448,Kavya Patel,45,Female,B-,9155820965
27449,Sahil Singh,39,Female,A-,9179733182
27450,Priya Sharma,58,Female,B+,9554428065
27451,Vikram Gupta,44,Male,A-,9716003162
27452,Aditya Patel,54,Male,AB+,9275796760
27453,Divya Gupta,55,Female,O+,9860003082
27454,Karan Mehta,20,Male,B-,9613368135
27455,Karan Gupta,53,Female,B+,9175031617
27456,Arjun Mehta,45,Male,B-,9294618920
27457,Vikram Gupta,51,Female,O+,9548921524
27458,Sneha Gupta,60,Female,O-,9161500556
27459,Kavya Sharma,40,Male,A+,9793400252
27460,Pooja Patel,40,Male,AB+,9609182653
27461,Priya Gupta,41,Female,B+,9453211584
27462,Kavya Reddy,36,Male,O-,9764191392
27463,Pooja Mehta,39,Female,A+,9222301584
27464,Anjali Mehta,43,Female,A-,9153040071
27465,Karan Reddy,47,Female,A+,9320905956
27466,Rahul Sharma,24,Male,O-,9753787971
27467,Karan Sharma,41,Male,O+,9830108995
27468,Anjali Reddy,46,Male,AB+,9111231708
27469,Riya Mehta,32,Male,A-,9971644894
27470,Rahul Verma,38,Female,O+,9595290130
27471,Aman Kapoor,32,Male,A+,9710654279
27472,Rahul Kapoor,48,Female,B+,9957424440
27473,Vikram Reddy,31,Male,A-,9354031516
27474,Riya Patel,37,Male,O+,9689814802
27475,Priya Singh,41,Male,B+,9338766136
27476,Pooja Singh,20,Male,AB-,9150957742
27477,Karan Sharma,58,Male,A+,9334590003
27478,Rahul Reddy,40,Male,AB+,9525877497
27479,Aman Verma,36,Male,O-,9168355914
27480,Pooja Patel,51,Female,O+,9365366669
27481,Pooja Singh,27,Female,AB+,9212723601
27482,Aman Singh,55,Female,A-,9957467904
27483,Rahul Kapoor,46,Female,B+,9591142319
27484,Riya Kapoor,29,Female,AB-,9584409019
27485,Pooja Gupta,32,Male,B-,9602473266
27486,Pooja Gupta,21,Male,A-,9695578285
27487,Aman Gupta,35,Male,O-,9644203303
27488,Aman Singh,22,Male,B-,9750155117
27489,Vikram Verma,22,Male,A-,9661563415
27490,Rohan Reddy,60,Female,A-,9530717072
27491,Karan Mehta,24,Female,A-,9770355838
27492,Karan Mehta,40,Male,A-,9670947017
27493,Riya Verma,22,Male,A+,9430206290
27494,Rahul Reddy,54,Male,O-,9929323638
27495,Priya Reddy,18,Female,B-,9945179688
27496,Vikram Kapoor,27,Female,O+,9571644785
27497,Pooja Sharma,21,Female,B-,9656135819
27498,Rohan Singh,46,Male,B-,9350627567
27499,Karan Verma,46,Female,AB-,9307604180
27500,Anjali Mehta,53,Female,AB+,9378382125
27501,Vikram Singh,56,Female,A-,9669887051
27502,Kavya Reddy,59,Male,A-,9478367966
27503,Neha Reddy,43,Male,AB+,9688850316
27504,Vikram Patel,40,Male,AB+,9592356867
27505,Aman Kapoor,33,Male,A-,9799521574
27506,Sahil Kapoor,26,Female,A+,9971770859
27507,Pooja Sharma,56,Male,A+,9850914712
27508,Sahil Reddy,31,Male,O-,9410913714
27509,Divya Kapoor,27,Male,A-,9865669179
27510,Pooja Mehta,42,Male,O-,9802658605
27511,Rahul Verma,52,Male,B+,9190014130
27512,Sahil Kapoor,47,Male,A-,9739510607
27513,Pooja Gupta,25,Male,AB-,9727365704
27514,Divya Sharma,36,Male,AB-,9306019084
27515,Anjali Sharma,53,Female,O+,9894088741
27516,Anjali Sharma,44,Male,A-,9773389370
27517,Aditya Singh,26,Female,A-,9931947792
27518,Vikram Gupta,47,Male,O-,9594459159
27519,Anjali Kapoor,41,Female,A+,9501593334
27520,Arjun Gupta,49,Male,AB+,9320518191
27521,Neha Mehta,55,Female,A+,9814365944
27522,Rohan Kapoor,28,Female,AB+,9590486704
27523,Kavya Sharma,58,Female,AB+,9641957121
27524,Sahil Sharma,38,Female,O-,9404950759
27525,Sahil Singh,54,Male,B-,9871982592
27526,Karan Kapoor,37,Female,A+,9955235347
27527,Riya Gupta,34,Female,B-,9679869612
27528,Sahil Patel,28,Male,O+,9369842551
27529,Kavya Reddy,28,Male,B+,9639490413
27530,Neha Patel,34,Female,B+,9105642452
27531,Karan Singh,30,Male,B-,9258596320
27532,Anjali Patel,41,Female,A-,9824069990
27533,Pooja Mehta,58,Female,A-,9783692228
27534,Aditya Gupta,27,Male,A+,9468400467
27535,Divya Patel,22,Male,B-,9605694150
27536,Sneha Kapoor,46,Male,A-,9591295973
27537,Anjali Patel,27,Male,B+,9245229580
27538,Sneha Gupta,49,Female,O+,9663980613
27539,Riya Kapoor,37,Male,A-,9962142456
27540,Aditya Singh,32,Male,O-,9835080822
27541,Karan Gupta,46,Female,AB+,9448144722
27542,Divya Kapoor,52,Female,A+,9841823741
27543,Kavya Verma,39,Female,AB-,9996680503
27544,Karan Kapoor,20,Male,A-,9496795254
27545,Arjun Patel,49,Female,AB+,9258561926
27546,Karan Singh,18,Male,AB+,9616728116
27547,Pooja Singh,23,Male,AB-,9899647650
27548,Karan Mehta,30,Male,A+,9593641697
27549,Rohan Sharma,46,Female,AB+,9351003782
27550,Pooja Verma,33,Female,AB+,9798569895
27551,Kavya Singh,23,Male,O-,9303847710
27552,Divya Singh,31,Female,AB-,9430512708
27553,Karan Mehta,59,Female,A-,9699403632
27554,Sneha Verma,57,Male,B+,9998608339
27555,Vikram Gupta,28,Male,B+,9551302547
27556,Pooja Kapoor,39,Female,B+,9654761835
27557,Pooja Sharma,40,Male,O+,9995085528
27558,Priya Patel,55,Female,O-,9603638196
27559,Sahil Reddy,44,Male,AB+,9203769390
27560,Priya Patel,39,Female,B+,9994309651
27561,Aditya Patel,23,Female,B+,9666046292
27562,Priya Reddy,19,Male,A+,9911341796
27563,Sneha Gupta,43,Male,A-,9671008447
27564,Arjun Verma,55,Female,B+,9503794636
27565,Pooja Reddy,58,Female,B-,9456548230
27566,Anjali Singh,47,Female,B+,9333250359
27567,Kavya Verma,20,Male,B-,9440035153
27568,Karan Gupta,58,Male,O+,9565618865
27569,Aman Verma,34,Male,B-,9336495841
27570,Aman Reddy,20,Male,O+,9112273296
27571,Divya Reddy,34,Female,B+,9922554745
27572,Anjali Singh,60,Female,A-,9876265524
27573,Neha Mehta,19,Male,O-,9675401809
27574,Aditya Kapoor,31,Female,AB+,9959703836
27575,Anjali Mehta,22,Female,O-,9350947834
27576,Kavya Kapoor,32,Female,B-,9552908762
27577,Sahil Mehta,38,Female,AB+,9665100567
27578,Kavya Verma,29,Female,O-,9370382526
27579,Sahil Verma,31,Female,O+,9173147617
27580,Rahul Verma,39,Female,O+,9497720411
27581,Riya Singh,34,Male,B-,9639212709
27582,Neha Mehta,56,Female,A-,9712292886
27583,Pooja Sharma,33,Male,B-,9163566216
27584,Karan Patel,29,Male,AB+,9760502013
27585,Aman Reddy,44,Female,B+,9950096762
27586,Aditya Singh,53,Female,A+,9124999185
27587,Priya Patel,26,Female,B+,9597673090
27588,Rahul Verma,29,Female,AB-,9656591337
27589,Divya Reddy,29,Female,AB-,9973774825
27590,Pooja Reddy,50,Male,B+,9103213535
27591,Neha Verma,42,Female,B-,9916813203
27592,Rohan Mehta,29,Male,B+,9883459486
27593,Rahul Gupta,53,Female,B+,9834726377
27594,Rohan Gupta,44,Female,O-,9636516677
27595,Aman Mehta,54,Female,A+,9740147120
27596,Rohan Reddy,32,Female,O+,9205382805
27597,Vikram Reddy,49,Male,AB-,9268493299
27598,Kavya Kapoor,44,Male,B-,9733182783
27599,Rohan Sharma,32,Female,B-,9660675574
27600,Sahil Gupta,28,Male,A+,9210964568
27601,Divya Kapoor,56,Male,AB-,9272763499
27602,Sneha Reddy,38,Female,A-,9154080398
27603,Vikram Sharma,59,Female,A+,9834015892
27604,Neha Singh,44,Female,B-,9595974188
27605,Arjun Mehta,51,Female,AB+,9913218331
27606,Kavya Patel,49,Female,O-,9681583046
27607,Rahul Sharma,47,Female,AB+,9339838643
27608,Rahul Sharma,49,Female,O-,9254462977
27609,Aman Verma,43,Male,A+,9860422604
27610,Aman Reddy,30,Male,AB+,9252497785
27611,Rahul Sharma,35,Male,B-,9808869183
27612,Arjun Patel,35,Female,A+,9886181516
27613,Aditya Verma,31,Female,AB+,9556850316
27614,Neha Verma,28,Male,A-,9610385492
27615,Karan Patel,27,Female,B+,9413930566
27616,Neha Verma,40,Male,A-,9780634600
27617,Arjun Sharma,58,Female,AB-,9493228627
27618,Rohan Gupta,35,Female,O+,9310858310
27619,Arjun Sharma,54,Female,B+,9595910115
27620,Divya Mehta,24,Male,B-,9657393285
27621,Priya Kapoor,34,Female,AB+,9509042063
27622,Divya Kapoor,23,Female,B+,9653560581
27623,Vikram Reddy,39,Female,AB-,9827930328
27624,Rohan Verma,28,Male,AB+,9358304351
27625,Riya Singh,45,Male,AB+,9666860803
27626,Neha Patel,28,Female,O-,9900234800
27627,Priya Reddy,28,Female,O+,9557386650
27628,Rahul Gupta,22,Female,B+,9600050257
27629,Arjun Singh,29,Female,O-,9232125607
27630,Sneha Kapoor,57,Male,AB+,9939023430
27631,Kavya Reddy,50,Female,AB+,9408604085
27632,Riya Verma,26,Female,A-,9984582261
27633,Arjun Mehta,53,Male,B-,9150720841
27634,Divya Sharma,54,Male,B-,9545264698
27635,Anjali Sharma,40,Male,B-,9798153044
27636,Sahil Sharma,32,Male,O+,9232242179
27637,Kavya Patel,46,Female,B+,9948533424
27638,Anjali Sharma,19,Female,AB-,9632461327
27639,Rohan Sharma,36,Female,B+,9161183871
27640,Vikram Gupta,45,Male,O-,9974328537
27641,Pooja Patel,24,Male,A+,9367899256
27642,Kavya Mehta,26,Female,B+,9750470446
27643,Sneha Gupta,21,Female,AB+,9331741768
27644,Aditya Reddy,34,Male,O+,9744201165
27645,Pooja Reddy,33,Female,B-,9117995627
27646,Priya Gupta,34,Male,B-,9372513787
27647,Aman Sharma,35,Male,O+,9288617480
27648,Riya Verma,58,Male,A-,9710207080
27649,Aman Mehta,43,Female,O-,9447450852
27650,Aman Gupta,60,Male,O+,9246788102
27651,Neha Singh,41,Female,O-,9763856622
27652,Sahil Verma,52,Female,A-,9764912009
27653,Divya Singh,40,Male,A-,9964791520
27654,Vikram Reddy,26,Female,O-,9555627471
27655,Aditya Mehta,56,Female,O+,9294891081
27656,Rohan Gupta,25,Male,B-,9927602827
27657,Arjun Sharma,58,Female,O-,9971743007
27658,Kavya Mehta,45,Male,B+,9343233214
27659,Anjali Verma,34,Female,AB+,9514562645
27660,Rohan Singh,54,Female,O+,9126397560
27661,Priya Patel,38,Male,AB-,9594651319
27662,Vikram Verma,32,Male,B-,9148000048
27663,Rahul Verma,32,Male,O-,9233706030
27664,Kavya Kapoor,43,Male,A-,9555756566
27665,Arjun Gupta,19,Female,B+,9930142241
27666,Neha Verma,53,Male,B-,9479098324
27667,Kavya Verma,39,Male,A+,9558069306
27668,Aditya Gupta,29,Male,AB+,9719992543
27669,Anjali Kapoor,38,Male,O+,9531585272
27670,Riya Patel,27,Female,O+,9969501171
27671,Rahul Mehta,32,Female,O-,9836189209
27672,Riya Reddy,32,Female,A-,9920305188
27673,Rohan Mehta,53,Female,AB-,9990349008
27674,Aman Gupta,32,Female,AB+,9733688669
27675,Aman Verma,40,Female,A+,9363260131
27676,Aman Mehta,51,Male,O-,9189415600
27677,Aman Gupta,31,Male,AB-,9209177214
27678,Karan Verma,18,Male,AB+,9142900635
27679,Arjun Reddy,35,Female,O+,9942723110
27680,Vikram Singh,37,Male,AB-,9789621968
27681,Arjun Verma,57,Male,A+,9333905744
27682,Kavya Singh,19,Male,B+,9348215132
27683,Priya Singh,32,Female,A-,9531589704
27684,Karan Patel,58,Male,AB+,9706773871
27685,Karan Singh,31,Male,A-,9717328096
27686,Kavya Verma,28,Female,O+,9829642601
27687,Rohan Sharma,50,Male,A+,9301305708
27688,Sneha Gupta,59,Male,O-,9911640550
27689,Aditya Reddy,41,Female,B-,9705841999
27690,Sahil Kapoor,49,Male,AB-,9754696798
27691,Divya Gupta,59,Male,B-,9878102966
27692,Riya Verma,56,Male,AB-,9625903639
27693,Divya Sharma,59,Male,AB+,9950953941
27694,Priya Singh,24,Female,A+,9209703234
27695,Sahil Reddy,39,Female,O-,9384161693
27696,Aditya Sharma,25,Male,B-,9915731805
27697,Vikram Patel,42,Female,O-,9305128661
27698,Aman Kapoor,47,Female,AB-,9378828151
27699,Sneha Sharma,35,Female,B-,9969001293
27700,Vikram Singh,32,Male,O-,9912393729
27701,Aditya Sharma,28,Female,AB+,9177746735
27702,Rohan Patel,18,Male,A-,9927459110
27703,Rohan Gupta,53,Female,A+,9863246468
27704,Anjali Sharma,25,Female,O+,9769965630
27705,Karan Sharma,47,Male,B+,9581304008
27706,Priya Gupta,23,Male,B-,9197859351
27707,Sneha Verma,50,Male,O+,9214433889
27708,Neha Kapoor,55,Male,O-,9493308097
27709,Kavya Sharma,36,Male,AB+,9454857166
27710,Rohan Patel,44,Male,O-,9301896199
27711,Kavya Patel,59,Female,AB+,9162618636
27712,Riya Kapoor,48,Male,A-,9907013644
27713,Pooja Sharma,51,Female,A+,9787198308
27714,Aditya Reddy,22,Male,AB-,9709308671
27715,Aman Verma,57,Female,AB+,9565442197
27716,Divya Reddy,56,Female,A-,9842590904
27717,Sneha Gupta,29,Male,O+,9934322492
27718,Neha Kapoor,19,Female,A-,9377263039
27719,Sahil Verma,51,Male,A-,9356980005
27720,Divya Patel,36,Female,AB+,9557147861
27721,Anjali Patel,18,Female,AB+,9271533960
27722,Sneha Gupta,57,Male,A-,9160203850
27723,Karan Verma,53,Female,B-,9759382234
27724,Sneha Mehta,53,Female,O-,9319273679
27725,Rahul Verma,30,Male,AB-,9631081756
27726,Riya Verma,23,Female,A+,9531295433
27727,Aman Gupta,47,Female,B+,9807888955
27728,Rohan Patel,58,Female,B-,9528618313
27729,Neha Singh,38,Male,A-,9606205075
27730,Arjun Patel,56,Male,O+,9569957065
27731,Aman Patel,45,Female,A-,9965621876
27732,Sneha Singh,27,Male,B+,9234699253
27733,Divya Sharma,23,Male,O-,9987690381
27734,Kavya Sharma,39,Female,O+,9213878024
27735,Anjali Singh,32,Male,A+,9981693562
27736,Anjali Patel,33,Female,O+,9932396051
27737,Aman Reddy,51,Female,B-,9476537121
27738,Karan Sharma,40,Female,A+,9252641602
27739,Neha Patel,47,Female,AB+,9720396201
27740,Kavya Singh,30,Male,B-,9296274000
27741,Aditya Gupta,56,Female,A-,9288710000
27742,Sahil Patel,36,Female,O-,9173428219
27743,Arjun Singh,56,Male,O-,9736483596
27744,Sahil Singh,43,Female,AB+,9474748567
27745,Arjun Patel,19,Female,AB+,9435177695
27746,Aditya Kapoor,35,Male,A+,9502367770
27747,Riya Reddy,55,Female,AB-,9869903557
27748,Anjali Verma,18,Male,A-,9886926875
27749,Rohan Gupta,30,Male,B+,9643342696
27750,Anjali Sharma,34,Male,O-,9269032742
27751,Pooja Patel,34,Female,AB+,9589100373
27752,Anjali Verma,32,Female,B+,9407540862
27753,Kavya Patel,27,Female,A+,9520955792
27754,Kavya Gupta,37,Male,B-,9184494453
27755,Aman Kapoor,26,Female,A+,9908737023
27756,Pooja Singh,25,Female,A+,9466475277
27757,Aman Sharma,46,Female,O+,9331168244
27758,Sneha Verma,42,Female,O+,9946059356
27759,Sneha Singh,50,Female,O-,9556043699
27760,Vikram Verma,23,Male,A+,9934005483
27761,Riya Patel,46,Male,AB-,9653064775
27762,Divya Patel,35,Male,A+,9742401530
27763,Pooja Singh,51,Male,B-,9122337042
27764,Arjun Reddy,41,Female,B-,9647430332
27765,Sahil Patel,22,Female,A-,9789539873
27766,Sahil Gupta,58,Female,A+,9681160894
27767,Anjali Sharma,38,Female,B+,9493022318
27768,Anjali Singh,22,Female,O-,9916686926
27769,Sahil Mehta,32,Female,O+,9391580242
27770,Divya Verma,41,Female,A+,9494687356
27771,Rahul Singh,43,Male,O+,9435893888
27772,Pooja Gupta,50,Female,O+,9710174605
27773,Karan Verma,47,Male,AB+,9422238488
27774,Arjun Kapoor,27,Male,AB+,9649531212
27775,Aditya Kapoor,32,Female,A+,9431297826
27776,Sahil Patel,35,Male,AB+,9687853364
27777,Sahil Sharma,33,Female,B+,9558484732
27778,Aditya Sharma,60,Female,A+,9785298439
27779,Aman Mehta,58,Female,O-,9212346620
27780,Pooja Verma,23,Male,B+,9442615809
27781,Rohan Verma,52,Male,O-,9589590076
27782,Pooja Kapoor,53,Female,O-,9465488736
27783,Sneha Kapoor,52,Male,B-,9805859600
27784,Divya Sharma,49,Female,AB+,9385977068
27785,Arjun Verma,50,Male,AB-,9809039034
27786,Arjun Singh,40,Male,A+,9450688316
27787,Divya Reddy,33,Female,O+,9110734532
27788,Neha Verma,48,Female,AB-,9772514750
27789,Priya Mehta,35,Female,O+,9650233979
27790,Rahul Sharma,33,Male,B-,9897118385
27791,Karan Reddy,44,Male,B-,9109078812
27792,Neha Mehta,43,Female,B-,9720908590
27793,Kavya Gupta,25,Male,B+,9367440205
27794,Divya Sharma,37,Male,AB+,9336482659
27795,Anjali Verma,42,Female,AB-,9277824330
27796,Aditya Kapoor,40,Female,B-,9316303868
27797,Vikram Kapoor,36,Female,O-,9795827607
27798,Sahil Mehta,39,Male,AB-,9283566537
27799,Aditya Gupta,45,Male,AB-,9335862789
27800,Priya Gupta,36,Male,B-,9866596921
27801,Kavya Patel,22,Female,AB-,9442644818
27802,Pooja Sharma,50,Male,O+,9591227006
27803,Divya Reddy,31,Female,A+,9293192630
27804,Rahul Gupta,40,Female,O-,9259639011
27805,Sahil Verma,52,Female,B+,9121772065
27806,Pooja Sharma,48,Female,AB+,9590679567
27807,Vikram Kapoor,27,Male,A+,9258116934
27808,Divya Singh,54,Male,O-,9159820261
27809,Riya Singh,43,Female,O+,9794558462
27810,Vikram Reddy,36,Male,O+,9959954908
27811,Aman Verma,22,Female,AB-,9916845461
27812,Neha Verma,30,Male,A+,9288224507
27813,Priya Reddy,19,Female,A+,9202572223
27814,Aditya Singh,35,Female,AB-,9511851662
27815,Vikram Reddy,52,Female,O+,9836932664
27816,Aditya Reddy,30,Female,O-,9803148086
27817,Kavya Sharma,23,Female,A-,9367190880
27818,Aman Reddy,46,Female,B+,9344789645
27819,Aman Mehta,50,Male,O+,9704420520
27820,Aditya Singh,32,Female,O+,9481668261
27821,Priya Sharma,36,Male,B-,9120722481
27822,Anjali Singh,48,Female,AB+,9964537877
27823,Sneha Patel,39,Male,AB+,9369249746
27824,Neha Singh,36,Male,AB+,9100285594
27825,Sahil Verma,23,Male,AB-,9664015998
27826,Riya Mehta,29,Female,O-,9404153025
27827,Aman Patel,43,Female,A+,9873496067
27828,Sneha Patel,25,Male,B-,9363250215
27829,Pooja Patel,50,Female,O+,9707192038
27830,Rohan Mehta,55,Male,O+,9205665116
27831,Aditya Patel,33,Male,O+,9408178277
27832,Neha Kapoor,59,Male,AB+,9830976521
27833,Anjali Mehta,25,Female,A+,9389002639
27834,Kavya Sharma,53,Female,A+,9195793917
27835,Vikram Verma,60,Female,B-,9389220035
27836,Sneha Sharma,18,Female,O+,9494559213
27837,Riya Singh,48,Male,AB+,9597601915
27838,Neha Verma,35,Male,AB+,9473067819
27839,Karan Sharma,19,Male,O-,9508048756
27840,Aditya Verma,35,Female,AB-,9536276178
27841,Vikram Singh,58,Female,AB-,9754567942
27842,Sneha Singh,35,Female,B-,9331514695
27843,Anjali Kapoor,22,Female,AB+,9956429839
27844,Rohan Gupta,36,Male,O+,9930575476
27845,Pooja Sharma,37,Female,A-,9910646517
27846,Vikram Reddy,42,Male,AB-,9779863218
27847,Anjali Reddy,23,Male,A-,9535518741
27848,Divya Verma,54,Female,B+,9843460669
27849,Rohan Sharma,49,Male,A+,9418880910
27850,Sneha Verma,29,Male,B-,9994319947
27851,Pooja Sharma,26,Male,AB-,9948265782
27852,Anjali Mehta,45,Female,O-,9911039417
27853,Neha Verma,33,Male,O+,9428123171
27854,Pooja Sharma,53,Male,AB-,9884493922
27855,Kavya Reddy,32,Female,AB-,9162562969
27856,Karan Patel,20,Female,AB+,9500754311
27857,Rahul Gupta,47,Female,A-,9594340566
27858,Aman Mehta,34,Male,A+,9637043375
27859,Anjali Singh,22,Female,AB+,9826472161
27860,Arjun Reddy,49,Female,AB+,9967151111
27861,Riya Reddy,37,Male,A+,9449143577
27862,Divya Sharma,57,Male,B+,9135061471
27863,Sneha Patel,19,Female,O-,9995795310
27864,Neha Verma,39,Female,AB-,9817585435
27865,Karan Singh,50,Female,A+,9697964403
27866,Karan Gupta,59,Male,A-,9941692056
27867,Sneha Reddy,44,Female,B+,9818049152
27868,Pooja Mehta,23,Female,A+,9705948213
27869,Sahil Kapoor,33,Male,A-,9510668048
27870,Anjali Verma,29,Female,B-,9912772853
27871,Neha Sharma,48,Male,AB+,9809379633
27872,Arjun Singh,40,Male,O+,9541391314
27873,Vikram Gupta,50,Male,AB-,9103328479
27874,Neha Mehta,55,Female,O+,9162016503
27875,Divya Patel,32,Female,B-,9136746944
27876,Riya Sharma,19,Female,A-,9901874651
27877,Priya Patel,42,Female,AB-,9108239051
27878,Rohan Verma,20,Male,A-,9615579753
27879,Sahil Mehta,23,Male,O+,9463137809
27880,Rohan Mehta,37,Male,B+,9778848309
27881,Sneha Mehta,46,Female,B-,9378992222
27882,Aditya Sharma,28,Male,AB-,9390414820
27883,Aditya Gupta,56,Female,AB+,9630267695
27884,Sahil Reddy,42,Female,A+,9491520418
27885,Karan Verma,50,Female,AB-,9592420426
27886,Pooja Kapoor,50,Male,O-,9816114369
27887,Neha Gupta,34,Male,AB+,9982095700
27888,Karan Verma,32,Female,A-,9748177658
27889,Sahil Sharma,48,Female,A-,9507055666
27890,Aditya Mehta,29,Male,O+,9529966502
27891,Vikram Patel,48,Female,O+,9402117126
27892,Karan Gupta,54,Male,B-,9494748311
27893,Pooja Sharma,28,Male,AB-,9904158694
27894,Rohan Patel,36,Female,O-,9887794188
27895,Divya Verma,32,Female,B-,9800802265
27896,Pooja Kapoor,56,Female,A+,9400945241
27897,Priya Sharma,49,Male,O-,9552718413
27898,Aditya Kapoor,60,Female,B-,9458591304
27899,Vikram Sharma,55,Male,AB+,9483038041
27900,Rahul Reddy,52,Female,A+,9224398264
27901,Riya Kapoor,41,Male,AB-,9429279451
27902,Neha Reddy,34,Female,O+,9582336647
27903,Sahil Reddy,37,Male,AB-,9453002905
27904,Pooja Verma,43,Male,AB-,9490248337
27905,Arjun Singh,46,Male,A-,9646083368
27906,Sneha Sharma,23,Female,AB-,9883755134
27907,Sahil Sharma,56,Male,AB-,9275607765
27908,Arjun Sharma,22,Male,A+,9436949583
27909,Aman Mehta,20,Female,B+,9847341429
27910,Aditya Singh,19,Male,O-,9801703851
27911,Rohan Mehta,19,Female,AB+,9453126620
27912,Pooja Singh,40,Female,O+,9872642926
27913,Divya Gupta,55,Female,O+,9317468076
27914,Pooja Gupta,43,Male,AB+,9817804237
27915,Priya Verma,29,Female,A+,9822318428
27916,Anjali Singh,51,Male,O+,9987208166
27917,Aditya Patel,26,Female,A+,9124053683
27918,Vikram Singh,58,Male,AB+,9156247157
27919,Anjali Singh,29,Female,A-,9730671315
27920,Arjun Patel,44,Female,B-,9244491606
27921,Sahil Mehta,35,Male,O+,9151823781
27922,Neha Singh,56,Female,A+,9630574413
27923,Neha Patel,51,Female,O-,9365494272
27924,Priya Reddy,27,Female,O-,9519112591
27925,Karan Sharma,56,Female,AB+,9264866523
27926,Kavya Kapoor,41,Male,A+,9339446088
27927,Pooja Singh,41,Male,A-,9670065404
27928,Aditya Reddy,40,Male,B+,9255526464
27929,Priya Sharma,20,Male,B-,9941065623
27930,Vikram Gupta,19,Male,O-,9663369208
27931,Pooja Mehta,32,Female,B-,9456324214
27932,Neha Singh,43,Male,AB-,9942558520
27933,Anjali Sharma,43,Female,A-,9261147121
27934,Aman Gupta,20,Male,A+,9721579108
27935,Kavya Kapoor,18,Female,AB-,9940190253
27936,Aman Sharma,27,Male,O-,9521135504
27937,Aman Sharma,59,Male,O-,9583720565
27938,Divya Patel,53,Female,B-,9294465145
27939,Karan Verma,26,Male,A-,9154551298
27940,Sneha Mehta,37,Male,O-,9600378872
27941,Riya Reddy,23,Female,AB+,9269035069
27942,Sneha Verma,42,Male,B+,9371238370
27943,Rahul Sharma,29,Female,A-,9130207259
27944,Riya Kapoor,36,Female,A-,9154056498
27945,Aman Singh,22,Male,B+,9467427019
27946,Aditya Reddy,52,Female,B+,9876061317
27947,Divya Sharma,29,Female,A-,9288983699
27948,Karan Gupta,56,Male,O+,9996452847
27949,Aman Sharma,24,Male,A-,9436894010
27950,Pooja Verma,33,Female,A+,9585673820
27951,Aditya Singh,40,Male,B+,9388181326
27952,Priya Sharma,52,Male,O+,9661179492
27953,Rahul Singh,24,Female,B+,9142930177
27954,Anjali Reddy,46,Male,O+,9158070927
27955,Kavya Reddy,56,Male,O+,9733599443
27956,Sahil Gupta,47,Female,B-,9765094999
27957,Arjun Singh,52,Female,AB-,9209260869
27958,Kavya Singh,53,Female,A+,9115598790
27959,Aman Patel,31,Female,O-,9746868193
27960,Aditya Kapoor,20,Female,O-,9671473223
27961,Divya Patel,19,Female,AB-,9838125465
27962,Sneha Mehta,48,Male,O+,9279120151
27963,Anjali Kapoor,35,Female,B-,9417522671
27964,Rohan Mehta,22,Male,AB+,9594315233
27965,Riya Reddy,23,Male,AB-,9762792516
27966,Rohan Kapoor,49,Male,B-,9565925602
27967,Sneha Mehta,28,Female,O-,9703291943
27968,Vikram Patel,51,Male,A+,9158489626
27969,Rahul Sharma,43,Female,AB-,9933148576
27970,Sneha Reddy,48,Female,AB-,9537711386
27971,Divya Kapoor,22,Female,A+,9149122941
27972,Karan Singh,38,Male,A-,9353644700
27973,Rahul Sharma,26,Male,A+,9358193286
27974,Divya Kapoor,30,Female,A+,9603409414
27975,Arjun Verma,25,Female,AB+,9445844680
27976,Sneha Singh,35,Female,O-,9661856363
27977,Kavya Singh,46,Female,B-,9478346072
27978,Sahil Patel,26,Male,O-,9153330391
27979,Rahul Singh,58,Female,B-,9663346908
27980,Kavya Reddy,28,Female,AB-,9912269453
27981,Divya Kapoor,46,Male,O+,9204627428
27982,Priya Mehta,21,Male,B-,9930545343
27983,Vikram Mehta,32,Male,O+,9145364045
27984,Aman Singh,25,Male,AB+,9760872178
27985,Riya Sharma,52,Male,B+,9237819745
27986,Pooja Reddy,52,Female,A+,9755018337
27987,Rahul Singh,49,Female,A-,9328906859
27988,Divya Patel,49,Female,B-,9722221101
27989,Priya Reddy,33,Female,O+,9982436251
27990,Arjun Sharma,40,Female,O+,9362524619
27991,Priya Singh,32,Female,B-,9428571876
27992,Vikram Kapoor,26,Male,A+,9499257359
27993,Sahil Reddy,42,Male,A-,9459425560
27994,Rohan Gupta,38,Female,O-,9771048230
27995,Sneha Kapoor,18,Female,AB-,9311425534
27996,Rahul Patel,34,Male,A-,9156706396
27997,Arjun Sharma,45,Female,O+,9703476791
27998,Arjun Patel,23,Female,A+,9338617150
27999,Sneha Singh,53,Female,A+,9619576640
28000,Aditya Mehta,55,Male,O-,9677427007
28001,Rahul Reddy,26,Male,O+,9773798967
28002,Aditya Kapoor,45,Male,O+,9966816537
28003,Sneha Patel,53,Female,A+,9343015525
28004,Arjun Kapoor,26,Female,O+,9326491729
28005,Kavya Sharma,32,Male,AB+,9802225179
28006,Rohan Singh,22,Male,A+,9984050232
28007,Neha Singh,51,Female,A+,9202354977
28008,Anjali Verma,42,Male,B-,9367205420
28009,Aman Gupta,30,Male,A+,9440866894
28010,Aditya Sharma,20,Female,AB-,9573509728
28011,Riya Mehta,26,Female,AB-,9383576961
28012,Pooja Patel,29,Female,B-,9397244418
28013,Vikram Singh,34,Male,B-,9622270290
28014,Vikram Reddy,39,Male,AB+,9256963479
28015,Pooja Mehta,24,Male,B-,9252847595
28016,Priya Patel,48,Male,O+,9480222606
28017,Vikram Mehta,33,Male,B-,9696778309
28018,Divya Singh,21,Male,O+,9129890890
28019,Aditya Reddy,27,Male,B-,9326262990
28020,Priya Reddy,51,Female,B+,9571717509
28021,Aman Gupta,32,Male,A-,9519522925
28022,Aman Verma,33,Male,A-,9153162793
28023,Aditya Mehta,60,Female,AB+,9247846348
28024,Arjun Mehta,41,Female,B+,9819363284
28025,Karan Singh,25,Female,AB+,9126720866
28026,Vikram Sharma,18,Female,AB-,9932795055
28027,Anjali Patel,22,Female,A-,9440132762
28028,Vikram Patel,60,Female,AB+,9340718144
28029,Sahil Sharma,38,Male,A-,9866797250
28030,Rohan Gupta,40,Male,AB+,9926180789
28031,Vikram Reddy,36,Male,AB+,9837478300
28032,Pooja Sharma,29,Female,B-,9994282548
28033,Pooja Patel,21,Female,A-,9390301286
28034,Riya Patel,48,Male,B+,9225745584
28035,Kavya Gupta,26,Female,A+,9429153511
28036,Aman Kapoor,30,Female,O+,9323775587
28037,Divya Kapoor,58,Male,AB-,9134325373
28038,Divya Patel,54,Female,AB+,9970297053
28039,Vikram Mehta,24,Female,A-,9206807549
28040,Kavya Mehta,23,Male,B+,9862957701
28041,Divya Mehta,38,Male,A+,9571063084
28042,Neha Verma,49,Male,AB-,9427366361
28043,Neha Sharma,58,Male,AB+,9509387951
28044,Sneha Verma,50,Female,AB-,9782630689
28045,Aditya Singh,52,Male,O-,9575681721
28046,Arjun Gupta,23,Female,A+,9137726603
28047,Aman Sharma,43,Female,B+,9529623276
28048,Sahil Verma,50,Male,A-,9559737581
28049,Riya Reddy,60,Male,AB-,9463779596
28050,Sahil Verma,35,Male,O+,9384178072
28051,Arjun Reddy,34,Male,AB-,9970218772
28052,Kavya Verma,49,Male,O+,9194693235
28053,Karan Gupta,50,Female,AB+,9371052789
28054,Riya Verma,32,Male,O-,9870215901
28055,Riya Gupta,33,Male,A+,9609754859
28056,Sneha Kapoor,51,Male,AB-,9512351892
28057,Aditya Singh,31,Female,O+,9201430492
28058,Anjali Mehta,58,Male,B+,9982591225
28059,Aditya Sharma,44,Female,B+,9853926282
28060,Sneha Reddy,20,Female,O+,9824383902
28061,Neha Reddy,33,Male,O-,9522735073
28062,Sahil Patel,39,Female,B+,9156623414
28063,Karan Singh,30,Male,O+,9212074851
28064,Riya Gupta,38,Male,AB-,9724712863
28065,Anjali Patel,38,Male,A+,9819922767
28066,Divya Kapoor,43,Male,B-,9265934466
28067,Aman Sharma,33,Female,A+,9396316305
28068,Rohan Verma,36,Female,AB-,9400175596
28069,Aman Gupta,18,Female,AB+,9143755578
28070,Anjali Patel,29,Female,AB-,9514075263
28071,Sahil Sharma,33,Male,O-,9500544718
28072,Rahul Gupta,53,Male,A+,9417419405
28073,Karan Verma,21,Female,B+,9528603810
28074,Aditya Sharma,45,Male,AB+,9210044293
28075,Sneha Verma,29,Male,A+,9920703667
28076,Aman Singh,39,Male,AB+,9550689967
28077,Pooja Mehta,52,Male,O-,9839389107
28078,Aman Kapoor,42,Male,AB-,9364618042
28079,Riya Reddy,27,Female,B+,9179399149
28080,Sneha Mehta,45,Female,B-,9716705375
28081,Arjun Reddy,48,Male,B+,9261172329
28082,Neha Verma,26,Female,B+,9457424724
28083,Arjun Patel,50,Female,B-,9419866686
28084,Sneha Gupta,23,Female,B+,9275503841
28085,Priya Kapoor,41,Female,AB+,9395045566
28086,Anjali Gupta,60,Female,B-,9642764836
28087,Sahil Kapoor,24,Female,A-,9858813693
28088,Rahul Verma,34,Male,AB-,9150538944
28089,Rahul Singh,40,Female,AB-,9164360610
28090,Sahil Kapoor,25,Female,B-,9773774428
28091,Riya Sharma,33,Male,O-,9345816171
28092,Karan Patel,32,Male,AB-,9115122550
28093,Sneha Gupta,45,Female,AB-,9444579744
28094,Rohan Sharma,50,Male,AB+,9941373091
28095,Sahil Patel,60,Male,B-,9236379951
28096,Sneha Reddy,20,Male,B-,9877121678
28097,Aman Singh,46,Male,AB-,9153542259
28098,Arjun Kapoor,49,Female,AB-,9514898688
28099,Kavya Verma,60,Male,O-,9191270140
28100,Sneha Kapoor,57,Male,AB+,9480499346
28101,Sneha Reddy,37,Female,B-,9800873662
28102,Sneha Reddy,42,Female,A+,9966585361
28103,Aman Sharma,44,Male,O-,9251236216
28104,Kavya Patel,37,Male,AB+,9644368585
28105,Karan Patel,33,Male,B-,9851882661
28106,Aman Gupta,41,Female,B+,9283294211
28107,Riya Sharma,32,Female,O-,9902048283
28108,Rohan Patel,60,Male,AB+,9810125016
28109,Anjali Mehta,36,Male,A+,9520883504
28110,Sahil Patel,23,Female,O+,9346682993
28111,Rohan Kapoor,53,Female,AB-,9271810661
28112,Rohan Reddy,51,Male,A-,9842017939
28113,Aman Kapoor,57,Male,O-,9866229676
28114,Sneha Reddy,20,Female,AB+,9503421362
28115,Karan Singh,34,Female,O-,9790682683
28116,Aditya Kapoor,22,Female,O+,9700155443
28117,Anjali Mehta,23,Male,A-,9578722912
28118,Sahil Kapoor,21,Female,AB+,9963246560
28119,Pooja Gupta,19,Female,AB+,9436421844
28120,Riya Mehta,46,Male,A+,9467724920
28121,Kavya Mehta,47,Female,B+,9987737717
28122,Kavya Mehta,40,Male,O-,9265056615
28123,Kavya Singh,43,Female,AB-,9427862362
28124,Rohan Kapoor,46,Female,A+,9306948096
28125,Aditya Singh,37,Male,AB+,9632611390
28126,Aditya Verma,38,Female,B-,9932452474
28127,Riya Gupta,21,Female,O-,9986790435
28128,Pooja Gupta,23,Female,O+,9610051713
28129,Pooja Sharma,48,Female,A+,9244018493
28130,Vikram Patel,51,Female,B+,9704366728
28131,Aman Sharma,34,Female,AB-,9565548105
28132,Divya Reddy,53,Male,B-,9944918288
28133,Aman Singh,35,Male,A+,9120267683
28134,Karan Kapoor,39,Female,O+,9334167187
28135,Anjali Singh,34,Male,B-,9499553960
28136,Aman Patel,31,Male,AB+,9553247764
28137,Karan Sharma,35,Male,B-,9387863909
28138,Priya Reddy,26,Female,AB+,9254349196
28139,Rohan Patel,48,Female,AB-,9132089956
28140,Pooja Sharma,55,Male,O-,9802832389
28141,Rohan Mehta,33,Male,O-,9350545282
28142,Vikram Patel,26,Female,B-,9728653781
28143,Vikram Verma,30,Female,B+,9744602715
28144,Priya Kapoor,53,Female,AB+,9125308038
28145,Sahil Verma,52,Male,AB-,9766416860
28146,Rohan Gupta,56,Male,A+,9144234358
28147,Divya Singh,43,Female,A+,9329382876
28148,Rahul Mehta,20,Male,O-,9393758927
28149,Rohan Patel,20,Female,O+,9671765622
28150,Aman Patel,22,Female,O+,9706657453
28151,Sahil Gupta,58,Female,B+,9725058134
28152,Sneha Patel,28,Male,A-,9178981166
28153,Riya Kapoor,36,Female,O-,9433527616
28154,Riya Kapoor,60,Male,A-,9365282540
28155,Aman Mehta,52,Female,AB-,9549495049
28156,Arjun Kapoor,24,Male,A-,9433063128
28157,Rohan Kapoor,31,Female,A+,9405348094
28158,Rohan Kapoor,51,Female,B-,9779631163
28159,Pooja Reddy,44,Female,B+,9266188793
28160,Pooja Patel,57,Male,AB-,9197920429
28161,Rahul Mehta,26,Male,A+,9738010087
28162,Karan Singh,54,Female,B-,9902205733
28163,Riya Singh,57,Male,B-,9531308786
28164,Priya Reddy,56,Female,B+,9508662850
28165,Riya Reddy,35,Male,AB-,9630568811
28166,Sahil Verma,46,Female,AB-,9105522325
28167,Pooja Mehta,25,Female,A-,9312820838
28168,Anjali Reddy,49,Female,AB+,9265318775
28169,Arjun Singh,52,Male,B-,9696087880
28170,Aman Mehta,55,Male,O-,9597514795
28171,Aman Verma,21,Female,AB-,9173162748
28172,Rahul Verma,34,Female,B-,9349102943
28173,Arjun Sharma,57,Female,B+,9849347677
28174,Sahil Verma,20,Female,B+,9377063600
28175,Karan Gupta,26,Female,B+,9230335679
28176,Neha Verma,26,Female,A-,9692655834
28177,Pooja Sharma,23,Male,A+,9668615948
28178,Aditya Patel,22,Male,O+,9618463788
28179,Riya Patel,45,Female,A-,9267038420
28180,Sahil Patel,29,Male,AB+,9451702552
28181,Sneha Gupta,57,Female,B-,9298869579
28182,Arjun Mehta,32,Male,B-,9697364915
28183,Vikram Verma,51,Male,O+,9497479785
28184,Pooja Patel,21,Male,B-,9223468953
28185,Pooja Gupta,28,Female,AB-,9578462594
28186,Aditya Gupta,21,Female,AB-,9239624252
28187,Rahul Kapoor,41,Male,B+,9426238564
28188,Aditya Singh,60,Male,B-,9653108733
28189,Neha Verma,47,Male,B-,9510415916
28190,Priya Sharma,58,Male,B-,9332740388
28191,Anjali Kapoor,56,Male,B+,9521317187
28192,Anjali Verma,30,Male,O-,9359165491
28193,Vikram Verma,60,Female,AB+,9801622489
28194,Riya Reddy,21,Female,O-,9969024097
28195,Sahil Mehta,26,Male,AB-,9767580663
28196,Anjali Kapoor,54,Female,B+,9165680994
28197,Karan Sharma,58,Female,O+,9610748093
28198,Rohan Patel,52,Female,AB-,9836536070
28199,Anjali Mehta,57,Female,O+,9294929937
28200,Riya Sharma,18,Male,B-,9573491766
28201,Arjun Gupta,51,Male,A+,9222446813
28202,Sahil Kapoor,58,Male,O+,9299371778
28203,Aman Singh,26,Female,AB-,9549514128
28204,Kavya Mehta,27,Male,AB+,9557997736
28205,Aditya Mehta,56,Male,O+,9478127879
28206,Divya Verma,40,Male,B-,9189324668
28207,Rahul Sharma,45,Male,A+,9972907885
28208,Kavya Gupta,54,Male,AB+,9156381358
28209,Aman Verma,58,Female,A+,9598128434
28210,Arjun Patel,30,Female,O-,9457175009
28211,Sahil Kapoor,53,Female,AB-,9742057403
28212,Aditya Kapoor,52,Female,A-,9372651929
28213,Rahul Sharma,39,Female,B-,9489858100
28214,Riya Verma,54,Female,AB-,9866285920
28215,Vikram Patel,33,Male,A+,9759780628
28216,Sneha Verma,19,Male,O-,9654748503
28217,Riya Mehta,48,Female,B-,9377806656
28218,Rahul Patel,19,Male,AB-,9995254006
28219,Riya Sharma,30,Female,B-,9575696711
28220,Sahil Reddy,33,Female,A-,9933179139
28221,Sahil Reddy,23,Female,AB+,9320669365
28222,Sneha Reddy,25,Female,A-,9899672405
28223,Rohan Sharma,37,Male,A+,9327093627
28224,Aditya Patel,34,Male,AB-,9763916910
28225,Neha Reddy,30,Female,O-,9530720287
28226,Vikram Sharma,51,Female,B+,9521252091
28227,Pooja Gupta,18,Male,B+,9401269806
28228,Rohan Singh,34,Female,A-,9870510585
28229,Kavya Sharma,30,Female,O-,9532752871
28230,Arjun Reddy,18,Male,A+,9850888529
28231,Aditya Patel,38,Female,AB-,9147539592
28232,Aman Kapoor,57,Female,O+,9446269276
28233,Aman Sharma,18,Female,O+,9717848764
28234,Riya Sharma,51,Male,O+,9548572587
28235,Sneha Kapoor,51,Female,O-,9954884676
28236,Divya Mehta,21,Female,O+,9671149183
28237,Sahil Reddy,45,Female,B-,9513648137
28238,Divya Kapoor,40,Female,O+,9710042802
28239,Pooja Verma,19,Male,A-,9122714564
28240,Neha Mehta,42,Male,O-,9593568112
28241,Karan Kapoor,57,Male,B-,9178946104
28242,Aditya Singh,21,Female,AB+,9110674395
28243,Neha Kapoor,57,Male,O-,9423544185
28244,Sahil Singh,31,Male,A-,9732027546
28245,Neha Gupta,19,Female,O-,9320394865
28246,Anjali Patel,51,Female,AB-,9413696146
28247,Rahul Mehta,53,Female,O+,9221412183
28248,Aditya Singh,32,Male,AB-,9359047836
28249,Kavya Patel,21,Male,O+,9241939975
28250,Aditya Mehta,30,Male,B+,9796241479
28251,Karan Mehta,21,Female,B-,9315427977
28252,Vikram Singh,43,Male,A+,9781540252
28253,Aditya Reddy,54,Female,O+,9511123892
28254,Riya Reddy,57,Female,O-,9903982994
28255,Arjun Sharma,29,Female,AB+,9957573315
28256,Sneha Mehta,46,Female,B+,9332283864
28257,Sahil Sharma,56,Female,A+,9559256290
28258,Anjali Mehta,21,Male,B+,9769576091
28259,Karan Gupta,23,Female,A+,9387999540
28260,Anjali Patel,32,Female,B-,9142348734
28261,Kavya Singh,59,Male,O-,9392843621
28262,Vikram Reddy,37,Male,AB+,9636826231
28263,Rohan Reddy,44,Female,B-,9444173080
28264,Aditya Verma,54,Female,B-,9226081179
28265,Pooja Singh,37,Female,AB-,9186337478
28266,Karan Verma,26,Female,AB-,9189755358
28267,Neha Gupta,39,Female,B-,9489209707
28268,Karan Verma,58,Female,AB+,9401384613
28269,Aditya Verma,33,Female,A+,9426339334
28270,Sahil Kapoor,30,Male,O-,9527030920
28271,Neha Mehta,40,Male,AB+,9778676721
28272,Vikram Gupta,25,Female,O-,9588988059
28273,Divya Reddy,58,Male,B-,9258000333
28274,Neha Reddy,51,Male,A+,9553060806
28275,Pooja Gupta,20,Male,O-,9294928329
28276,Anjali Reddy,27,Female,A+,9848450406
28277,Anjali Gupta,32,Male,A-,9852113402
28278,Karan Gupta,37,Male,A-,9979688451
28279,Priya Gupta,26,Female,O+,9123781374
28280,Vikram Gupta,25,Male,O-,9859372994
28281,Aman Mehta,40,Female,AB+,9708315001
28282,Vikram Kapoor,53,Male,AB-,9310601229
28283,Pooja Gupta,30,Female,B+,9624657410
28284,Sneha Singh,20,Male,B+,9496043622
28285,Sneha Kapoor,52,Male,A+,9898343070
28286,Kavya Mehta,26,Male,AB-,9555276710
28287,Divya Mehta,60,Male,AB+,9147886169
28288,Sahil Mehta,40,Male,A+,9900910773
28289,Karan Kapoor,43,Male,A-,9356936891
28290,Sneha Patel,39,Male,AB+,9729466832
28291,Karan Kapoor,45,Female,B+,9157106408
28292,Karan Patel,22,Female,AB+,9715337242
28293,Aditya Patel,36,Female,AB-,9158096739
28294,Divya Patel,49,Female,AB+,9995524129
28295,Sneha Kapoor,43,Male,AB-,9607081720
28296,Aditya Kapoor,31,Female,AB-,9279688413
28297,Sneha Kapoor,25,Male,O+,9296592483
28298,Sneha Kapoor,33,Female,O+,9569869196
28299,Pooja Verma,46,Male,B+,9902101068
28300,Rahul Verma,46,Female,B-,9115959223
28301,Karan Mehta,22,Male,A+,9487233394
28302,Vikram Reddy,19,Male,A+,9893332516
28303,Aditya Sharma,24,Female,B-,9386764855
28304,Aditya Singh,60,Male,AB-,9322650842
28305,Aman Mehta,39,Male,B+,9281317241
28306,Arjun Singh,55,Female,AB+,9301354588
28307,Arjun Gupta,27,Female,B-,9441308631
28308,Arjun Patel,47,Female,AB-,9627304079
28309,Neha Verma,54,Male,O+,9262650469
28310,Rahul Patel,46,Male,AB-,9909107523
28311,Sneha Reddy,28,Female,AB+,9188620066
28312,Arjun Patel,29,Female,O-,9573488501
28313,Sneha Singh,38,Male,AB-,9730895320
28314,Arjun Sharma,56,Female,O-,9977892170
28315,Kavya Verma,60,Male,B-,9325900853
28316,Arjun Mehta,30,Female,AB+,9319028005
28317,Sneha Reddy,25,Female,B-,9909350663
28318,Rohan Reddy,29,Female,O+,9884419082
28319,Karan Verma,53,Female,A-,9666766734
28320,Rahul Mehta,37,Female,A-,9328599922
28321,Karan Mehta,19,Female,AB-,9585165830
28322,Karan Verma,31,Male,A+,9479171390
28323,Sneha Sharma,30,Female,B-,9379151364
28324,Rahul Sharma,28,Female,AB-,9979497914
28325,Neha Reddy,35,Male,B-,9903178899
28326,Kavya Sharma,47,Female,B+,9258437743
28327,Sneha Sharma,29,Male,AB+,9969019324
28328,Anjali Mehta,41,Male,A+,9488059965
28329,Karan Sharma,50,Female,O+,9840012262
28330,Sahil Sharma,37,Female,O+,9688770918
28331,Neha Patel,45,Male,O-,9381893985
28332,Vikram Verma,45,Female,O+,9105566217
28333,Priya Sharma,34,Female,B-,9614656827
28334,Arjun Kapoor,58,Male,B-,9731075384
28335,Rohan Patel,41,Female,A+,9402830854
28336,Vikram Sharma,59,Female,A+,9543933138
28337,Neha Patel,45,Male,O-,9231842107
28338,Anjali Reddy,53,Male,B-,9636065535
28339,Rahul Kapoor,45,Male,AB-,9373164566
28340,Rohan Patel,31,Female,O+,9547642583
28341,Neha Kapoor,60,Female,O+,9160526180
28342,Riya Mehta,30,Female,B+,9890148011
28343,Karan Verma,54,Male,B-,9193791510
28344,Rahul Sharma,27,Male,AB-,9663509971
28345,Sneha Gupta,40,Female,AB+,9473845312
28346,Sahil Verma,41,Female,O-,9138925233
28347,Aditya Gupta,59,Female,A+,9932024251
28348,Aditya Patel,26,Male,O-,9106690020
28349,Aman Verma,39,Female,AB-,9806336678
28350,Anjali Reddy,19,Male,O-,9610715905
28351,Vikram Patel,29,Male,B-,9489966451
28352,Pooja Reddy,21,Female,A+,9988260674
28353,Rahul Singh,21,Female,AB-,9275966121
28354,Sahil Reddy,50,Male,B-,9395478127
28355,Karan Patel,56,Female,A+,9230218797
28356,Priya Kapoor,34,Female,O-,9964353263
28357,Anjali Patel,48,Female,AB-,9866143055
28358,Neha Patel,55,Female,AB+,9591419425
28359,Kavya Gupta,55,Male,O+,9908004480
28360,Aman Patel,59,Female,B-,9946972464
28361,Rohan Patel,26,Female,O-,9189739375
28362,Rahul Patel,53,Female,AB-,9762919540
28363,Aditya Gupta,28,Male,O-,9121952832
28364,Sneha Mehta,48,Female,O+,9832388423
28365,Arjun Patel,44,Male,A+,9809458202
28366,Neha Singh,39,Male,AB-,9396397490
28367,Kavya Kapoor,18,Female,A+,9327613725
28368,Sneha Patel,60,Female,B-,9666318289
28369,Arjun Reddy,24,Male,A+,9389164100
28370,Pooja Kapoor,25,Male,A-,9250541959
28371,Rohan Sharma,38,Female,A-,9179582682
28372,Arjun Gupta,32,Female,O+,9663877391
28373,Sahil Gupta,45,Female,B-,9670464336
28374,Aman Singh,30,Male,A+,9237845534
28375,Sahil Gupta,35,Male,A+,9679624738
28376,Priya Gupta,46,Female,B-,9783903236
28377,Vikram Sharma,38,Female,A-,9408384358
28378,Rohan Reddy,41,Female,A+,9667289523
28379,Aditya Singh,25,Female,O-,9414423452
28380,Kavya Patel,27,Male,B+,9822287540
28381,Anjali Reddy,52,Male,B-,9130962335
28382,Sneha Verma,44,Male,A-,9559836711
28383,Priya Mehta,41,Female,AB-,9586731740
28384,Arjun Reddy,22,Male,A+,9913701840
28385,Neha Sharma,33,Female,AB+,9544225017
28386,Kavya Sharma,52,Female,AB+,9196731518
28387,Anjali Kapoor,22,Female,AB-,9256032846
28388,Rohan Kapoor,59,Female,AB+,9826343617
28389,Riya Verma,19,Male,AB+,9381845739
28390,Priya Sharma,59,Female,AB+,9219965403
28391,Rahul Verma,45,Male,A+,9502282213
28392,Arjun Mehta,50,Female,A-,9421491289
28393,Aman Mehta,55,Female,O+,9240827308
28394,Neha Sharma,34,Male,O-,9299840741
28395,Riya Kapoor,19,Female,A-,9455346557
28396,Anjali Gupta,34,Male,O+,9390423961
28397,Karan Mehta,26,Male,A-,9896711224
28398,Rohan Mehta,37,Male,A+,9815656149
28399,Rahul Patel,22,Male,AB-,9568062731
28400,Divya Patel,39,Male,O+,9480004407
28401,Rahul Verma,37,Female,A+,9225613469
28402,Riya Singh,31,Male,A-,9553319885
28403,Aditya Gupta,54,Male,O+,9860379971
28404,Aditya Patel,53,Female,A-,9310302798
28405,Aman Singh,41,Male,O+,9414461642
28406,Neha Singh,18,Female,B+,9807384727
28407,Sahil Gupta,59,Male,AB-,9553672368
28408,Vikram Sharma,24,Female,O+,9272927067
28409,Pooja Gupta,23,Female,O-,9553983359
28410,Aditya Mehta,36,Female,B-,9195482884
28411,Riya Reddy,26,Male,B+,9667515111
28412,Riya Gupta,32,Male,A+,9550350559
28413,Karan Singh,56,Male,AB+,9255100355
28414,Divya Verma,30,Female,O-,9501937395
28415,Anjali Verma,29,Female,A-,9110991436
28416,Aman Sharma,18,Male,A+,9984724805
28417,Vikram Patel,40,Male,A+,9925232910
28418,Kavya Sharma,48,Male,A-,9548238677
28419,Sneha Sharma,26,Female,A+,9311059737
28420,Aditya Kapoor,39,Male,O-,9789922644
28421,Aman Singh,51,Male,A+,9734701368
28422,Vikram Sharma,46,Female,B+,9460567778
28423,Neha Mehta,45,Female,A+,9899294493
28424,Sneha Sharma,30,Female,A+,9699342346
28425,Anjali Mehta,57,Female,A-,9506694452
28426,Sneha Kapoor,29,Male,A+,9159139250
28427,Rohan Sharma,19,Male,B+,9287695800
28428,Rahul Patel,26,Male,O-,9240666836
28429,Rohan Sharma,50,Female,A+,9625625122
28430,Sahil Patel,36,Female,AB-,9804548414
28431,Pooja Singh,50,Male,B+,9301455516
28432,Aman Sharma,26,Male,AB+,9789374940
28433,Anjali Mehta,52,Male,B+,9602491428
28434,Arjun Reddy,36,Male,A+,9740851728
28435,Aditya Verma,53,Female,O+,9823101953
28436,Sneha Sharma,56,Female,A-,9256073254
28437,Neha Gupta,27,Male,AB-,9458608340
28438,Rohan Kapoor,26,Female,A-,9416186286
28439,Anjali Singh,54,Female,AB+,9603091973
28440,Rohan Mehta,26,Female,A-,9872662112
28441,Rohan Reddy,41,Female,B+,9235433946
28442,Neha Patel,50,Male,AB-,9188308596
28443,Riya Verma,52,Female,B-,9654622860
28444,Sahil Mehta,20,Male,O+,9817260522
28445,Karan Verma,50,Male,AB-,9985752130
28446,Divya Patel,35,Female,A-,9648920771
28447,Arjun Reddy,31,Female,AB+,9787653023
28448,Priya Gupta,19,Male,A+,9710707026
28449,Aditya Verma,52,Male,A+,9296734113
28450,Arjun Sharma,56,Female,O+,9697162540
28451,Rohan Gupta,58,Female,O-,9733162995
28452,Arjun Verma,35,Male,AB+,9812590253
28453,Arjun Kapoor,22,Female,B+,9547552256
28454,Neha Mehta,28,Male,A-,9172821934
28455,Divya Mehta,33,Male,AB-,9538767942
28456,Aman Reddy,37,Female,AB+,9925389263
28457,Karan Gupta,28,Female,O+,9714261219
28458,Rohan Verma,42,Male,AB-,9752969496
28459,Priya Kapoor,56,Male,B+,9990284155
28460,Aditya Verma,22,Male,O+,9895603202
28461,Kavya Mehta,32,Male,AB+,9348452448
28462,Rahul Kapoor,54,Male,AB-,9970260533
28463,Kavya Singh,23,Female,O-,9549963646
28464,Neha Mehta,58,Male,A-,9236450547
28465,Sneha Reddy,18,Male,AB-,9456804374
28466,Aditya Singh,21,Male,O-,9865578488
28467,Pooja Sharma,40,Female,AB+,9944060668
28468,Neha Sharma,44,Female,AB+,9705554874
28469,Arjun Mehta,18,Female,O-,9349819132
28470,Sneha Kapoor,31,Female,AB-,9386227095
28471,Aman Singh,52,Female,A+,9590473684
28472,Priya Singh,42,Female,A+,9630021118
28473,Rahul Patel,24,Female,B+,9382469313
28474,Anjali Patel,22,Female,A-,9477485785
28475,Arjun Reddy,26,Male,A-,9571395233
28476,Anjali Gupta,50,Male,O-,9659800815
28477,Aditya Kapoor,52,Male,B+,9396502120
28478,Sahil Gupta,23,Male,A-,9667516638
28479,Arjun Verma,31,Male,A-,9600260529
28480,Riya Reddy,30,Female,B+,9125972006
28481,Aditya Mehta,35,Male,B+,9268729836
28482,Aditya Kapoor,52,Female,A+,9687917271
28483,Priya Patel,28,Female,AB-,9352297826
28484,Anjali Sharma,48,Male,AB-,9670255264
28485,Vikram Sharma,36,Male,A-,9327992451
28486,Neha Patel,28,Female,B-,9799692120
28487,Divya Sharma,22,Male,O-,9371403017
28488,Priya Kapoor,37,Male,B-,9316508516
28489,Aman Reddy,46,Male,AB-,9964552885
28490,Vikram Sharma,28,Female,O-,9278732139
28491,Divya Mehta,34,Female,B+,9695226645
28492,Divya Singh,40,Male,B+,9340516321
28493,Aditya Patel,35,Male,AB+,9725159523
28494,Divya Kapoor,37,Male,B-,9382365066
28495,Aman Sharma,54,Male,O-,9226924475
28496,Rohan Singh,51,Male,B-,9607203264
28497,Divya Singh,45,Female,O-,9101650765
28498,Sneha Reddy,49,Female,A+,9552114789
28499,Kavya Reddy,41,Male,A-,9176429818
28500,Rahul Verma,33,Female,A-,9354811371
28501,Vikram Kapoor,22,Male,B+,9415521086
28502,Priya Singh,57,Male,O-,9817777937
28503,Neha Sharma,42,Female,A+,9193588095
28504,Rahul Kapoor,26,Male,A-,9596531740
28505,Karan Gupta,42,Male,AB+,9376403798
28506,Arjun Sharma,52,Female,B+,9625967662
28507,Karan Verma,46,Female,A-,9558580505
28508,Rahul Reddy,43,Female,AB+,9725746276
28509,Riya Patel,22,Female,B-,9998131410
28510,Anjali Singh,60,Male,B-,9787150180
28511,Aditya Kapoor,22,Female,O-,9862238352
28512,Sahil Gupta,31,Female,O+,9962288005
28513,Sahil Verma,20,Male,AB+,9527049122
28514,Neha Gupta,44,Female,A-,9348261167
28515,Divya Sharma,30,Female,O-,9952969878
28516,Arjun Kapoor,33,Male,O-,9779039727
28517,Rahul Kapoor,53,Female,A-,9519232577
28518,Kavya Verma,46,Female,O+,9376245715
28519,Aditya Verma,38,Female,A-,9377772418
28520,Neha Verma,29,Female,A-,9276408910
28521,Vikram Singh,32,Male,A-,9148846925
28522,Vikram Patel,41,Female,O-,9751552772
28523,Priya Singh,49,Female,O-,9969283394
28524,Vikram Kapoor,36,Female,O+,9350307313
28525,Rahul Gupta,23,Male,B-,9345109521
28526,Arjun Reddy,18,Male,B-,9286575290
28527,Vikram Patel,33,Female,O-,9413442047
28528,Aditya Patel,41,Male,AB-,9747369871
28529,Riya Kapoor,21,Female,O+,9289461277
28530,Anjali Reddy,47,Female,AB+,9196104195
28531,Neha Singh,43,Male,B+,9480920097
28532,Divya Singh,44,Female,A-,9226010771
28533,Priya Mehta,38,Male,A+,9560385642
28534,Neha Reddy,20,Male,B+,9488252665
28535,Riya Patel,42,Male,O+,9930593342
28536,Pooja Patel,33,Male,B-,9494690615
28537,Arjun Verma,19,Male,O+,9663862157
28538,Sneha Patel,28,Male,A-,9992249600
28539,Anjali Singh,38,Male,A+,9494875155
28540,Kavya Kapoor,44,Male,A+,9752140132
28541,Rahul Verma,56,Male,A+,9301405373
28542,Aman Patel,57,Female,AB+,9706165656
28543,Arjun Patel,22,Female,A+,9322956809
28544,Divya Verma,41,Male,A+,9985976322
28545,Pooja Sharma,33,Female,O+,9336400599
28546,Divya Kapoor,34,Female,AB+,9830131417
28547,Pooja Singh,35,Male,O+,9394783953
28548,Neha Sharma,18,Male,B-,9576939931
28549,Aman Patel,45,Female,AB-,9253791657
28550,Kavya Gupta,24,Male,O+,9471373271
28551,Rahul Kapoor,47,Male,AB-,9279164119
28552,Pooja Singh,28,Male,AB+,9695272839
28553,Rahul Gupta,46,Male,O+,9109105251
28554,Divya Reddy,33,Female,O-,9477899012
28555,Pooja Verma,32,Male,A+,9695552712
28556,Divya Sharma,47,Male,O-,9708022504
28557,Vikram Sharma,56,Male,O-,9676236755
28558,Priya Gupta,28,Male,O-,9784847314
28559,Aman Patel,36,Male,O-,9488052841
28560,Aman Patel,18,Male,AB-,9224008148
28561,Aditya Singh,60,Female,O+,9519547648
28562,Riya Singh,29,Male,AB+,9566818877
28563,Arjun Kapoor,59,Male,AB-,9619798179
28564,Riya Gupta,24,Female,A+,9169481867
28565,Aman Kapoor,35,Male,B+,9620572813
28566,Sahil Singh,24,Female,O-,9561598149
28567,Rohan Mehta,55,Male,A-,9117102863
28568,Aditya Verma,31,Male,B-,9844823548
28569,Sneha Gupta,32,Male,O-,9749562004
28570,Sahil Reddy,56,Female,AB+,9938279256
28571,Aman Sharma,26,Female,B-,9721708819
28572,Aman Singh,25,Female,AB-,9927631803
28573,Sahil Singh,55,Female,AB+,9295411996
28574,Divya Patel,41,Male,O+,9138512246
28575,Rahul Mehta,34,Male,O-,9574219728
28576,Rahul Gupta,31,Male,B-,9263497894
28577,Arjun Singh,32,Female,B-,9803423863
28578,Rahul Singh,34,Male,A-,9825328242
28579,Arjun Singh,33,Male,A+,9767245003
28580,Priya Singh,31,Male,A+,9935937762
28581,Kavya Mehta,38,Female,B-,9500768690
28582,Priya Singh,40,Male,B-,9319977664
28583,Divya Singh,24,Male,A-,9991494680
28584,Aman Reddy,24,Female,O+,9295112557
28585,Sahil Kapoor,29,Male,B+,9761811353
28586,Karan Kapoor,54,Female,B-,9178074608
28587,Aman Mehta,55,Female,B+,9403088864
28588,Sahil Singh,37,Male,AB+,9110762881
28589,Sahil Reddy,52,Male,AB-,9667687292
28590,Rohan Reddy,23,Male,B+,9862413129
28591,Kavya Singh,42,Male,A-,9384308423
28592,Aman Gupta,37,Male,O-,9448129060
28593,Aditya Gupta,36,Female,B+,9607579336
28594,Anjali Sharma,24,Male,AB-,9910958124
28595,Pooja Singh,24,Female,B+,9996057581
28596,Pooja Gupta,51,Male,B+,9761563106
28597,Aman Reddy,46,Female,AB+,9426454568
28598,Divya Reddy,54,Female,AB+,9923279656
28599,Pooja Sharma,24,Female,O-,9299667678
28600,Vikram Kapoor,54,Male,B-,9644437384
28601,Rahul Verma,44,Male,O-,9748842579
28602,Arjun Singh,34,Male,O-,9474519520
28603,Aditya Kapoor,53,Female,A-,9363846062
28604,Sneha Verma,34,Female,O+,9317444679
28605,Rohan Gupta,41,Female,A+,9652207764
28606,Divya Gupta,41,Male,B+,9683315949
28607,Divya Sharma,46,Female,B-,9875594916
28608,Sneha Singh,30,Female,B+,9684767595
28609,Vikram Patel,20,Female,AB-,9118091056
28610,Rahul Reddy,23,Female,B+,9169951501
28611,Rahul Patel,26,Male,A-,9518371086
28612,Kavya Gupta,33,Male,B+,9137183548
28613,Arjun Verma,38,Male,A-,9703596206
28614,Sahil Verma,38,Female,B+,9104461422
28615,Sahil Sharma,44,Female,O-,9662040919
28616,Priya Reddy,28,Male,B-,9273092602
28617,Karan Reddy,54,Female,A+,9214622613
28618,Sneha Singh,35,Female,A-,9488419002
28619,Arjun Patel,33,Male,A-,9962109829
28620,Arjun Verma,44,Female,O-,9337350535
28621,Sneha Patel,51,Male,A-,9207933825
28622,Pooja Verma,56,Male,A-,9834978947
28623,Karan Patel,18,Male,AB+,9422958791
28624,Aditya Singh,24,Male,A+,9623249299
28625,Anjali Mehta,47,Male,O+,9299389993
28626,Sneha Sharma,36,Female,B-,9528582021
28627,Karan Mehta,60,Male,AB+,9553970625
28628,Kavya Patel,39,Female,AB-,9887218200
28629,Neha Sharma,49,Male,O-,9985441210
28630,Rohan Gupta,56,Male,B+,9460589070
28631,Sneha Patel,24,Female,AB+,9243450203
28632,Riya Patel,18,Male,A+,9416814183
28633,Aman Gupta,57,Female,A+,9840620564
28634,Priya Kapoor,23,Female,O+,9649134233
28635,Rohan Patel,47,Female,B+,9595878650
28636,Pooja Gupta,20,Male,B+,9492945831
28637,Neha Kapoor,45,Female,AB-,9650933088
28638,Priya Mehta,34,Female,A+,9282595703
28639,Riya Gupta,60,Male,AB+,9697134437
28640,Anjali Mehta,32,Male,A+,9818567472
28641,Pooja Verma,55,Male,O+,9809095768
28642,Anjali Patel,59,Female,AB+,9766628744
28643,Kavya Reddy,54,Male,B+,9272558809
28644,Karan Verma,53,Female,AB-,9888491276
28645,Karan Verma,55,Female,O+,9330533453
28646,Karan Sharma,21,Female,AB-,9225192080
28647,Pooja Gupta,51,Female,A-,9700824102
28648,Kavya Gupta,25,Male,O+,9578577504
28649,Rohan Patel,29,Male,A+,9691648072
28650,Priya Kapoor,45,Female,AB+,9468185898
28651,Kavya Verma,40,Female,O-,9760456629
28652,Arjun Reddy,47,Male,A-,9854131574
28653,Aman Patel,18,Female,A-,9638316713
28654,Aditya Mehta,38,Male,O-,9753978985
28655,Vikram Mehta,54,Male,O+,9615852093
28656,Priya Sharma,37,Female,B+,9148863357
28657,Sneha Gupta,34,Male,AB+,9581399024
28658,Pooja Patel,32,Male,A+,9826941300
28659,Karan Mehta,24,Female,AB+,9642727602
28660,Sahil Gupta,43,Male,O+,9582383526
28661,Karan Kapoor,36,Female,B-,9490843501
28662,Neha Kapoor,26,Female,A-,9878327521
28663,Sahil Reddy,18,Male,A-,9915966260
28664,Sneha Kapoor,21,Male,A+,9486071185
28665,Aman Kapoor,18,Male,A-,9573893091
28666,Karan Singh,40,Female,A-,9430907446
28667,Vikram Kapoor,58,Male,O+,9600502322
28668,Pooja Patel,53,Male,A+,9787416032
28669,Sneha Sharma,45,Female,A+,9454267483
28670,Priya Patel,25,Male,B+,9499330708
28671,Arjun Gupta,35,Female,A-,9737220732
28672,Kavya Singh,37,Female,A+,9361208692
28673,Pooja Kapoor,60,Female,B-,9604567010
28674,Divya Mehta,55,Male,O-,9269515890
28675,Kavya Gupta,20,Female,A+,9548158207
28676,Riya Mehta,20,Male,A+,9204182955
28677,Kavya Verma,48,Female,AB+,9734146307
28678,Kavya Kapoor,54,Male,O+,9473672082
28679,Pooja Mehta,28,Female,A+,9607281177
28680,Anjali Gupta,20,Male,A-,9769860354
28681,Pooja Singh,54,Female,O+,9150856661
28682,Aman Reddy,30,Male,B+,9695996507
28683,Karan Gupta,18,Female,B+,9226467957
28684,Neha Singh,24,Male,AB+,9968230338
28685,Anjali Verma,42,Male,AB+,9121593302
28686,Pooja Singh,44,Male,A+,9783060703
28687,Aditya Gupta,46,Female,AB+,9982679362
28688,Sahil Gupta,18,Female,O+,9295053934
28689,Karan Gupta,31,Female,B-,9724759884
28690,Riya Singh,41,Female,B-,9701657400
28691,Arjun Reddy,43,Female,O+,9325753271
28692,Divya Gupta,41,Male,B-,9638158420
28693,Divya Reddy,55,Male,O+,9670651663
28694,Karan Patel,29,Male,A+,9551362324
28695,Aman Reddy,28,Male,O-,9265114235
28696,Priya Kapoor,40,Female,A+,9406543794
28697,Sahil Kapoor,34,Female,A-,9320528631
28698,Karan Reddy,36,Male,B-,9936422724
28699,Rahul Patel,34,Female,O+,9439559477
28700,Rohan Kapoor,35,Female,A-,9605999606
28701,Karan Verma,40,Female,A-,9202757140
28702,Vikram Singh,33,Female,B+,9955707023
28703,Aman Singh,29,Male,AB+,9645877083
28704,Riya Sharma,58,Female,B+,9399913524
28705,Vikram Singh,34,Female,AB+,9622984908
28706,Aditya Verma,46,Female,AB+,9168476609
28707,Anjali Reddy,37,Male,B-,9688948529
28708,Anjali Kapoor,35,Female,A-,9625841140
28709,Pooja Singh,59,Male,O+,9667951420
28710,Rohan Mehta,58,Female,B+,9753086229
28711,Aditya Reddy,25,Male,AB-,9386542617
28712,Rahul Sharma,34,Female,O+,9806347927
28713,Vikram Verma,45,Female,AB+,9513975011
28714,Neha Patel,42,Female,B+,9237025314
28715,Divya Mehta,25,Male,A-,9314043437
28716,Neha Singh,28,Female,A+,9417787974
28717,Karan Singh,37,Female,B-,9780271898
28718,Sahil Kapoor,31,Female,O-,9811178690
28719,Priya Reddy,24,Female,B+,9447214079
28720,Rahul Reddy,30,Male,O-,9532326860
28721,Aman Kapoor,50,Female,AB+,9505026619
28722,Divya Gupta,37,Female,O+,9637271985
28723,Aman Patel,36,Male,A+,9543917500
28724,Rohan Mehta,29,Male,O-,9226716467
28725,Anjali Mehta,35,Male,B-,9754483798
28726,Kavya Patel,32,Female,O-,9755893999
28727,Arjun Patel,50,Female,A-,9674096193
28728,Arjun Sharma,38,Female,B-,9866225317
28729,Neha Reddy,44,Male,B-,9819797646
28730,Priya Reddy,19,Female,AB-,9444643926
28731,Anjali Mehta,27,Female,O-,9161834888
28732,Rohan Gupta,32,Male,AB+,9512135685
28733,Sneha Patel,36,Male,O-,9283114848
28734,Kavya Singh,20,Male,A+,9809160500
28735,Kavya Kapoor,21,Female,B-,9804947496
28736,Rahul Singh,54,Female,A-,9525153307
28737,Karan Sharma,35,Male,A+,9705924242
28738,Karan Singh,57,Female,AB+,9394034646
28739,Arjun Mehta,52,Female,A+,9800503305
28740,Aman Gupta,52,Male,O+,9917470594
28741,Rohan Verma,40,Female,AB+,9999499709
28742,Kavya Sharma,44,Female,B-,9974134852
28743,Anjali Mehta,25,Female,O+,9598171270
28744,Sahil Singh,50,Male,B+,9694742874
28745,Sahil Mehta,27,Male,O+,9870865229
28746,Divya Kapoor,52,Male,A-,9594052397
28747,Divya Singh,27,Male,B+,9279026515
28748,Vikram Sharma,53,Female,AB+,9122382227
28749,Pooja Patel,27,Female,A-,9950938010
28750,Priya Verma,26,Male,AB-,9243599612
28751,Anjali Singh,18,Male,AB+,9120572936
28752,Sahil Verma,30,Female,B+,9448864527
28753,Aditya Verma,29,Female,B-,9119099092
28754,Pooja Sharma,39,Male,AB+,9626935519
28755,Aditya Patel,34,Male,AB+,9721366886
28756,Arjun Sharma,56,Female,B-,9304064954
28757,Karan Reddy,55,Male,AB-,9531479245
28758,Aditya Gupta,58,Male,O-,9298193451
28759,Rahul Singh,40,Male,AB-,9522700525
28760,Neha Mehta,53,Male,A+,9395459982
28761,Arjun Sharma,24,Female,AB+,9584385167
28762,Rahul Mehta,28,Male,O+,9309645273
28763,Riya Singh,23,Male,A+,9280127861
28764,Karan Reddy,37,Female,O+,9129918435
28765,Anjali Gupta,23,Female,O+,9758471883
28766,Rahul Mehta,29,Female,O-,9247349369
28767,Rahul Mehta,28,Male,AB+,9637760839
28768,Divya Singh,33,Male,O-,9723822109
28769,Rohan Sharma,44,Female,B+,9678808830
28770,Divya Gupta,32,Male,AB-,9449843677
28771,Divya Kapoor,37,Male,O+,9588061185
28772,Divya Gupta,45,Female,B+,9995638615
28773,Karan Verma,51,Male,A-,9430256978
28774,Anjali Verma,45,Male,A+,9256254057
28775,Sahil Reddy,21,Female,AB+,9418313767
28776,Priya Verma,48,Male,AB+,9255821689
28777,Anjali Mehta,36,Female,B+,9867861460
28778,Anjali Mehta,18,Male,O+,9369720349
28779,Neha Mehta,52,Male,B+,9338000676
28780,Aditya Verma,27,Male,O+,9406373820
28781,Anjali Mehta,42,Female,O+,9930067182
28782,Sahil Kapoor,50,Male,O-,9695461947
28783,Vikram Verma,29,Male,A+,9326064433
28784,Riya Gupta,55,Male,AB+,9527731464
28785,Divya Sharma,56,Male,AB-,9265441272
28786,Rahul Sharma,33,Male,AB+,9789872901
28787,Pooja Patel,52,Male,B-,9491709959
28788,Riya Verma,52,Female,AB+,9742851295
28789,Rohan Verma,53,Male,B+,9730643457
28790,Sahil Kapoor,26,Male,AB+,9101383018
28791,Arjun Patel,31,Female,O+,9250571798
28792,Aman Kapoor,48,Female,O-,9141385632
28793,Rahul Sharma,34,Male,O+,9278894011
28794,Vikram Sharma,18,Female,AB-,9650862275
28795,Sneha Reddy,58,Male,AB-,9722830845
28796,Riya Sharma,49,Male,B+,9987968656
28797,Anjali Patel,56,Male,O+,9528947852
28798,Divya Singh,25,Male,A+,9927972303
28799,Rohan Reddy,27,Male,O-,9601482358
28800,Neha Mehta,48,Female,B-,9800765977
28801,Arjun Mehta,53,Female,B-,9761270293
28802,Divya Patel,32,Female,A-,9611145868
28803,Priya Patel,20,Male,O+,9499885013
28804,Vikram Mehta,56,Male,AB+,9166255174
28805,Sneha Mehta,49,Male,AB-,9193658339
28806,Rohan Sharma,47,Female,O+,9166019728
28807,Aman Verma,25,Female,A-,9484826082
28808,Vikram Gupta,57,Female,A-,9594000992
28809,Rahul Singh,20,Male,O-,9623540763
28810,Riya Kapoor,51,Male,B-,9367293992
28811,Divya Sharma,48,Female,A+,9865977223
28812,Aditya Gupta,54,Male,B-,9403004518
28813,Karan Verma,21,Female,O-,9378040399
28814,Aditya Patel,51,Male,B-,9263862177
28815,Sahil Singh,50,Female,A+,9821921537
28816,Rohan Singh,31,Female,B+,9466703745
28817,Aman Singh,44,Female,B-,9412044362
28818,Sahil Mehta,20,Male,O-,9640165515
28819,Sneha Verma,18,Male,O+,9568566166
28820,Arjun Gupta,51,Male,B-,9731986232
28821,Kavya Reddy,46,Male,B+,9430582976
28822,Riya Sharma,52,Male,AB+,9382357215
28823,Sahil Verma,55,Male,O+,9801286719
28824,Arjun Verma,26,Female,B+,9115666545
28825,Aman Sharma,27,Female,AB+,9918365665
28826,Divya Singh,27,Male,A-,9972491755
28827,Aman Singh,35,Female,AB+,9922321920
28828,Neha Singh,57,Female,O-,9741504583
28829,Sneha Verma,39,Female,O-,9945361304
28830,Sneha Singh,22,Male,B-,9244428031
28831,Arjun Patel,27,Male,O+,9979613699
28832,Kavya Sharma,21,Female,B+,9122870634
28833,Pooja Patel,33,Male,O+,9779320751
28834,Vikram Reddy,28,Female,B-,9248100675
28835,Karan Gupta,25,Male,B-,9342794659
28836,Vikram Kapoor,49,Female,B-,9240615491
28837,Aman Mehta,38,Female,A-,9702685905
28838,Kavya Singh,37,Male,B-,9664065290
28839,Kavya Sharma,54,Female,A+,9462252886
28840,Anjali Verma,50,Female,A+,9130360220
28841,Neha Patel,23,Male,B-,9991282896
28842,Divya Kapoor,20,Female,O-,9639240780
28843,Pooja Sharma,45,Male,A+,9210297199
28844,Priya Verma,41,Male,AB+,9903114079
28845,Arjun Mehta,32,Male,AB-,9253644472
28846,Pooja Reddy,36,Female,O+,9606923565
28847,Rohan Gupta,22,Female,B-,9762384458
28848,Priya Singh,41,Male,A+,9265112055
28849,Pooja Reddy,25,Female,B+,9783097334
28850,Anjali Kapoor,38,Female,O+,9946849481
28851,Rohan Sharma,45,Male,O+,9988622089
28852,Sneha Singh,51,Female,B-,9636823251
28853,Karan Gupta,24,Female,AB+,9449180484
28854,Karan Singh,25,Male,O-,9484911052
28855,Neha Sharma,44,Male,A-,9465142063
28856,Sneha Mehta,42,Male,AB+,9898861144
28857,Divya Mehta,34,Female,O+,9150704661
28858,Rohan Verma,54,Female,O-,9298756263
28859,Aman Gupta,19,Female,A+,9580210631
28860,Riya Mehta,58,Male,A+,9560759533
28861,Sneha Reddy,41,Female,A+,9382878225
28862,Kavya Patel,31,Female,B-,9181834770
28863,Sahil Singh,29,Female,AB-,9740025249
28864,Riya Kapoor,46,Male,A+,9505028114
28865,Sahil Patel,49,Male,AB-,9467915160
28866,Aman Singh,25,Male,B+,9171511980
28867,Priya Sharma,20,Female,A+,9348683019
28868,Priya Mehta,24,Female,O+,9530459476
28869,Sneha Sharma,52,Female,AB-,9485376486
28870,Arjun Kapoor,23,Female,A-,9620362108
28871,Pooja Mehta,39,Male,B+,9395298194
28872,Aman Reddy,18,Female,O-,9940011568
28873,Arjun Sharma,34,Female,B-,9197744371
28874,Neha Verma,39,Male,AB+,9720675207
28875,Neha Gupta,40,Male,O+,9439271179
28876,Rahul Singh,34,Male,AB+,9335663733
28877,Sahil Patel,38,Male,B+,9881126754
28878,Sahil Gupta,38,Female,A+,9820304862
28879,Karan Patel,43,Female,B-,9225937194
28880,Aditya Sharma,60,Female,B-,9229628741
28881,Aditya Kapoor,40,Male,AB-,9857018404
28882,Aditya Sharma,21,Female,B-,9451380534
28883,Karan Kapoor,29,Male,B-,9686305793
28884,Karan Patel,20,Female,A+,9675034910
28885,Vikram Singh,40,Male,B+,9710204664
28886,Divya Sharma,44,Female,O+,9593555933
28887,Aditya Kapoor,60,Female,A+,9646139961
28888,Rohan Singh,40,Female,O-,9314120383
28889,Pooja Verma,53,Male,B+,9637314597
28890,Priya Sharma,49,Male,O+,9428355438
28891,Karan Reddy,20,Male,AB+,9321051437
28892,Anjali Patel,40,Male,AB-,9247972091
28893,Pooja Singh,28,Male,B+,9143088709
28894,Neha Mehta,24,Male,AB+,9104792906
28895,Aman Mehta,35,Male,AB+,9420200982
28896,Riya Patel,28,Female,B-,9381316497
28897,Priya Gupta,19,Male,B+,9241763075
28898,Arjun Sharma,41,Male,AB-,9969756967
28899,Arjun Patel,30,Male,AB+,9931579277
28900,Pooja Mehta,22,Male,AB+,9859692242
28901,Aman Sharma,50,Female,A-,9654380494
28902,Rahul Singh,33,Female,O+,9555153085
28903,Pooja Gupta,44,Male,O+,9648287713
28904,Aman Kapoor,59,Female,AB-,9169450318
28905,Anjali Patel,52,Female,A+,9615195461
28906,Karan Reddy,30,Female,AB-,9154067630
28907,Priya Sharma,29,Female,B-,9149368991
28908,Neha Gupta,53,Male,B-,9216188949
28909,Priya Reddy,43,Male,AB+,9486776243
28910,Kavya Patel,33,Male,A+,9382796549
28911,Rahul Reddy,34,Male,B-,9738692435
28912,Pooja Singh,27,Female,AB-,9867448172
28913,Arjun Gupta,59,Male,O+,9379365484
28914,Kavya Mehta,36,Female,B+,9274325951
28915,Divya Reddy,30,Female,B+,9551196314
28916,Karan Patel,47,Female,O+,9487343021
28917,Divya Sharma,48,Male,O+,9539581118
28918,Kavya Gupta,58,Female,A-,9305933024
28919,Karan Reddy,41,Female,AB-,9669525829
28920,Pooja Gupta,41,Female,O-,9933205190
28921,Aman Verma,33,Female,O-,9989902752
28922,Arjun Singh,39,Female,A-,9689270453
28923,Sneha Verma,39,Female,B+,9608416121
28924,Pooja Patel,31,Male,AB+,9569739546
28925,Vikram Reddy,29,Female,AB-,9153977960
28926,Karan Reddy,47,Male,B+,9151440560
28927,Vikram Singh,51,Male,A-,9535590384
28928,Arjun Verma,21,Male,B-,9173268813
28929,Pooja Sharma,38,Female,B-,9202322418
28930,Divya Reddy,22,Female,AB-,9742784994
28931,Aman Mehta,25,Male,AB-,9114348980
28932,Aman Sharma,57,Female,O-,9536495967
28933,Arjun Mehta,41,Female,A-,9278192319
28934,Neha Reddy,18,Male,A-,9687543242
28935,Vikram Reddy,58,Male,A-,9944280300
28936,Rohan Verma,53,Male,AB-,9441323393
28937,Vikram Patel,29,Male,B-,9313168078
28938,Riya Reddy,26,Female,B-,9879389122
28939,Rahul Patel,23,Male,A+,9159413838
28940,Vikram Gupta,46,Male,A+,9576280010
28941,Kavya Verma,25,Male,B-,9523025822
28942,Aditya Kapoor,50,Male,O+,9983042505
28943,Rahul Kapoor,47,Male,O-,9399827753
28944,Divya Singh,41,Female,A-,9172234377
28945,Aman Patel,38,Male,O+,9189493637
28946,Aman Singh,59,Female,O+,9612746124
28947,Rahul Gupta,31,Female,O-,9712875728
28948,Kavya Singh,31,Male,AB-,9905038357
28949,Rahul Reddy,60,Male,B-,9211134397
28950,Anjali Verma,39,Female,AB+,9211999559
28951,Rohan Patel,35,Female,B-,9764561803
28952,Aditya Patel,18,Female,AB+,9522827208
28953,Divya Gupta,25,Female,A+,9563639465
28954,Karan Reddy,49,Male,O+,9690805934
28955,Kavya Mehta,41,Male,AB-,9853885785
28956,Riya Verma,22,Male,A+,9635969908
28957,Vikram Mehta,53,Male,AB+,9989959675
28958,Anjali Gupta,38,Female,AB+,9547982051
28959,Karan Sharma,54,Female,O-,9180606707
28960,Sneha Singh,19,Female,O+,9462204972
28961,Anjali Mehta,34,Male,O-,9178110252
28962,Aditya Gupta,27,Female,B+,9663063193
28963,Sneha Mehta,35,Female,B-,9175047702
28964,Riya Sharma,33,Male,O-,9604174407
28965,Karan Verma,34,Male,B-,9170807883
28966,Vikram Patel,58,Female,O+,9968616373
28967,Kavya Gupta,33,Female,A+,9135617025
28968,Divya Patel,19,Male,O+,9506331618
28969,Sahil Verma,30,Female,B-,9368497231
28970,Rohan Reddy,50,Female,AB-,9864128235
28971,Neha Reddy,51,Male,O-,9188498498
28972,Riya Gupta,60,Female,A+,9539535554
28973,Aditya Reddy,59,Male,A+,9446011000
28974,Aditya Gupta,43,Male,B-,9237419352
28975,Rahul Verma,25,Female,B+,9337133581
28976,Aman Patel,51,Male,A+,9156824828
28977,Rohan Reddy,52,Female,O+,9214512763
28978,Anjali Patel,53,Male,A+,9379714743
28979,Rahul Patel,49,Female,AB+,9934348714
28980,Vikram Mehta,20,Male,A-,9744531942
28981,Karan Sharma,36,Male,B-,9289112190
28982,Rohan Mehta,53,Female,A-,9228882055
28983,Aditya Singh,19,Female,AB+,9484527888
28984,Aman Mehta,41,Female,O-,9416285545
28985,Arjun Reddy,38,Female,AB+,9577764893
28986,Rahul Mehta,19,Female,B-,9767472079
28987,Karan Patel,31,Female,AB+,9700308916
28988,Rohan Gupta,50,Male,A-,9315296629
28989,Rahul Patel,41,Female,A+,9377978532
28990,Aditya Gupta,52,Male,A-,9413204690
28991,Priya Verma,30,Male,B-,9889284943
28992,Rahul Kapoor,23,Female,B+,9256185266
28993,Riya Verma,28,Male,O-,9580902274
28994,Vikram Patel,43,Female,B-,9394761417
28995,Karan Reddy,40,Male,B+,9869708271
28996,Karan Verma,42,Female,B+,9213353107
28997,Priya Gupta,30,Male,B-,9662544515
28998,Riya Patel,31,Male,AB+,9185944162
28999,Rahul Reddy,19,Female,AB-,9850468651
29000,Pooja Gupta,29,Male,AB-,9334250610
29001,Pooja Mehta,59,Female,A+,9187879237
29002,Divya Gupta,51,Female,A+,9970171970
29003,Riya Patel,34,Male,B+,9491514195
29004,Riya Sharma,22,Female,O+,9124148983
29005,Rahul Singh,51,Female,A+,9373515820
29006,Anjali Singh,30,Male,B-,9692858295
29007,Divya Mehta,26,Female,A-,9800764118
29008,Sneha Sharma,20,Female,AB+,9721305480
29009,Riya Gupta,22,Male,O-,9460715532
29010,Priya Singh,38,Male,O-,9477382350
29011,Rohan Mehta,43,Male,AB-,9156297925
29012,Anjali Gupta,27,Male,B+,9790569036
29013,Sahil Mehta,31,Male,AB-,9956980598
29014,Rahul Gupta,37,Male,AB-,9338079676
29015,Rahul Reddy,43,Female,B-,9207970588
29016,Aman Singh,56,Female,B-,9642761947
29017,Kavya Sharma,53,Female,O-,9298728013
29018,Karan Patel,27,Female,O+,9744990419
29019,Vikram Sharma,35,Male,B+,9137215816
29020,Rohan Singh,49,Female,B-,9108972759
29021,Arjun Verma,58,Female,O+,9135427603
29022,Anjali Verma,26,Female,O-,9101243452
29023,Priya Patel,53,Female,O-,9618737431
29024,Aman Sharma,44,Male,O+,9872975911
29025,Rohan Gupta,25,Male,O+,9907045011
29026,Kavya Gupta,22,Male,A-,9303043612
29027,Anjali Kapoor,51,Female,A+,9308173887
29028,Rohan Gupta,30,Female,AB+,9473196766
29029,Aditya Sharma,25,Male,A-,9379049295
29030,Anjali Mehta,54,Male,O+,9835578229
29031,Priya Reddy,27,Female,O+,9296945836
29032,Rahul Patel,43,Female,O-,9298115807
29033,Rahul Gupta,34,Male,A+,9562399686
29034,Priya Kapoor,24,Female,O+,9410181962
29035,Rohan Singh,29,Female,AB+,9667078217
29036,Sneha Patel,23,Male,AB-,9147493061
29037,Aman Verma,27,Male,B-,9736084200
29038,Sneha Verma,24,Female,B+,9389908205
29039,Aditya Mehta,27,Female,B-,9994963253
29040,Priya Gupta,30,Male,B-,9702085980
29041,Priya Sharma,40,Male,B+,9799964204
29042,Sneha Patel,31,Female,B-,9341371899
29043,Rohan Singh,49,Male,O+,9691600838
29044,Kavya Verma,33,Male,O+,9229234625
29045,Divya Sharma,26,Male,AB-,9403861879
29046,Aman Verma,34,Male,O+,9117537851
29047,Kavya Kapoor,31,Male,A+,9891677934
29048,Divya Patel,21,Female,O+,9944680638
29049,Anjali Reddy,22,Female,A+,9748352676
29050,Divya Sharma,54,Male,B+,9134628119
29051,Vikram Reddy,54,Male,AB+,9149111571
29052,Rahul Reddy,59,Male,B-,9631780198
29053,Aman Kapoor,60,Female,O+,9636210471
29054,Priya Verma,51,Male,A-,9507137705
29055,Sahil Gupta,43,Male,AB+,9921293349
29056,Anjali Kapoor,44,Male,A-,9757659251
29057,Vikram Reddy,37,Male,A-,9820195124
29058,Sahil Patel,35,Female,AB+,9309889333
29059,Rohan Sharma,50,Female,A-,9642716351
29060,Karan Gupta,56,Male,O-,9843755201
29061,Rohan Sharma,28,Female,B-,9783575955
29062,Pooja Sharma,57,Female,B-,9278131793
29063,Neha Kapoor,38,Male,AB+,9972882488
29064,Kavya Gupta,43,Female,B+,9232816264
29065,Anjali Gupta,57,Female,B+,9281405125
29066,Anjali Kapoor,36,Male,O-,9779690408
29067,Arjun Mehta,33,Female,B-,9809217734
29068,Karan Patel,19,Male,B-,9239428431
29069,Neha Singh,27,Male,AB+,9802881915
29070,Neha Mehta,28,Female,A+,9720155946
29071,Riya Gupta,45,Female,O+,9634754974
29072,Aman Gupta,43,Female,AB+,9273321518
29073,Divya Reddy,59,Male,O-,9489182474
29074,Kavya Singh,42,Male,A+,9467626685
29075,Riya Kapoor,20,Female,A+,9535338750
29076,Priya Singh,29,Female,A+,9745690535
29077,Divya Verma,28,Male,AB-,9661553730
29078,Aditya Patel,18,Male,A-,9736393239
29079,Anjali Kapoor,58,Female,A-,9728356879
29080,Karan Kapoor,37,Male,O-,9424299956
29081,Aditya Sharma,45,Male,AB+,9651235094
29082,Vikram Singh,60,Male,A+,9666456361
29083,Aman Mehta,30,Female,AB+,9663178946
29084,Rahul Sharma,35,Female,A+,9266459969
29085,Aman Kapoor,37,Male,A-,9838784731
29086,Vikram Gupta,56,Female,AB-,9735255436
29087,Kavya Gupta,46,Male,A-,9984756384
29088,Rahul Singh,39,Female,O+,9685261194
29089,Anjali Patel,35,Female,A+,9120428151
29090,Neha Kapoor,24,Male,A+,9447604039
29091,Vikram Gupta,39,Female,O+,9696721178
29092,Aditya Verma,37,Male,AB+,9939423721
29093,Aman Reddy,37,Female,B-,9613207407
29094,Vikram Reddy,25,Female,AB+,9911940823
29095,Karan Reddy,41,Male,B-,9437339461
29096,Sahil Verma,56,Female,B-,9625362277
29097,Rohan Kapoor,36,Male,AB+,9868540354
29098,Anjali Gupta,59,Female,B-,9273626827
29099,Divya Patel,31,Female,O-,9247303734
29100,Sahil Mehta,26,Female,A-,9523117888
29101,Aditya Kapoor,55,Male,O+,9517619797
29102,Arjun Sharma,21,Female,O+,9507047289
29103,Sahil Sharma,21,Female,AB+,9765963016
29104,Divya Kapoor,43,Male,B-,9684326510
29105,Aditya Sharma,49,Female,A+,9220697673
29106,Riya Reddy,55,Female,AB-,9456918756
29107,Karan Sharma,52,Male,B-,9682799172
29108,Rahul Gupta,19,Female,O-,9294537169
29109,Rahul Mehta,44,Male,A-,9745591470
29110,Neha Reddy,32,Female,AB-,9448105781
29111,Sahil Patel,35,Male,AB-,9639172529
29112,Pooja Kapoor,20,Male,AB+,9991907981
29113,Rahul Kapoor,49,Male,O+,9692957252
29114,Sneha Mehta,24,Female,A-,9488815335
29115,Neha Gupta,45,Female,AB+,9241330080
29116,Kavya Kapoor,45,Male,B+,9277299893
29117,Kavya Sharma,21,Female,O-,9915522362
29118,Karan Verma,50,Female,A-,9986866715
29119,Arjun Mehta,27,Female,A+,9351193672
29120,Arjun Singh,39,Female,O-,9209998877
29121,Vikram Verma,52,Male,B+,9780065630
29122,Aditya Singh,43,Male,B+,9742638778
29123,Rahul Patel,29,Male,B+,9651093389
29124,Priya Sharma,28,Female,O+,9852588148
29125,Aditya Verma,51,Female,B-,9156533319
29126,Karan Singh,48,Female,A+,9568796722
29127,Kavya Gupta,53,Male,B+,9515191748
29128,Aman Gupta,39,Male,A-,9928298756
29129,Sneha Reddy,33,Female,A+,9358136057
29130,Neha Patel,31,Female,O+,9456566545
29131,Riya Singh,32,Male,A+,9410135900
29132,Rohan Sharma,20,Female,AB+,9858051919
29133,Rohan Gupta,34,Male,A-,9237802130
29134,Aman Mehta,37,Male,B-,9546723508
29135,Sahil Verma,43,Female,AB-,9383478948
29136,Vikram Reddy,23,Female,A-,9367878991
29137,Neha Gupta,42,Female,AB-,9580185230
29138,Arjun Singh,35,Male,O-,9466741478
29139,Riya Kapoor,37,Male,AB-,9136548329
29140,Kavya Mehta,43,Female,O+,9783498820
29141,Anjali Kapoor,33,Male,AB-,9274867235
29142,Arjun Mehta,55,Female,AB-,9797404907
29143,Sneha Singh,24,Female,B+,9383739286
29144,Priya Mehta,54,Female,A+,9275375191
29145,Priya Patel,48,Female,A+,9128944553
29146,Sneha Mehta,49,Female,A+,9418742294
29147,Vikram Singh,59,Female,AB+,9622077125
29148,Arjun Gupta,59,Female,B+,9874898723
29149,Aditya Gupta,44,Female,AB+,9128587512
29150,Rahul Gupta,28,Female,A-,9424738051
29151,Anjali Reddy,47,Male,B+,9782613552
29152,Rohan Verma,25,Female,O+,9351598244
29153,Vikram Gupta,19,Female,A-,9120037844
29154,Priya Gupta,47,Male,AB-,9565423031
29155,Kavya Kapoor,28,Male,O+,9681299205
29156,Pooja Kapoor,56,Female,O+,9785574236
29157,Priya Singh,57,Male,AB+,9345699436
29158,Pooja Patel,19,Female,AB-,9955924981
29159,Kavya Singh,38,Male,B-,9159363019
29160,Arjun Sharma,31,Female,B-,9724100885
29161,Rohan Verma,37,Male,A+,9382891368
29162,Aditya Patel,25,Male,B+,9484109495
29163,Karan Reddy,34,Male,AB-,9415170302
29164,Pooja Mehta,29,Male,O+,9673032428
29165,Arjun Sharma,19,Male,A-,9145351328
29166,Vikram Gupta,54,Female,A+,9575041426
29167,Sahil Singh,29,Male,AB-,9690010515
29168,Kavya Gupta,57,Male,O+,9223499922
29169,Arjun Mehta,24,Female,B+,9995599588
29170,Anjali Mehta,60,Male,B-,9481014010
29171,Vikram Gupta,57,Female,A+,9476541065
29172,Arjun Reddy,51,Male,A-,9979502870
29173,Sahil Verma,22,Female,O-,9560816113
29174,Anjali Patel,27,Female,O-,9373747751
29175,Aman Patel,49,Male,AB+,9940920040
29176,Riya Singh,41,Male,B+,9380191360
29177,Aditya Singh,35,Male,A+,9127958758
29178,Riya Verma,19,Male,AB+,9457331634
29179,Aditya Reddy,50,Female,B+,9251300420
29180,Arjun Patel,39,Female,A+,9668646358
29181,Riya Sharma,54,Female,A+,9323453926
29182,Sahil Verma,19,Female,A-,9296258333
29183,Sahil Reddy,28,Male,O-,9680060874
29184,Sneha Sharma,30,Male,O+,9450684508
29185,Kavya Kapoor,31,Female,A-,9360344440
29186,Arjun Sharma,39,Male,AB+,9572870436
29187,Sahil Gupta,51,Male,A-,9358615732
29188,Rahul Patel,42,Male,O-,9466484319
29189,Rahul Mehta,34,Female,A+,9713934350
29190,Sahil Verma,54,Female,B+,9369897284
29191,Kavya Mehta,27,Female,A+,9164017754
29192,Priya Sharma,41,Male,B-,9955521011
29193,Anjali Reddy,42,Male,A-,9416981244
29194,Riya Gupta,55,Male,O+,9487923524
29195,Aman Gupta,28,Male,A+,9656501425
29196,Rahul Reddy,33,Female,O-,9545243309
29197,Pooja Reddy,49,Female,A-,9157147375
29198,Priya Sharma,33,Male,O-,9718932382
29199,Sneha Singh,60,Female,O+,9655537413
29200,Rohan Sharma,31,Male,A-,9858987540
29201,Anjali Verma,30,Female,B+,9220549460
29202,Divya Kapoor,37,Female,AB+,9544540592
29203,Riya Kapoor,21,Male,AB+,9223079423
29204,Karan Gupta,18,Female,O-,9766592397
29205,Pooja Sharma,34,Female,AB+,9516127518
29206,Arjun Sharma,46,Female,A-,9823729565
29207,Aman Mehta,47,Male,O-,9269398315
29208,Neha Kapoor,43,Female,A-,9979187423
29209,Rohan Kapoor,57,Male,O-,9667344417
29210,Arjun Reddy,58,Female,A+,9220161581
29211,Arjun Verma,37,Male,B+,9735097785
29212,Riya Sharma,27,Female,AB-,9931452921
29213,Divya Gupta,52,Female,B-,9488152517
29214,Kavya Patel,57,Male,B-,9675807753
29215,Anjali Verma,40,Male,AB+,9596922798
29216,Karan Reddy,37,Male,B-,9733139662
29217,Anjali Sharma,52,Female,O+,9262567516
29218,Riya Patel,20,Female,AB+,9539156483
29219,Rohan Patel,57,Male,AB+,9361641311
29220,Aman Reddy,37,Female,AB+,9523289951
29221,Sahil Gupta,50,Female,B+,9892912791
29222,Aman Sharma,39,Female,AB-,9408917530
29223,Riya Verma,60,Female,A+,9135057236
29224,Divya Sharma,56,Female,A+,9389788322
29225,Neha Verma,18,Male,A+,9530760479
29226,Vikram Singh,56,Female,AB+,9658457906
29227,Pooja Gupta,44,Male,A+,9303115462
29228,Priya Kapoor,49,Male,O+,9900293217
29229,Karan Singh,49,Female,A-,9496716684
29230,Rahul Reddy,30,Male,O+,9692660142
29231,Divya Gupta,20,Male,AB-,9865751962
29232,Aditya Kapoor,39,Female,B+,9252695948
29233,Aman Patel,39,Male,O+,9931511880
29234,Karan Verma,32,Male,A+,9635619764
29235,Riya Kapoor,32,Male,O+,9992824379
29236,Sneha Verma,52,Female,AB-,9591155427
29237,Aditya Kapoor,28,Male,O+,9652118158
29238,Aman Patel,37,Female,B+,9559246185
29239,Arjun Gupta,44,Female,O-,9247381904
29240,Aditya Sharma,28,Female,B-,9932216173
29241,Neha Kapoor,30,Male,O+,9502898175
29242,Priya Mehta,44,Female,B+,9592339376
29243,Arjun Sharma,39,Male,A-,9398302889
29244,Aman Reddy,34,Female,B+,9572054303
29245,Riya Mehta,30,Female,O-,9252655954
29246,Sahil Mehta,23,Male,O-,9788001191
29247,Priya Kapoor,53,Female,AB-,9126847781
29248,Aman Kapoor,59,Male,O-,9814911550
29249,Pooja Gupta,47,Female,B-,9685509767
29250,Rohan Kapoor,31,Male,AB+,9196668578
29251,Sahil Sharma,28,Female,A-,9872198701
29252,Divya Verma,21,Female,B+,9616663290
29253,Aman Singh,28,Female,O+,9232515211
29254,Riya Gupta,47,Male,B+,9329086105
29255,Anjali Gupta,50,Female,B+,9492720388
29256,Divya Verma,41,Female,AB-,9544288032
29257,Anjali Singh,33,Female,B+,9573597923
29258,Anjali Verma,42,Female,O-,9245699068
29259,Riya Sharma,39,Male,AB+,9430877037
29260,Riya Sharma,29,Male,A-,9123717215
29261,Anjali Kapoor,22,Female,A+,9416440015
29262,Anjali Sharma,20,Male,AB+,9394498527
29263,Aman Kapoor,29,Female,O+,9818497885
29264,Rohan Singh,18,Female,A-,9875073781
29265,Sahil Reddy,33,Male,B+,9960586856
29266,Arjun Kapoor,46,Female,B-,9529178698
29267,Priya Mehta,47,Female,B-,9635856888
29268,Riya Kapoor,28,Male,A-,9455834642
29269,Arjun Reddy,44,Male,AB-,9844542382
29270,Sneha Reddy,30,Male,AB-,9415032284
29271,Neha Singh,20,Female,AB+,9935741424
29272,Divya Patel,48,Male,A+,9787089091
29273,Kavya Patel,28,Male,A-,9532749603
29274,Vikram Singh,60,Male,A-,9861834451
29275,Sneha Mehta,22,Female,A-,9862822416
29276,Aditya Kapoor,28,Female,B-,9656211868
29277,Anjali Verma,60,Male,AB-,9142778239
29278,Priya Verma,51,Male,A-,9617568508
29279,Sneha Reddy,22,Male,A-,9298261537
29280,Priya Mehta,53,Female,AB-,9533844377
29281,Neha Reddy,56,Female,AB-,9173410406
29282,Riya Singh,31,Male,AB+,9152016392
29283,Divya Patel,23,Male,AB+,9343409935
29284,Neha Verma,47,Female,B-,9902530544
29285,Rohan Kapoor,25,Male,O-,9104141809
29286,Rahul Singh,31,Female,B+,9561422713
29287,Vikram Sharma,30,Female,B+,9205915718
29288,Neha Singh,57,Female,O-,9113572495
29289,Riya Reddy,30,Female,A-,9786760983
29290,Rahul Sharma,56,Male,O+,9970223389
29291,Pooja Kapoor,52,Female,AB+,9670012339
29292,Rahul Gupta,23,Female,B-,9899242924
29293,Aditya Gupta,25,Female,O+,9899472160
29294,Karan Mehta,52,Female,O-,9360720831
29295,Karan Reddy,49,Male,AB+,9384821423
29296,Anjali Reddy,59,Male,A-,9637872576
29297,Vikram Sharma,26,Male,B-,9181719327
29298,Aditya Mehta,55,Female,B-,9228544495
29299,Sahil Gupta,30,Female,A+,9499498660
29300,Aditya Gupta,31,Male,AB-,9757685579
29301,Sahil Verma,59,Female,B+,9213357460
29302,Kavya Reddy,54,Female,AB+,9778861183
29303,Sahil Patel,54,Female,A-,9718758903
29304,Divya Reddy,21,Male,AB-,9593617788
29305,Karan Patel,52,Female,AB-,9292675103
29306,Aditya Gupta,53,Female,AB+,9785245364
29307,Rohan Gupta,58,Male,AB-,9880753867
29308,Vikram Verma,37,Male,AB-,9728197262
29309,Priya Gupta,46,Male,A+,9534297981
29310,Rohan Singh,18,Female,B-,9451453492
29311,Karan Patel,47,Female,O-,9138992871
29312,Riya Patel,27,Female,O+,9621829942
29313,Riya Singh,40,Male,AB-,9695610224
29314,Divya Sharma,26,Male,B+,9741613461
29315,Kavya Kapoor,55,Male,AB+,9743645453
29316,Arjun Patel,26,Male,O+,9510908101
29317,Sneha Gupta,25,Male,AB+,9811693279
29318,Sahil Mehta,38,Male,A-,9458695394
29319,Vikram Sharma,26,Female,AB+,9137154657
29320,Sahil Patel,49,Female,AB-,9241951650
29321,Anjali Reddy,32,Male,AB-,9772403046
29322,Vikram Gupta,52,Female,A+,9713676238
29323,Rohan Sharma,26,Male,O-,9988755040
29324,Vikram Sharma,27,Female,A-,9262611763
29325,Vikram Gupta,60,Male,A+,9730095492
29326,Karan Singh,20,Male,A-,9992986104
29327,Kavya Kapoor,47,Male,O+,9826016862
29328,Anjali Patel,43,Male,A+,9487888714
29329,Aman Gupta,43,Female,O+,9566388858
29330,Kavya Gupta,44,Male,B-,9742950276
29331,Aman Verma,28,Male,A+,9480279995
29332,Sneha Verma,47,Female,AB-,9865089144
29333,Aman Kapoor,48,Female,B+,9628782889
29334,Kavya Kapoor,30,Female,B-,9789031383
29335,Sneha Mehta,48,Female,B+,9719087943
29336,Sneha Kapoor,55,Male,AB-,9400168364
29337,Rohan Verma,54,Female,AB+,9250334107
29338,Arjun Verma,29,Male,B+,9809421370
29339,Karan Gupta,22,Male,B+,9623327286
29340,Pooja Patel,33,Male,AB-,9504116488
29341,Rahul Singh,47,Male,B-,9666870168
29342,Rohan Verma,24,Male,B+,9777716521
29343,Vikram Mehta,32,Male,B+,9860493444
29344,Sneha Kapoor,41,Female,B+,9982390834
29345,Divya Gupta,58,Male,AB+,9612601441
29346,Sneha Reddy,30,Female,A-,9967485000
29347,Anjali Kapoor,60,Male,AB+,9713421282
29348,Divya Singh,37,Female,AB+,9256489624
29349,Rahul Singh,59,Female,A+,9905363274
29350,Pooja Reddy,20,Male,AB-,9700032271
29351,Riya Sharma,22,Male,O+,9320259584
29352,Arjun Patel,60,Male,A+,9240957089
29353,Kavya Reddy,47,Female,O-,9885137219
29354,Sahil Verma,24,Female,AB+,9162531702
29355,Divya Verma,59,Female,B-,9988040606
29356,Anjali Gupta,58,Male,A+,9205854724
29357,Anjali Reddy,51,Male,O+,9874500927
29358,Arjun Singh,23,Female,B+,9250148738
29359,Aman Verma,33,Male,O-,9895036919
29360,Aditya Verma,51,Male,AB+,9794682763
29361,Neha Patel,20,Female,B-,9479126497
29362,Priya Verma,57,Male,O+,9170434363
29363,Kavya Verma,30,Male,O-,9773065841
29364,Riya Reddy,30,Female,AB+,9464969425
29365,Pooja Reddy,58,Female,B-,9308698099
29366,Karan Sharma,36,Female,B+,9215274003
29367,Karan Kapoor,52,Male,O+,9799594128
29368,Kavya Sharma,52,Male,B+,9625641486
29369,Rahul Gupta,20,Female,B-,9134978478
29370,Sneha Reddy,25,Female,B-,9997391970
29371,Vikram Sharma,21,Female,O-,9726535763
29372,Rahul Singh,39,Male,B-,9877624485
29373,Riya Patel,33,Male,O-,9430926908
29374,Sahil Sharma,47,Female,O-,9321186190
29375,Anjali Mehta,24,Male,A+,9592438397
29376,Sneha Patel,52,Female,B-,9402656024
29377,Vikram Patel,40,Male,B+,9486984018
29378,Arjun Kapoor,45,Male,B+,9309040398
29379,Pooja Mehta,44,Male,A+,9954844161
29380,Vikram Gupta,35,Female,B+,9556168538
29381,Rahul Kapoor,52,Male,O+,9191885724
29382,Kavya Singh,26,Male,B-,9300168653
29383,Rohan Reddy,22,Female,AB+,9930952934
29384,Anjali Kapoor,40,Female,B-,9832883667
29385,Sneha Reddy,29,Female,A+,9159899487
29386,Kavya Patel,45,Male,O-,9258719391
29387,Rohan Verma,39,Male,B+,9999624963
29388,Priya Reddy,46,Female,O+,9228416866
29389,Sneha Verma,50,Male,A+,9650189195
29390,Neha Gupta,19,Male,B-,9813859807
29391,Karan Gupta,44,Male,A+,9473976719
29392,Rahul Sharma,25,Male,B-,9929428894
29393,Pooja Reddy,40,Female,AB-,9683032765
29394,Priya Mehta,43,Male,AB-,9184076987
29395,Kavya Verma,45,Male,A-,9749051911
29396,Vikram Verma,33,Female,A-,9948563152
29397,Sahil Patel,20,Female,B-,9416849561
29398,Sneha Sharma,42,Male,B+,9207117574
29399,Aditya Reddy,38,Male,O-,9260224589
29400,Pooja Singh,34,Female,AB+,9817117278
29401,Rohan Patel,39,Male,O-,9139104033
29402,Anjali Sharma,48,Female,AB-,9626915837
29403,Karan Singh,56,Male,B-,9703200865
29404,Vikram Reddy,19,Male,O+,9106929597
29405,Sahil Kapoor,24,Male,A-,9583473019
29406,Riya Mehta,36,Male,A-,9454351548
29407,Aman Verma,58,Male,A-,9426686132
29408,Sahil Verma,26,Female,AB+,9379472726
29409,Divya Sharma,35,Male,B-,9750176242
29410,Karan Verma,38,Male,AB-,9582473701
29411,Pooja Reddy,18,Male,AB-,9302078327
29412,Aman Gupta,31,Female,B+,9593896677
29413,Neha Patel,60,Female,O+,9353728010
29414,Priya Mehta,50,Female,A-,9110123397
29415,Arjun Verma,25,Male,B-,9345933378
29416,Vikram Kapoor,24,Female,A-,9881113599
29417,Aditya Gupta,19,Female,O-,9790276778
29418,Kavya Kapoor,33,Female,O-,9371227347
29419,Rahul Sharma,29,Female,O-,9874184988
29420,Aman Singh,56,Female,O-,9100804099
29421,Rohan Mehta,49,Female,A-,9778982866
29422,Kavya Gupta,43,Female,A-,9298025575
29423,Divya Kapoor,39,Male,A+,9156083604
29424,Aman Singh,58,Female,B+,9987467014
29425,Neha Patel,28,Male,B-,9281332276
29426,Priya Mehta,24,Male,AB-,9360132339
29427,Rohan Gupta,40,Male,B+,9349723112
29428,Rahul Mehta,19,Male,O-,9358893068
29429,Divya Kapoor,45,Female,B-,9459566669
29430,Aditya Mehta,32,Female,B+,9987384958
29431,Vikram Kapoor,22,Male,AB-,9138912684
29432,Sneha Gupta,34,Male,B+,9388416402
29433,Kavya Mehta,25,Male,O-,9472554123
29434,Sahil Verma,32,Male,B-,9247301033
29435,Anjali Mehta,51,Male,B+,9996192486
29436,Anjali Mehta,42,Female,B+,9400225072
29437,Karan Patel,18,Male,AB-,9192717765
29438,Anjali Reddy,23,Male,AB-,9878042022
29439,Aditya Patel,43,Male,A-,9299528689
29440,Pooja Kapoor,20,Female,AB-,9594900406
29441,Anjali Kapoor,20,Female,AB+,9497231524
29442,Arjun Gupta,26,Female,O+,9560465400
29443,Kavya Patel,28,Female,O+,9914752113
29444,Aman Patel,55,Male,O+,9231414217
29445,Pooja Mehta,51,Male,A+,9561485692
29446,Anjali Kapoor,50,Male,O+,9973253189
29447,Riya Gupta,44,Male,A-,9883714504
29448,Rohan Mehta,55,Female,B+,9423867649
29449,Riya Kapoor,31,Male,B-,9855420851
29450,Rahul Verma,44,Female,AB+,9700551390
29451,Divya Mehta,42,Female,AB+,9144964708
29452,Karan Verma,44,Female,B-,9962771442
29453,Rahul Sharma,54,Male,B-,9453529686
29454,Vikram Patel,40,Female,B+,9154892940
29455,Rohan Patel,33,Male,B+,9315480208
29456,Aditya Gupta,39,Male,O-,9184258566
29457,Kavya Verma,27,Male,AB+,9459397428
29458,Rahul Kapoor,43,Male,A+,9701766759
29459,Anjali Kapoor,36,Male,AB+,9122046598
29460,Neha Kapoor,50,Female,A-,9354566423
29461,Sahil Reddy,38,Female,O+,9594963786
29462,Neha Patel,41,Female,O+,9617902941
29463,Aman Singh,22,Male,B-,9108651200
29464,Anjali Gupta,31,Male,B-,9440029628
29465,Neha Singh,56,Female,O-,9977051276
29466,Divya Sharma,51,Male,O-,9709588010
29467,Priya Reddy,37,Female,AB-,9640310905
29468,Arjun Verma,57,Female,O+,9967038176
29469,Sneha Kapoor,39,Male,O+,9252681172
29470,Divya Verma,49,Male,O-,9822614039
29471,Anjali Sharma,46,Female,B+,9770853392
29472,Pooja Gupta,23,Male,AB-,9437933428
29473,Sahil Sharma,55,Male,B+,9879623207
29474,Priya Singh,32,Male,B-,9835663208
29475,Sneha Sharma,57,Female,O+,9281716541
29476,Arjun Verma,28,Male,AB-,9913841281
29477,Kavya Kapoor,33,Male,B+,9120147793
29478,Divya Verma,48,Male,AB+,9994783250
29479,Aditya Patel,36,Female,AB+,9697713025
29480,Riya Singh,50,Female,O-,9827490985
29481,Anjali Sharma,42,Male,B-,9688517072
29482,Rohan Singh,40,Male,O+,9270762994
29483,Aman Singh,31,Female,O+,9824173366
29484,Anjali Mehta,32,Male,A-,9131800633
29485,Neha Mehta,45,Female,A-,9742795912
29486,Sahil Patel,38,Female,O-,9260447652
29487,Priya Sharma,58,Male,O-,9281724989
29488,Riya Singh,18,Female,A-,9903885923
29489,Vikram Sharma,59,Female,AB+,9416312702
29490,Riya Verma,19,Male,AB-,9491985446
29491,Vikram Gupta,20,Female,AB-,9680691667
29492,Neha Kapoor,40,Male,O+,9601983483
29493,Vikram Reddy,53,Male,AB+,9756457007
29494,Rahul Patel,30,Male,B-,9623621284
29495,Arjun Kapoor,52,Male,O+,9891152825
29496,Vikram Kapoor,27,Female,AB-,9758166311
29497,Neha Mehta,60,Male,A+,9351492683
29498,Kavya Singh,31,Male,A+,9968126473
29499,Aditya Singh,38,Female,AB+,9617238774
29500,Rahul Sharma,59,Male,A-,9702133547
29501,Pooja Sharma,37,Male,AB+,9893533231
29502,Aditya Sharma,29,Male,AB+,9419693608
29503,Kavya Kapoor,44,Male,B-,9676573387
29504,Anjali Mehta,20,Male,B+,9455938723
29505,Karan Kapoor,22,Male,B-,9214871992
29506,Riya Verma,21,Female,O-,9253655527
29507,Priya Gupta,25,Female,A+,9463707729
29508,Rahul Gupta,27,Female,AB-,9530388039
29509,Vikram Mehta,46,Female,B+,9246621909
29510,Karan Patel,38,Female,B-,9556445608
29511,Rohan Kapoor,30,Male,A+,9824500239
29512,Aditya Singh,44,Male,B+,9289658184
29513,Sahil Mehta,49,Male,AB-,9908752098
29514,Vikram Sharma,18,Female,O-,9938411643
29515,Aman Reddy,46,Male,B+,9279775366
29516,Rahul Sharma,19,Male,O+,9873685964
29517,Aditya Mehta,55,Female,A-,9339844641
29518,Neha Singh,24,Male,A+,9639203624
29519,Aman Singh,24,Male,O-,9340670221
29520,Rohan Mehta,56,Female,B+,9771637539
29521,Arjun Verma,53,Male,B-,9381279713
29522,Rohan Verma,21,Female,O+,9982585750
29523,Vikram Patel,40,Female,O-,9356054398
29524,Karan Singh,21,Female,A-,9252434685
29525,Vikram Reddy,35,Male,B+,9922141441
29526,Rohan Sharma,55,Female,A+,9987983106
29527,Arjun Patel,18,Male,B-,9592195807
29528,Priya Singh,37,Female,A-,9950940097
29529,Priya Singh,41,Female,AB+,9990579232
29530,Anjali Kapoor,51,Male,B+,9416138413
29531,Arjun Reddy,27,Female,O+,9845919716
29532,Priya Singh,46,Male,AB+,9289639702
29533,Anjali Mehta,59,Female,O+,9116103211
29534,Rohan Gupta,26,Male,AB-,9790108351
29535,Aman Singh,31,Male,O+,9169994630
29536,Vikram Singh,29,Male,A-,9453387726
29537,Rohan Sharma,59,Female,A+,9914432883
29538,Aman Gupta,21,Male,A-,9230101708
29539,Pooja Singh,29,Female,A-,9263105340
29540,Pooja Singh,59,Female,A+,9504918320
29541,Riya Verma,35,Male,O+,9911855332
29542,Rahul Reddy,37,Male,O+,9827969214
29543,Sneha Gupta,22,Female,O-,9697375910
29544,Divya Mehta,42,Female,A-,9840370300
29545,Pooja Mehta,25,Female,O+,9326667525
29546,Aman Sharma,39,Female,B+,9993908807
29547,Sneha Mehta,39,Female,B+,9423724078
29548,Vikram Patel,56,Female,AB+,9727498692
29549,Sahil Patel,37,Male,O+,9106803870
29550,Karan Verma,23,Female,O-,9685014784
29551,Neha Gupta,35,Female,A-,9693680695
29552,Arjun Singh,52,Female,A-,9572793576
29553,Aman Mehta,27,Female,B-,9322081061
29554,Pooja Gupta,28,Female,O+,9176553418
29555,Sahil Verma,38,Male,A-,9721448150
29556,Rohan Verma,41,Male,AB-,9290764785
29557,Neha Mehta,19,Female,A+,9995883545
29558,Aditya Sharma,35,Female,B-,9731026027
29559,Aman Singh,54,Female,A+,9333471909
29560,Pooja Kapoor,52,Male,A-,9632841190
29561,Rahul Reddy,41,Male,AB-,9171994540
29562,Sahil Kapoor,60,Male,O+,9343833580
29563,Arjun Mehta,20,Male,AB+,9602170143
29564,Aman Gupta,18,Male,AB-,9511634964
29565,Pooja Gupta,38,Male,O+,9124948721
29566,Karan Reddy,49,Male,B+,9659851402
29567,Sahil Kapoor,23,Female,A+,9393468021
29568,Arjun Verma,57,Male,AB-,9145734780
29569,Pooja Singh,19,Male,O-,9164165120
29570,Riya Singh,35,Female,B+,9958686055
29571,Pooja Singh,22,Female,B-,9309826758
29572,Sneha Mehta,54,Male,AB+,9514608144
29573,Neha Patel,35,Female,AB-,9929931475
29574,Aditya Patel,27,Male,AB-,9188347373
29575,Kavya Patel,59,Male,A+,9402653774
29576,Riya Reddy,29,Female,A-,9746030410
29577,Rahul Reddy,28,Male,A-,9322755611
29578,Anjali Singh,39,Female,A+,9563703325
29579,Priya Patel,37,Male,AB+,9501143578
29580,Rohan Gupta,54,Female,A-,9194880011
29581,Pooja Gupta,47,Male,A+,9901340767
29582,Anjali Patel,54,Female,B+,9299552682
29583,Anjali Verma,44,Male,B-,9403451163
29584,Sahil Singh,36,Female,O+,9793422645
29585,Aditya Mehta,42,Female,B+,9303251761
29586,Vikram Sharma,40,Female,B+,9255165387
29587,Aditya Singh,26,Female,B-,9638472213
29588,Aditya Patel,29,Female,O-,9969405902
29589,Priya Verma,21,Male,A-,9335854655
29590,Aman Sharma,28,Female,A+,9372285304
29591,Rahul Singh,27,Female,AB-,9357185578
29592,Karan Patel,45,Female,B-,9975906549
29593,Karan Patel,48,Male,AB-,9730680825
29594,Arjun Verma,59,Female,O-,9957905636
29595,Vikram Reddy,49,Male,O-,9212868694
29596,Sneha Patel,19,Female,O-,9968070925
29597,Vikram Mehta,38,Female,B+,9683000223
29598,Divya Reddy,33,Female,AB+,9210139540
29599,Sneha Singh,21,Male,A-,9431741473
29600,Vikram Singh,23,Female,B-,9244303745
29601,Anjali Gupta,38,Male,B-,9845119522
29602,Anjali Patel,39,Male,O+,9140871407
29603,Rohan Kapoor,22,Female,B-,9206606916
29604,Pooja Sharma,26,Female,A-,9253213083
29605,Arjun Reddy,39,Female,A-,9290883272
29606,Sahil Kapoor,22,Male,B-,9955528403
29607,Kavya Gupta,60,Female,B+,9375147537
29608,Arjun Kapoor,41,Female,A-,9534139924
29609,Aditya Sharma,22,Male,A+,9179543310
29610,Rohan Mehta,47,Male,A-,9850236185
29611,Riya Gupta,46,Male,A+,9298296129
29612,Riya Kapoor,23,Female,B+,9114610321
29613,Neha Kapoor,27,Female,B-,9771341756
29614,Rahul Singh,30,Female,AB+,9173498207
29615,Sahil Reddy,29,Male,O+,9761822507
29616,Karan Patel,37,Male,B-,9268563280
29617,Priya Mehta,24,Female,O+,9348432431
29618,Sahil Sharma,38,Female,O-,9498907100
29619,Divya Reddy,58,Female,B-,9602327075
29620,Pooja Sharma,58,Female,AB+,9750994618
29621,Sneha Gupta,29,Male,A+,9294165853
29622,Vikram Mehta,58,Male,O-,9457732515
29623,Vikram Singh,48,Female,O+,9710939230
29624,Priya Gupta,23,Male,B+,9187408751
29625,Sneha Singh,41,Male,A-,9143750108
29626,Sahil Gupta,33,Male,O-,9175237319
29627,Kavya Patel,43,Female,A+,9160142892
29628,Sahil Sharma,47,Female,AB+,9218131189
29629,Kavya Verma,34,Female,O-,9205196249
29630,Arjun Mehta,54,Female,A+,9990063216
29631,Sneha Patel,35,Female,O+,9900071242
29632,Aditya Reddy,18,Female,AB-,9749777249
29633,Kavya Verma,47,Male,AB+,9536328601
29634,Riya Patel,57,Female,B+,9362448856
29635,Kavya Mehta,56,Male,O-,9788281255
29636,Karan Verma,24,Male,A-,9608139224
29637,Sneha Reddy,44,Male,O-,9226657594
29638,Divya Verma,24,Female,AB-,9533383739
29639,Pooja Singh,34,Male,A-,9970216266
29640,Sahil Patel,26,Male,O-,9232446205
29641,Aditya Mehta,60,Female,A-,9966670076
29642,Riya Singh,50,Male,O-,9714693374
29643,Vikram Gupta,55,Male,O-,9438823021
29644,Priya Singh,33,Male,AB+,9829052941
29645,Aditya Kapoor,37,Male,B-,9501262826
29646,Divya Mehta,23,Male,B-,9499345975
29647,Arjun Sharma,40,Male,B+,9655171365
29648,Priya Patel,60,Female,A-,9114981402
29649,Arjun Verma,24,Male,B-,9308731917
29650,Anjali Gupta,24,Female,AB-,9609450548
29651,Anjali Sharma,59,Female,A+,9264810943
29652,Priya Sharma,50,Female,B+,9904522709
29653,Rohan Verma,36,Male,A+,9937787043
29654,Pooja Sharma,42,Female,AB-,9876385052
29655,Rahul Patel,22,Female,A+,9414621362
29656,Priya Verma,51,Male,AB-,9881565716
29657,Pooja Singh,24,Female,A+,9826390016
29658,Vikram Gupta,52,Female,AB-,9544987544
29659,Arjun Gupta,58,Female,B+,9776539557
29660,Sneha Kapoor,42,Female,B+,9577260518
29661,Arjun Sharma,31,Male,A+,9338588915
29662,Riya Sharma,41,Male,A-,9565832004
29663,Priya Singh,38,Male,A+,9886028365
29664,Priya Sharma,25,Male,AB-,9609243333
29665,Rohan Sharma,19,Female,O+,9967776323
29666,Neha Mehta,37,Male,A-,9544690982
29667,Rahul Verma,47,Female,O-,9336197052
29668,Kavya Mehta,29,Male,B+,9537411058
29669,Neha Reddy,33,Male,O+,9457580115
29670,Sahil Patel,26,Male,O-,9812123152
29671,Priya Gupta,47,Female,AB-,9687236525
29672,Aman Reddy,31,Female,B-,9610589813
29673,Rohan Kapoor,40,Female,O-,9978706694
29674,Sneha Singh,57,Male,A-,9200117508
29675,Sahil Gupta,34,Male,AB+,9583837548
29676,Aditya Patel,18,Female,O-,9183569780
29677,Vikram Sharma,44,Female,O-,9841268792
29678,Neha Gupta,43,Male,O+,9244152110
29679,Kavya Mehta,53,Male,O+,9377298433
29680,Kavya Reddy,39,Female,A+,9793593547
29681,Divya Reddy,22,Male,B-,9907202359
29682,Sneha Verma,39,Male,AB+,9872795971
29683,Kavya Verma,39,Female,B+,9564887673
29684,Rohan Kapoor,55,Male,O-,9429327641
29685,Priya Verma,39,Female,A-,9186132516
29686,Vikram Patel,44,Female,B-,9589077382
29687,Riya Singh,41,Male,B+,9223957892
29688,Sneha Kapoor,55,Male,O-,9347846789
29689,Aman Patel,28,Female,A-,9570669268
29690,Priya Mehta,50,Male,A+,9981060002
29691,Anjali Verma,39,Male,A+,9357900947
29692,Aman Patel,59,Male,O-,9776497961
29693,Arjun Mehta,57,Male,AB+,9180170938
29694,Riya Verma,24,Female,O-,9792133795
29695,Anjali Gupta,50,Male,A-,9110844400
29696,Rohan Gupta,53,Male,B-,9595960913
29697,Aman Singh,29,Male,AB+,9906740422
29698,Vikram Sharma,43,Male,AB+,9519658656
29699,Divya Gupta,55,Male,O+,9103217487
29700,Aman Verma,41,Male,AB-,9373900593
29701,Riya Mehta,51,Female,A-,9238087250
29702,Pooja Gupta,32,Female,B-,9286403696
29703,Priya Verma,56,Female,AB+,9973869563
29704,Rohan Kapoor,36,Female,AB+,9868659943
29705,Riya Verma,45,Male,B-,9412756736
29706,Riya Patel,48,Female,A+,9460291947
29707,Vikram Patel,51,Female,O+,9652394613
29708,Vikram Reddy,26,Male,A-,9478366085
29709,Karan Reddy,41,Female,A-,9303595513
29710,Aman Singh,29,Male,B+,9322325512
29711,Anjali Patel,32,Female,B-,9817047421
29712,Divya Singh,42,Female,O-,9218181980
29713,Rohan Patel,59,Female,O-,9116770274
29714,Karan Reddy,42,Female,AB+,9233802620
29715,Vikram Gupta,25,Male,B-,9889896339
29716,Sneha Patel,35,Male,A+,9741964326
29717,Aman Sharma,54,Female,B-,9171102533
29718,Vikram Gupta,32,Male,O+,9366369559
29719,Sahil Kapoor,21,Female,O+,9411225037
29720,Rahul Patel,42,Female,AB-,9330396890
29721,Riya Kapoor,57,Female,A+,9117569074
29722,Aman Kapoor,41,Male,O-,9861165170
29723,Sahil Verma,42,Male,B+,9397232414
29724,Priya Patel,55,Male,O+,9396278919
29725,Riya Mehta,49,Male,O+,9440361836
29726,Pooja Sharma,53,Female,A+,9354017569
29727,Sneha Patel,21,Male,B-,9138497659
29728,Riya Verma,53,Male,A-,9945086796
29729,Sneha Sharma,55,Female,A-,9364637948
29730,Kavya Patel,44,Female,AB-,9260545540
29731,Aditya Verma,43,Male,B-,9889405515
29732,Aman Reddy,44,Female,B+,9150040346
29733,Pooja Gupta,21,Male,A+,9467372838
29734,Aditya Kapoor,24,Male,AB-,9640518353
29735,Sneha Mehta,51,Female,O+,9864677538
29736,Anjali Mehta,52,Female,AB-,9150635686
29737,Kavya Sharma,57,Female,B+,9677853886
29738,Pooja Patel,18,Male,AB-,9700635480
29739,Karan Reddy,60,Female,B+,9799800975
29740,Pooja Sharma,25,Male,A+,9798907460
29741,Rahul Gupta,59,Female,A+,9442716253
29742,Sneha Reddy,28,Male,O+,9156055350
29743,Riya Gupta,53,Male,O-,9989989646
29744,Arjun Singh,36,Male,A+,9985519891
29745,Sneha Kapoor,37,Female,B+,9423571647
29746,Rahul Gupta,18,Female,AB+,9332834074
29747,Rahul Gupta,38,Female,O-,9384921459
29748,Vikram Gupta,30,Male,O+,9428156409
29749,Divya Singh,20,Male,A-,9739593937
29750,Anjali Kapoor,27,Male,B+,9514825504
29751,Pooja Singh,48,Male,AB+,9259718137
29752,Vikram Mehta,35,Male,AB+,9480216201
29753,Aman Sharma,54,Male,O-,9440687022
29754,Arjun Patel,31,Female,O+,9371608103
29755,Rahul Singh,42,Male,O+,9729541075
29756,Vikram Sharma,33,Male,A-,9991035144
29757,Sahil Mehta,38,Female,B-,9800645887
29758,Kavya Singh,33,Male,B+,9841993064
29759,Kavya Kapoor,39,Male,A+,9846884077
29760,Rohan Patel,41,Male,A+,9987139628
29761,Vikram Mehta,34,Female,O-,9203308051
29762,Arjun Verma,28,Male,O-,9216666373
29763,Anjali Verma,19,Female,B-,9854499496
29764,Priya Patel,26,Male,A+,9193805502
29765,Rahul Gupta,59,Female,AB+,9839908190
29766,Aditya Verma,38,Male,O-,9973547387
29767,Aditya Kapoor,40,Female,O-,9214970716
29768,Aman Kapoor,29,Male,A-,9700868013
29769,Rahul Mehta,37,Male,A+,9815050661
29770,Rahul Gupta,37,Male,O+,9158775465
29771,Arjun Sharma,58,Female,B+,9481063721
29772,Vikram Mehta,54,Female,O-,9747016012
29773,Rahul Singh,30,Male,O+,9304114449
29774,Pooja Sharma,38,Male,B-,9986602715
29775,Sneha Singh,28,Male,B-,9119491178
29776,Pooja Patel,41,Female,B+,9890451677
29777,Anjali Sharma,48,Female,A+,9424730941
29778,Vikram Singh,38,Female,A+,9197477648
29779,Kavya Singh,27,Male,A+,9686271190
29780,Aditya Singh,57,Female,AB+,9668194849
29781,Riya Patel,31,Male,B+,9704041013
29782,Aditya Verma,41,Male,B+,9795435625
29783,Pooja Sharma,23,Female,B+,9954393180
29784,Aman Kapoor,30,Male,O-,9407658479
29785,Karan Reddy,58,Female,O-,9267329974
29786,Riya Patel,58,Male,B+,9447350486
29787,Karan Mehta,40,Female,B+,9894742214
29788,Karan Mehta,55,Female,A-,9691593844
29789,Aditya Kapoor,30,Female,AB-,9996093004
29790,Rahul Singh,20,Female,O-,9344679940
29791,Divya Sharma,42,Female,B+,9274511063
29792,Riya Gupta,33,Female,A-,9438464507
29793,Arjun Kapoor,44,Female,B-,9408914560
29794,Pooja Mehta,42,Male,AB-,9113441067
29795,Rahul Sharma,52,Female,A+,9938527749
29796,Arjun Sharma,52,Male,AB-,9984622730
29797,Divya Kapoor,39,Male,B-,9771460174
29798,Sneha Patel,55,Female,O+,9248051379
29799,Rahul Singh,19,Male,AB+,9208107669
29800,Rahul Kapoor,22,Female,B-,9570882516
29801,Vikram Reddy,53,Male,A-,9451076759
29802,Aman Verma,24,Female,O+,9707356934
29803,Rohan Reddy,60,Female,A+,9300860728
29804,Karan Reddy,59,Male,B-,9398045823
29805,Sneha Verma,27,Male,O-,9856876140
29806,Priya Mehta,18,Female,O-,9779957232
29807,Divya Singh,49,Male,O-,9513838484
29808,Priya Gupta,55,Male,O+,9887200294
29809,Karan Reddy,22,Female,O-,9677751719
29810,Rahul Mehta,21,Male,AB+,9970379469
29811,Sahil Mehta,45,Female,A-,9788899780
29812,Pooja Sharma,29,Male,AB-,9680164293
29813,Sahil Reddy,21,Female,A+,9296695356
29814,Priya Patel,60,Male,O-,9116736592
29815,Sneha Verma,26,Female,O-,9307649245
29816,Priya Kapoor,51,Female,O-,9946926063
29817,Aditya Gupta,39,Female,AB+,9233533954
29818,Priya Reddy,46,Female,A+,9856589799
29819,Pooja Sharma,32,Male,O+,9270420040
29820,Sneha Mehta,57,Female,AB+,9404537096
29821,Aditya Kapoor,28,Female,B+,9157155725
29822,Kavya Verma,53,Female,O-,9542103160
29823,Neha Gupta,35,Female,AB-,9364103693
29824,Arjun Kapoor,43,Male,AB+,9313856489
29825,Sneha Reddy,37,Female,O+,9924710744
29826,Riya Reddy,46,Female,A+,9724665372
29827,Karan Kapoor,29,Female,AB+,9489357784
29828,Rahul Reddy,40,Male,O+,9310519695
29829,Divya Reddy,44,Female,B+,9457144844
29830,Rohan Patel,36,Male,AB-,9987697012
29831,Pooja Patel,30,Male,A-,9128841436
29832,Kavya Gupta,55,Female,AB+,9520478206
29833,Riya Sharma,59,Female,B-,9545229408
29834,Karan Sharma,53,Female,O+,9110810936
29835,Arjun Gupta,60,Female,AB-,9546774631
29836,Aman Gupta,53,Female,AB-,9766931697
29837,Aman Verma,38,Male,O+,9707200028
29838,Aditya Singh,33,Male,A-,9230088999
29839,Divya Gupta,50,Female,A+,9433388984
29840,Kavya Mehta,53,Male,A+,9726990977
29841,Karan Sharma,38,Male,B-,9329812455
29842,Anjali Kapoor,21,Female,AB+,9362026915
29843,Priya Reddy,26,Female,A+,9251549352
29844,Aman Mehta,41,Female,A-,9931253090
29845,Karan Sharma,39,Male,O-,9407428217
29846,Sneha Patel,31,Female,AB+,9781773554
29847,Riya Patel,19,Female,B-,9912182551
29848,Aman Kapoor,56,Male,A+,9829974567
29849,Riya Patel,29,Female,A-,9575226160
29850,Aman Mehta,20,Female,AB+,9427015033
29851,Arjun Verma,29,Female,B+,9176265726
29852,Rohan Kapoor,47,Male,B-,9910243622
29853,Aman Kapoor,53,Female,B+,9271346418
29854,Neha Singh,45,Male,A-,9587961637
29855,Rohan Kapoor,46,Male,AB+,9976032152
29856,Aman Reddy,22,Female,AB-,9987398400
29857,Riya Sharma,56,Female,A+,9422019694
29858,Divya Patel,55,Male,O+,9546461180
29859,Arjun Singh,59,Female,B-,9268745379
29860,Vikram Patel,19,Male,A-,9919651120
29861,Aditya Singh,34,Female,AB-,9909346882
29862,Arjun Reddy,20,Female,AB-,9982442067
29863,Sahil Sharma,36,Female,O-,9362051747
29864,Aman Reddy,19,Female,B+,9139622878
29865,Arjun Gupta,36,Male,AB-,9970266539
29866,Arjun Mehta,22,Male,O-,9124103418
29867,Sneha Singh,51,Female,O-,9588696689
29868,Aditya Verma,48,Male,O-,9865436507
29869,Pooja Verma,23,Male,AB-,9895164845
29870,Aman Kapoor,56,Male,B+,9475422539
29871,Priya Sharma,47,Male,A-,9160204381
29872,Priya Gupta,31,Male,B+,9964771814
29873,Sneha Kapoor,18,Male,AB+,9301253650
29874,Vikram Verma,38,Male,B+,9627365547
29875,Arjun Patel,18,Female,B+,9435008305
29876,Pooja Gupta,19,Male,A-,9453652356
29877,Karan Singh,59,Male,A-,9647077454
29878,Priya Gupta,33,Female,O+,9237835801
29879,Rahul Singh,40,Male,B-,9144076320
29880,Priya Patel,31,Female,O-,9312488064
29881,Anjali Mehta,57,Female,O-,9557634961
29882,Riya Singh,40,Male,O+,9234991089
29883,Sneha Singh,18,Male,B+,9110031777
29884,Riya Gupta,57,Male,B-,9566000126
29885,Vikram Reddy,29,Male,AB-,9164110385
29886,Divya Patel,38,Female,A+,9383894586
29887,Pooja Patel,35,Male,O-,9891673171
29888,Riya Sharma,44,Female,O+,9783095199
29889,Aditya Singh,55,Female,O+,9359426630
29890,Arjun Singh,29,Female,AB-,9194310961
29891,Kavya Gupta,25,Female,AB+,9115299636
29892,Aditya Singh,18,Male,A-,9665587206
29893,Sahil Sharma,27,Male,B+,9652242402
29894,Pooja Patel,23,Female,B-,9935070467
29895,Divya Kapoor,57,Female,B+,9310115127
29896,Rahul Kapoor,46,Male,O+,9965734770
29897,Karan Patel,23,Male,AB-,9487912973
29898,Sneha Reddy,22,Female,O+,9553243370
29899,Rahul Kapoor,48,Female,A+,9128832299
29900,Sahil Gupta,34,Male,A-,9650476353
29901,Kavya Kapoor,19,Female,A-,9693718850
29902,Priya Mehta,24,Male,B-,9351254008
29903,Priya Gupta,60,Female,AB+,9318383025
29904,Pooja Kapoor,54,Female,O-,9498779656
29905,Karan Mehta,36,Female,AB+,9972733202
29906,Priya Patel,33,Female,AB+,9196613785
29907,Vikram Singh,40,Female,O+,9238350301
29908,Pooja Patel,24,Male,AB+,9218296019
29909,Kavya Reddy,46,Female,B+,9358753480
29910,Rohan Mehta,52,Female,AB-,9233976925
29911,Vikram Patel,53,Female,O+,9274848118
29912,Divya Gupta,18,Female,B-,9858596346
29913,Anjali Mehta,59,Male,A+,9294485766
29914,Sneha Reddy,31,Female,A+,9760619925
29915,Karan Reddy,30,Male,AB+,9244940938
29916,Arjun Verma,34,Female,B+,9945828760
29917,Riya Singh,58,Female,A-,9546235231
29918,Rahul Singh,44,Female,B-,9419067431
29919,Kavya Sharma,53,Female,O-,9316097869
29920,Rahul Singh,37,Female,A+,9907026304
29921,Sneha Singh,56,Female,B+,9129885716
29922,Rohan Mehta,45,Female,A+,9288606272
29923,Sahil Kapoor,22,Male,O+,9387887461
29924,Rohan Verma,30,Female,B-,9962858676
29925,Karan Verma,39,Female,O-,9451089086
29926,Rohan Singh,59,Female,A-,9259077764
29927,Anjali Sharma,58,Female,O-,9901945882
29928,Aman Gupta,53,Male,A+,9894296362
29929,Aditya Kapoor,25,Female,O+,9628514650
29930,Karan Reddy,59,Male,A-,9251662512
29931,Neha Gupta,33,Male,O+,9259343626
29932,Riya Gupta,52,Male,AB-,9176139720
29933,Neha Sharma,57,Male,B-,9734103262
29934,Aditya Verma,29,Male,O+,9906680058
29935,Kavya Patel,54,Female,O-,9426976531
29936,Sahil Kapoor,41,Male,O-,9836041947
29937,Aditya Reddy,58,Male,A-,9581366188
29938,Aditya Mehta,58,Female,O+,9586190825
29939,Riya Reddy,38,Male,A+,9631578680
29940,Rahul Kapoor,59,Male,AB+,9358176014
29941,Aman Singh,19,Male,O+,9485073129
29942,Neha Patel,26,Male,A+,9816575773
29943,Rohan Kapoor,45,Male,B+,9859404567
29944,Priya Sharma,38,Male,A-,9927595817
29945,Aditya Patel,21,Female,AB+,9846133954
29946,Neha Sharma,24,Male,A-,9385477194
29947,Pooja Verma,42,Female,B-,9451475887
29948,Arjun Mehta,50,Female,O-,9974925119
29949,Rahul Patel,32,Male,B+,9422608016
29950,Vikram Kapoor,52,Female,A-,9468901330
29951,Karan Reddy,32,Female,O+,9693616902
29952,Neha Verma,21,Male,B-,9748550144
29953,Priya Patel,47,Female,B-,9889805042
29954,Anjali Gupta,56,Male,O-,9928989112
29955,Rahul Singh,39,Female,A-,9246175902
29956,Vikram Sharma,39,Female,B-,9973702976
29957,Aman Reddy,47,Male,A+,9542386496
29958,Sneha Singh,54,Female,O+,9362349599
29959,Priya Kapoor,54,Female,A-,9709349925
29960,Pooja Kapoor,40,Male,O+,9877663817
29961,Aman Singh,58,Male,AB-,9463092641
29962,Pooja Verma,28,Male,A-,9537617995
29963,Riya Kapoor,44,Male,AB+,9247313897
29964,Vikram Patel,42,Female,B+,9276292274
29965,Sneha Singh,32,Female,A-,9135495737
29966,Riya Singh,55,Female,O-,9304663168
29967,Neha Reddy,57,Female,A-,9328644015
29968,Rohan Gupta,50,Female,AB+,9603995886
29969,Divya Verma,32,Female,A-,9351209439
29970,Neha Reddy,26,Female,AB-,9350855833
29971,Kavya Reddy,30,Male,A+,9281778123
29972,Anjali Sharma,42,Female,O+,9484117446
29973,Priya Sharma,35,Female,B-,9857067934
29974,Pooja Singh,21,Female,O+,9640695213
29975,Aman Kapoor,34,Female,AB+,9570200910
29976,Riya Kapoor,22,Female,B-,9484953056
29977,Pooja Kapoor,46,Female,AB-,9460657507
29978,Divya Gupta,48,Female,B-,9299879570
29979,Anjali Reddy,38,Female,O+,9858823302
29980,Karan Verma,36,Male,B-,9375526605
29981,Riya Gupta,51,Male,A-,9434203357
29982,Sneha Singh,57,Female,B-,9437384825
29983,Rohan Kapoor,25,Male,A+,9548793239
29984,Arjun Patel,27,Male,B+,9827524251
29985,Rahul Kapoor,60,Female,A+,9835321793
29986,Riya Patel,22,Female,O+,9666054673
29987,Kavya Sharma,53,Male,B-,9682564297
29988,Pooja Reddy,49,Male,A-,9345287306
29989,Aman Reddy,49,Male,AB+,9962718272
29990,Karan Reddy,18,Female,B+,9740915408
29991,Arjun Kapoor,33,Male,B-,9231513111
29992,Riya Reddy,42,Female,A+,9243256946
29993,Vikram Kapoor,42,Female,AB+,9181949875
29994,Priya Verma,54,Female,A+,9502677907
29995,Riya Sharma,43,Male,AB-,9961419255
29996,Arjun Singh,58,Male,A-,9239252846
29997,Rohan Verma,35,Female,O+,9959864688
29998,Pooja Gupta,25,Male,B-,9855289490
29999,Neha Sharma,27,Male,A-,9484306697
30000,Karan Reddy,52,Male,B-,9693880682
30001,Anjali Singh,20,Female,AB-,9936432156
30002,Riya Mehta,40,Female,O+,9826941892
30003,Aditya Gupta,21,Female,B-,9578488114
30004,Anjali Sharma,48,Female,A+,9343766893
30005,Aman Verma,31,Male,A+,9442576244
30006,Sahil Singh,26,Female,B-,9193052885
30007,Sahil Singh,37,Female,B-,9214687292
30008,Kavya Mehta,22,Male,B-,9452381980
30009,Rohan Gupta,25,Female,AB-,9639259227
30010,Sneha Singh,53,Female,B+,9848376722
30011,Vikram Gupta,24,Female,B+,9350356320
30012,Rahul Gupta,26,Female,A+,9667438839
30013,Neha Gupta,48,Female,B-,9414183603
30014,Divya Verma,56,Female,O-,9691879725
30015,Rohan Gupta,34,Male,B+,9864390620
30016,Aman Mehta,55,Female,A-,9675198037
30017,Aditya Mehta,49,Male,AB-,9917444172
30018,Arjun Mehta,34,Female,A+,9127962003
30019,Sneha Kapoor,30,Male,A-,9745601743
30020,Pooja Sharma,28,Male,AB-,9350904699
30021,Priya Patel,42,Male,O+,9516702136
30022,Priya Gupta,40,Female,B+,9867376072
30023,Pooja Gupta,29,Male,AB-,9521630307
30024,Sneha Patel,40,Male,AB+,9226992488
30025,Arjun Sharma,18,Female,B+,9303936316
30026,Riya Patel,55,Female,A-,9905922621
30027,Anjali Reddy,29,Female,O-,9176057083
30028,Aditya Verma,19,Female,AB-,9172438758
30029,Sahil Mehta,18,Female,AB+,9683139203
30030,Rahul Patel,45,Male,B+,9653109651
30031,Karan Singh,22,Male,O-,9494560062
30032,Karan Patel,19,Male,A+,9500899814
30033,Karan Gupta,28,Male,AB+,9697005241
30034,Karan Patel,56,Male,O+,9330639930
30035,Aditya Sharma,19,Male,A+,9608849822
30036,Arjun Patel,20,Female,A+,9210422643
30037,Anjali Patel,40,Female,A-,9863518379
30038,Pooja Reddy,19,Female,A+,9196732457
30039,Sneha Patel,32,Male,B+,9305957955
30040,Aman Singh,23,Male,A-,9439438921
30041,Vikram Sharma,35,Male,A-,9740099723
30042,Pooja Sharma,52,Female,O-,9386468465
30043,Kavya Singh,27,Female,A-,9550688962
30044,Riya Verma,33,Female,A-,9433677455
30045,Aditya Mehta,43,Male,AB-,9705591756
30046,Rohan Kapoor,45,Male,B-,9242613796
30047,Anjali Kapoor,41,Female,AB+,9340651512
30048,Riya Gupta,56,Male,A+,9647856321
30049,Kavya Verma,56,Male,AB-,9372257497
30050,Sneha Singh,59,Male,B+,9223142719
30051,Rohan Kapoor,32,Female,A+,9159899555
30052,Pooja Sharma,49,Male,A+,9905824575
30053,Rahul Patel,19,Female,A-,9678972897
30054,Rahul Reddy,18,Female,A+,9135303111
30055,Priya Patel,47,Male,AB-,9925573681
30056,Arjun Mehta,22,Male,B+,9157383489
30057,Aditya Reddy,20,Female,O-,9919088577
30058,Rahul Sharma,19,Male,A+,9952120127
30059,Arjun Patel,41,Male,AB-,9255194333
30060,Aman Sharma,44,Female,O+,9744103884
30061,Rahul Patel,34,Male,B+,9286057679
30062,Kavya Sharma,37,Male,A-,9432465446
30063,Divya Kapoor,37,Female,AB+,9267176823
30064,Kavya Mehta,21,Female,B-,9394850824
30065,Anjali Gupta,43,Male,B-,9444433039
30066,Neha Gupta,57,Male,O+,9683230256
30067,Sahil Sharma,28,Male,A+,9712979346
30068,Sahil Patel,47,Male,B+,9537760020
30069,Sneha Reddy,20,Male,B-,9760856427
30070,Sahil Verma,31,Male,AB+,9112574645
30071,Rahul Kapoor,29,Female,B-,9122003228
30072,Pooja Singh,35,Male,AB-,9764028523
30073,Rohan Sharma,33,Male,A+,9411475366
30074,Neha Verma,31,Female,O+,9975571683
30075,Kavya Singh,22,Female,AB+,9614530512
30076,Vikram Gupta,51,Male,O-,9469297141
30077,Neha Kapoor,36,Female,O+,9901049534
30078,Neha Kapoor,20,Female,B-,9471142908
30079,Sneha Patel,21,Male,AB-,9840233239
30080,Rohan Patel,47,Male,A-,9602143930
30081,Kavya Patel,57,Female,O-,9543073886
30082,Vikram Singh,59,Female,B-,9612929489
30083,Rohan Reddy,30,Male,B-,9212821428
30084,Aman Kapoor,30,Male,AB+,9974018338
30085,Anjali Patel,29,Male,B-,9833564828
30086,Aditya Verma,55,Male,B+,9699385510
30087,Rahul Singh,30,Female,O+,9749969158
30088,Rahul Sharma,53,Male,O-,9786629808
30089,Aman Singh,60,Female,B+,9870580987
30090,Divya Gupta,28,Male,O+,9196792911
30091,Vikram Verma,48,Female,O+,9652828420
30092,Rahul Gupta,31,Male,B-,9428774437
30093,Sahil Sharma,37,Male,A-,9317527041
30094,Sahil Mehta,35,Male,O+,9410917745
30095,Pooja Sharma,37,Female,B-,9985713945
30096,Pooja Kapoor,43,Male,O-,9520093635
30097,Aman Sharma,19,Female,B-,9614255643
30098,Neha Reddy,49,Female,O-,9163713684
30099,Karan Kapoor,23,Male,A-,9194126953
30100,Rahul Patel,55,Male,B-,9703131438
30101,Aman Gupta,19,Male,O+,9765185918
30102,Rahul Mehta,40,Female,AB-,9458284858
30103,Pooja Gupta,31,Male,AB+,9163741398
30104,Neha Mehta,21,Female,A+,9371591979
30105,Sneha Verma,50,Male,AB+,9713843731
30106,Riya Singh,22,Male,O+,9739417866
30107,Arjun Singh,48,Female,O-,9206758660
30108,Vikram Patel,54,Male,B+,9766350710
30109,Sahil Kapoor,26,Female,A-,9617337065
30110,Neha Reddy,51,Female,A+,9328683301
30111,Karan Gupta,29,Male,AB+,9397982155
30112,Karan Patel,40,Male,B-,9420065051
30113,Sahil Gupta,26,Male,B-,9624507236
30114,Arjun Patel,38,Female,AB+,9971888900
30115,Vikram Patel,56,Male,AB+,9427795974
30116,Riya Singh,45,Male,A-,9238234745
30117,Pooja Mehta,57,Female,A+,9433788260
30118,Vikram Gupta,27,Female,AB-,9521193967
30119,Anjali Mehta,56,Female,O+,9737097287
30120,Priya Verma,41,Female,B+,9143407971
30121,Anjali Kapoor,35,Female,AB-,9771178199
30122,Rohan Verma,30,Female,B-,9938362242
30123,Riya Gupta,35,Male,B+,9976359926
30124,Rohan Singh,32,Female,AB-,9720442399
30125,Aditya Reddy,26,Male,O+,9421185325
30126,Rahul Singh,34,Female,A+,9397828480
30127,Vikram Patel,41,Male,O-,9112976668
30128,Vikram Patel,36,Female,AB+,9781345218
30129,Anjali Singh,52,Male,O+,9792025160
30130,Neha Singh,28,Male,AB+,9216602295
30131,Riya Singh,25,Female,AB+,9471143356
30132,Kavya Sharma,39,Male,A-,9125372586
30133,Pooja Patel,38,Female,A-,9529493951
30134,Karan Singh,33,Female,B-,9487699477
30135,Anjali Patel,33,Female,B+,9649610025
30136,Sahil Gupta,41,Male,O+,9966427368
30137,Riya Singh,41,Female,A+,9515257349
30138,Riya Gupta,29,Female,B+,9838472246
30139,Priya Patel,50,Male,AB+,9388031279
30140,Karan Sharma,27,Male,AB-,9770802976
30141,Sahil Patel,26,Female,B-,9640445065
30142,Aman Patel,60,Female,A+,9675210082
30143,Aditya Singh,55,Male,A+,9647292713
30144,Aman Patel,58,Male,A-,9817257825
30145,Rahul Patel,56,Female,AB+,9638275109
30146,Sneha Sharma,26,Male,O+,9801670032
30147,Divya Singh,27,Male,AB-,9313619759
30148,Arjun Kapoor,59,Male,B-,9963223048
30149,Priya Mehta,46,Female,A-,9675527942
30150,Sahil Sharma,28,Male,O-,9961049415
30151,Sahil Singh,33,Female,B-,9867172607
30152,Neha Verma,54,Male,AB-,9802426161
30153,Pooja Singh,60,Female,B+,9149020581
30154,Priya Sharma,38,Female,AB+,9295356854
30155,Priya Mehta,48,Female,AB-,9803078964
30156,Rahul Reddy,47,Female,A+,9877442021
30157,Sahil Sharma,47,Male,O-,9762547730
30158,Sahil Mehta,41,Female,AB+,9102676828
30159,Priya Verma,35,Female,B+,9183118376
30160,Divya Singh,24,Male,A+,9704345012
30161,Anjali Mehta,47,Male,A-,9707587703
30162,Neha Mehta,60,Female,B+,9552507037
30163,Aditya Sharma,55,Female,A+,9425962348
30164,Vikram Patel,23,Male,O+,9535212542
30165,Pooja Patel,21,Female,O-,9577138427
30166,Anjali Gupta,24,Female,AB+,9160929279
30167,Aditya Patel,56,Female,O-,9719590744
30168,Aditya Verma,30,Male,A-,9838929376
30169,Anjali Singh,51,Female,A+,9450862781
30170,Neha Mehta,47,Male,A-,9510467850
30171,Arjun Gupta,38,Male,AB-,9147143504
30172,Priya Sharma,25,Male,AB-,9419915326
30173,Anjali Mehta,50,Male,A-,9556842529
30174,Anjali Sharma,28,Female,B+,9289887148
30175,Karan Reddy,58,Female,A+,9703787123
30176,Anjali Verma,24,Male,O-,9103620991
30177,Vikram Reddy,34,Female,O-,9338448345
30178,Sneha Mehta,41,Female,O+,9890034506
30179,Rohan Gupta,23,Male,O-,9659118730
30180,Aditya Reddy,58,Male,AB+,9907457375
30181,Karan Sharma,23,Female,A-,9262050886
30182,Aditya Gupta,33,Male,B-,9294998055
30183,Aman Mehta,23,Male,O-,9810454338
30184,Riya Singh,60,Male,A-,9630863744
30185,Anjali Kapoor,50,Male,B-,9628557520
30186,Divya Kapoor,44,Male,B+,9713314211
30187,Aditya Reddy,44,Male,B+,9486318712
30188,Aditya Verma,60,Female,O-,9847244934
30189,Priya Singh,21,Male,O+,9518943248
30190,Neha Sharma,35,Male,O-,9127890032
30191,Arjun Singh,36,Male,A+,9872951281
30192,Anjali Reddy,55,Female,AB-,9308861562
30193,Neha Reddy,28,Male,O+,9277360902
30194,Kavya Singh,33,Male,O+,9565866736
30195,Pooja Reddy,30,Female,B-,9362276830
30196,Sneha Sharma,42,Male,A+,9865871346
30197,Kavya Patel,30,Female,AB+,9949240750
30198,Sneha Kapoor,39,Female,A-,9313551572
30199,Vikram Sharma,35,Male,A-,9305336291
30200,Rahul Kapoor,39,Female,A+,9150648675
30201,Sahil Kapoor,29,Male,AB+,9734554261
30202,Sneha Verma,38,Male,AB+,9425389425
30203,Vikram Kapoor,21,Female,AB+,9504597461
30204,Divya Gupta,47,Male,B+,9704774546
30205,Riya Gupta,31,Female,A-,9964396324
30206,Kavya Verma,28,Female,AB+,9986389978
30207,Riya Singh,29,Male,A-,9277383178
30208,Riya Reddy,56,Female,O+,9553153131
30209,Rohan Patel,52,Female,B-,9111113183
30210,Kavya Patel,38,Female,O+,9465083764
30211,Sahil Gupta,59,Female,AB-,9828127145
30212,Arjun Kapoor,53,Female,AB+,9890402929
30213,Neha Patel,56,Female,O-,9365302887
30214,Aditya Patel,45,Female,A+,9180869729
30215,Sahil Sharma,31,Female,O+,9262853754
30216,Sahil Reddy,33,Male,AB+,9453741125
30217,Sneha Reddy,57,Male,AB-,9316950508
30218,Kavya Verma,50,Female,AB-,9186121997
30219,Neha Singh,39,Female,B-,9485997444
30220,Sneha Sharma,38,Female,B-,9661295756
30221,Riya Mehta,29,Female,AB-,9176054612
30222,Aditya Sharma,33,Male,O-,9825405405
30223,Sahil Singh,58,Female,A-,9735227587
30224,Karan Kapoor,43,Male,A-,9736449892
30225,Rohan Gupta,33,Male,A+,9760534343
30226,Kavya Kapoor,35,Female,B-,9432423554
30227,Vikram Patel,39,Male,O-,9663555560
30228,Riya Kapoor,44,Female,AB+,9711955687
30229,Pooja Sharma,22,Male,AB+,9636918743
30230,Rohan Gupta,47,Female,B-,9438605006
30231,Karan Reddy,53,Male,B+,9547639352
30232,Riya Sharma,57,Female,O+,9624775374
30233,Karan Mehta,28,Male,AB-,9940375301
30234,Priya Mehta,54,Female,B-,9838644203
30235,Neha Kapoor,29,Female,B-,9221992871
30236,Rohan Mehta,32,Female,AB-,9880297143
30237,Riya Sharma,58,Male,A+,9616759055
30238,Karan Singh,46,Male,B+,9477804399
30239,Sahil Reddy,27,Female,O+,9651051251
30240,Aman Mehta,30,Male,A-,9668886300
30241,Neha Singh,49,Female,AB-,9480142355
30242,Karan Verma,45,Female,A-,9321144139
30243,Sneha Verma,58,Female,AB+,9442289012
30244,Aditya Verma,25,Female,AB+,9718409227
30245,Sneha Verma,53,Female,AB-,9168605140
30246,Vikram Verma,44,Male,B-,9341300243
30247,Divya Kapoor,55,Male,AB+,9655030115
30248,Kavya Singh,23,Male,A-,9812453150
30249,Divya Verma,55,Male,B-,9996801687
30250,Priya Kapoor,23,Male,B+,9286115209
30251,Arjun Reddy,52,Female,AB+,9395602560
30252,Riya Reddy,57,Male,O-,9255305522
30253,Aditya Mehta,48,Female,B+,9517074797
30254,Anjali Reddy,38,Male,B-,9310725902
30255,Kavya Kapoor,32,Female,A+,9403764252
30256,Rohan Gupta,52,Female,B-,9160028034
30257,Neha Reddy,20,Female,AB+,9609197523
30258,Anjali Mehta,49,Female,O-,9358014209
30259,Priya Reddy,51,Female,AB-,9813720454
30260,Arjun Patel,51,Male,A-,9747126721
30261,Aditya Mehta,22,Female,O-,9767642550
30262,Vikram Gupta,40,Female,A-,9534719138
30263,Sahil Mehta,47,Female,AB-,9480070964
30264,Aman Sharma,40,Female,B+,9886652400
30265,Aditya Verma,19,Male,B+,9899740390
30266,Priya Kapoor,31,Female,A+,9630252829
30267,Rohan Verma,46,Female,O+,9766798435
30268,Kavya Kapoor,27,Male,AB+,9186314124
30269,Karan Mehta,53,Female,B+,9354194038
30270,Sneha Gupta,28,Male,AB-,9972065673
30271,Riya Gupta,54,Male,B-,9173548184
30272,Rahul Mehta,58,Male,O-,9346554413
30273,Sneha Verma,43,Female,A-,9476402732
30274,Divya Verma,30,Male,A+,9924900892
30275,Kavya Reddy,59,Male,O+,9831247039
30276,Priya Gupta,37,Female,AB-,9355828460
30277,Priya Mehta,27,Female,O-,9594303029
30278,Sahil Mehta,39,Male,AB+,9187342371
30279,Sneha Singh,58,Female,O+,9702739571
30280,Karan Verma,36,Female,O-,9841051740
30281,Riya Singh,19,Female,A-,9118828970
30282,Vikram Mehta,58,Female,O+,9912972712
30283,Kavya Patel,30,Female,AB+,9665835857
30284,Rohan Patel,37,Male,A-,9515472774
30285,Vikram Gupta,35,Female,B+,9545365391
30286,Anjali Mehta,22,Female,O-,9510203009
30287,Sahil Reddy,39,Male,B+,9337146474
30288,Sahil Singh,55,Male,B+,9735520582
30289,Priya Sharma,49,Male,A+,9844452135
30290,Karan Kapoor,49,Female,AB-,9371289643
30291,Aman Singh,58,Female,O+,9411541366
30292,Arjun Mehta,25,Female,O+,9570183485
30293,Arjun Reddy,41,Male,AB+,9693469675
30294,Sahil Sharma,54,Male,O-,9423428165
30295,Rahul Sharma,56,Male,A+,9286460845
30296,Sneha Mehta,24,Female,O+,9464886932
30297,Karan Mehta,32,Male,A-,9132786817
30298,Rahul Patel,41,Female,B-,9312841456
30299,Priya Verma,25,Female,O+,9239548570
30300,Divya Sharma,50,Female,B+,9935052110
30301,Karan Gupta,49,Male,AB-,9600258586
30302,Pooja Sharma,49,Female,B-,9318495273
30303,Vikram Gupta,24,Male,AB-,9101076658
30304,Sahil Sharma,18,Male,O-,9357789392
30305,Anjali Sharma,44,Male,O-,9500803312
30306,Aditya Reddy,48,Female,O+,9300432948
30307,Sneha Mehta,37,Male,AB+,9278836592
30308,Sahil Gupta,59,Female,AB+,9806475329
30309,Divya Verma,55,Male,AB-,9834885358
30310,Pooja Verma,40,Female,O-,9926394163
30311,Neha Verma,36,Male,O+,9104597840
30312,Divya Gupta,38,Female,A-,9624366890
30313,Priya Kapoor,25,Male,O-,9299097827
30314,Sneha Sharma,53,Female,AB-,9328220619
30315,Vikram Singh,55,Male,AB-,9898797455
30316,Anjali Verma,36,Female,B+,9779074548
30317,Rohan Singh,54,Male,A+,9151630112
30318,Vikram Gupta,42,Male,AB-,9528304110
30319,Priya Gupta,35,Male,B-,9466533309
30320,Priya Gupta,28,Female,A+,9493711785
30321,Aditya Kapoor,34,Female,AB-,9403520021
30322,Aditya Mehta,54,Male,B+,9752844614
30323,Aman Kapoor,37,Male,B+,9238572103
30324,Neha Sharma,24,Male,A-,9779039679
30325,Vikram Reddy,18,Female,O+,9472373421
30326,Neha Singh,55,Male,B-,9260559136
30327,Vikram Gupta,58,Male,B-,9792367121
30328,Riya Verma,21,Male,A-,9434751570
30329,Sahil Verma,32,Male,A+,9468712496
30330,Anjali Verma,24,Female,B-,9735232375
30331,Aditya Singh,58,Male,A-,9602049024
30332,Rohan Reddy,22,Male,A-,9501702916
30333,Sneha Patel,22,Female,B+,9130249261
30334,Priya Mehta,29,Male,A-,9734119064
30335,Neha Verma,21,Female,AB-,9863171246
30336,Kavya Sharma,60,Female,O-,9917928251
30337,Kavya Mehta,44,Male,A+,9404449239
30338,Karan Sharma,50,Female,O+,9207755186
30339,Priya Kapoor,20,Female,A+,9842038011
30340,Divya Mehta,50,Female,AB+,9734384655
30341,Sneha Kapoor,21,Female,A-,9381000022
30342,Aman Verma,52,Female,B+,9135578158
30343,Sahil Gupta,35,Female,O-,9105170084
30344,Priya Reddy,26,Female,A+,9793646323
30345,Arjun Singh,18,Male,A-,9338645656
30346,Aman Kapoor,48,Male,AB+,9925182422
30347,Priya Singh,49,Female,O+,9185582627
30348,Anjali Singh,29,Male,B+,9873567010
30349,Riya Patel,36,Male,A+,9650782075
30350,Priya Patel,55,Male,A-,9585147889
30351,Kavya Singh,44,Male,AB-,9928365184
30352,Rahul Kapoor,39,Female,B+,9370582404
30353,Pooja Patel,53,Female,AB-,9863642676
30354,Pooja Kapoor,18,Female,O+,9261760256
30355,Aditya Singh,60,Female,B-,9442002395
30356,Neha Reddy,29,Female,AB+,9609060594
30357,Anjali Sharma,36,Male,A+,9224157020
30358,Rohan Kapoor,42,Male,AB+,9264313657
30359,Karan Mehta,59,Male,AB-,9601802067
30360,Kavya Kapoor,33,Male,AB+,9639944617
30361,Kavya Reddy,37,Male,O+,9451830744
30362,Aman Singh,57,Male,A-,9904862508
30363,Rohan Patel,53,Male,O+,9859524317
30364,Pooja Verma,38,Female,A-,9668252932
30365,Aman Patel,29,Female,B-,9515095366
30366,Sneha Kapoor,26,Female,A+,9208490334
30367,Anjali Gupta,38,Female,B-,9470195539
30368,Divya Singh,46,Male,B-,9251202975
30369,Aditya Mehta,44,Female,B-,9693167637
30370,Rahul Verma,30,Female,O+,9259761299
30371,Divya Gupta,52,Female,B-,9966331950
30372,Rahul Singh,57,Male,O+,9495117671
30373,Riya Gupta,25,Female,AB+,9869224153
30374,Rohan Mehta,56,Female,AB-,9849166369
30375,Pooja Mehta,45,Female,AB+,9496075104
30376,Arjun Kapoor,52,Male,A-,9307935240
30377,Anjali Sharma,48,Female,B+,9157102672
30378,Karan Mehta,28,Female,A-,9677226660
30379,Sahil Mehta,19,Female,AB+,9607840580
30380,Pooja Singh,29,Female,O+,9512309376
30381,Rohan Patel,24,Female,AB+,9407358987
30382,Karan Patel,31,Male,B-,9593323462
30383,Aman Gupta,22,Male,AB-,9351252284
30384,Sahil Gupta,41,Male,AB-,9473491356
30385,Priya Kapoor,44,Female,B-,9474600404
30386,Riya Mehta,36,Female,AB-,9793586491
30387,Rohan Kapoor,31,Female,AB+,9311849977
30388,Karan Mehta,35,Male,AB+,9781454594
30389,Aman Patel,32,Female,AB+,9716334041
30390,Pooja Mehta,23,Male,O-,9377133888
30391,Rohan Sharma,28,Female,B-,9426684146
30392,Rohan Reddy,20,Male,O+,9562834202
30393,Riya Gupta,57,Female,O-,9684598634
30394,Pooja Sharma,53,Male,B+,9589521997
30395,Vikram Reddy,35,Male,AB+,9152386283
30396,Priya Sharma,43,Female,O+,9301735254
30397,Aditya Patel,56,Male,A-,9220583631
30398,Divya Patel,44,Male,B-,9967202843
30399,Anjali Gupta,33,Female,O-,9869456216
30400,Divya Reddy,41,Male,A-,9381137492
30401,Vikram Reddy,41,Female,A+,9613413341
30402,Arjun Kapoor,49,Female,O-,9712513882
30403,Rohan Patel,25,Male,O+,9355043474
30404,Divya Gupta,28,Female,B+,9141845742
30405,Sahil Gupta,34,Male,A-,9165787672
30406,Kavya Gupta,29,Female,AB-,9918268609
30407,Aman Gupta,36,Female,AB+,9706494987
30408,Aman Sharma,36,Female,A+,9200205088
30409,Neha Gupta,23,Female,A+,9584740988
30410,Vikram Verma,54,Male,A+,9797762068
30411,Arjun Singh,57,Male,AB-,9664220516
30412,Kavya Gupta,34,Female,B+,9639164189
30413,Kavya Kapoor,25,Male,O+,9912895866
30414,Divya Gupta,49,Male,B+,9960240822
30415,Anjali Singh,22,Male,A+,9115939031
30416,Rahul Reddy,52,Female,B-,9251784388
30417,Divya Reddy,32,Female,AB+,9560230745
30418,Kavya Reddy,44,Male,A+,9259842800
30419,Arjun Verma,34,Female,B-,9737456460
30420,Priya Sharma,52,Male,AB+,9446959190
30421,Sahil Kapoor,43,Female,O+,9999831944
30422,Aman Sharma,25,Male,B+,9399618763
30423,Sahil Reddy,54,Male,O+,9207424142
30424,Karan Singh,55,Male,B-,9957085292
30425,Riya Kapoor,37,Female,A+,9555892346
30426,Sahil Gupta,21,Female,A+,9522179900
30427,Priya Kapoor,29,Female,O+,9109855642
30428,Priya Mehta,20,Female,B+,9930097181
30429,Rohan Singh,32,Male,B-,9993123118
30430,Arjun Kapoor,35,Male,A-,9912863891
30431,Pooja Sharma,51,Female,AB+,9369224829
30432,Neha Mehta,35,Female,AB-,9352673687
30433,Anjali Singh,59,Female,AB-,9623221831
30434,Rohan Sharma,46,Male,AB+,9959464318
30435,Aman Singh,19,Female,O+,9413028353
30436,Pooja Patel,22,Female,A-,9234867377
30437,Vikram Patel,26,Male,A-,9154060272
30438,Vikram Sharma,21,Female,A+,9923398535
30439,Priya Mehta,46,Male,O-,9489931354
30440,Pooja Patel,42,Female,O-,9355425521
30441,Kavya Gupta,35,Male,A+,9807995194
30442,Sneha Patel,49,Female,O-,9626941961
30443,Sneha Kapoor,49,Male,A-,9891438238
30444,Aman Singh,40,Female,O+,9680229209
30445,Riya Patel,42,Female,O-,9499110728
30446,Riya Kapoor,45,Female,O-,9154029665
30447,Priya Singh,36,Male,O-,9285296445
30448,Aditya Verma,35,Male,A+,9365244475
30449,Rohan Kapoor,59,Male,A+,9867824168
30450,Aditya Singh,18,Female,O-,9100414081
30451,Pooja Gupta,57,Male,B-,9258117992
30452,Pooja Singh,60,Male,O-,9955598962
30453,Neha Gupta,44,Male,AB-,9645398339
30454,Kavya Singh,24,Female,A+,9880158716
30455,Kavya Singh,31,Female,A-,9896877236
30456,Kavya Patel,41,Female,O-,9736721859
30457,Riya Sharma,56,Male,A-,9139107668
30458,Arjun Verma,49,Female,B-,9508015236
30459,Anjali Reddy,60,Female,A-,9239539113
30460,Arjun Verma,25,Female,A+,9576940815
30461,Riya Patel,52,Male,A+,9577131802
30462,Neha Mehta,25,Male,A-,9283262452
30463,Aman Patel,60,Male,O+,9302485593
30464,Vikram Patel,50,Male,A+,9204393324
30465,Kavya Sharma,40,Male,AB+,9135611641
30466,Karan Singh,21,Female,O+,9816354391
30467,Anjali Verma,38,Male,A+,9524985494
30468,Sahil Gupta,30,Female,AB-,9497357558
30469,Anjali Mehta,55,Female,AB-,9849426523
30470,Sahil Kapoor,40,Female,B-,9253923044
30471,Sahil Mehta,56,Male,B-,9691909789
30472,Riya Mehta,29,Male,AB+,9737557772
30473,Vikram Patel,54,Male,AB+,9562416396
30474,Sahil Patel,28,Female,A-,9100030323
30475,Neha Kapoor,22,Male,B+,9176167530
30476,Sahil Verma,35,Male,O-,9204160152
30477,Divya Kapoor,40,Female,A-,9144230853
30478,Rohan Mehta,41,Female,B-,9976913963
30479,Sahil Sharma,34,Male,AB-,9583953166
30480,Priya Gupta,56,Female,O+,9323893049
30481,Priya Gupta,34,Male,AB+,9909849580
30482,Aman Gupta,36,Female,AB+,9597743153
30483,Pooja Kapoor,50,Female,AB-,9627630083
30484,Vikram Mehta,27,Female,AB-,9358363710
30485,Rahul Patel,52,Female,A+,9456954361
30486,Rahul Sharma,20,Female,B-,9874365638
30487,Kavya Gupta,46,Female,O+,9228148854
30488,Priya Verma,36,Male,B+,9168121789
30489,Rohan Patel,22,Male,A+,9476758080
30490,Aditya Kapoor,37,Female,A-,9666849321
30491,Kavya Singh,20,Male,AB+,9825849485
30492,Rohan Patel,31,Female,AB+,9518599483
30493,Riya Patel,19,Female,B+,9943787872
30494,Rahul Patel,57,Female,B-,9161725693
30495,Aditya Gupta,51,Male,O-,9803776220
30496,Aman Gupta,49,Male,O+,9244070007
30497,Sahil Reddy,46,Female,A-,9426370020
30498,Sneha Kapoor,19,Male,AB+,9435118129
30499,Rohan Sharma,27,Male,O-,9114358850
30500,Divya Verma,47,Female,A+,9961502929
30501,Priya Gupta,19,Female,B-,9980644832
30502,Kavya Sharma,38,Male,B-,9512370518
30503,Priya Sharma,28,Male,AB-,9497016242
30504,Kavya Kapoor,29,Female,O+,9533668287
30505,Aditya Verma,53,Male,AB+,9780085242
30506,Pooja Gupta,23,Female,B-,9917303199
30507,Rahul Gupta,25,Male,O+,9604402265
30508,Arjun Reddy,57,Male,AB+,9582434473
30509,Pooja Reddy,33,Female,B-,9959961097
30510,Kavya Reddy,45,Male,AB+,9215876580
30511,Anjali Gupta,27,Male,B-,9444216737
30512,Priya Patel,56,Male,B-,9966117602
30513,Rohan Sharma,53,Female,A-,9638263491
30514,Kavya Mehta,42,Male,A-,9183292714
30515,Rahul Gupta,48,Female,A+,9761159504
30516,Arjun Mehta,21,Female,A-,9448048372
30517,Kavya Sharma,18,Female,A-,9245254660
30518,Rahul Reddy,36,Male,AB-,9462694971
30519,Aman Reddy,28,Female,A+,9536470471
30520,Riya Reddy,34,Male,O-,9130475147
30521,Aman Verma,53,Male,O+,9365878725
30522,Rahul Patel,51,Male,B-,9383067301
30523,Priya Kapoor,47,Female,B-,9926473816
30524,Sahil Verma,20,Female,AB-,9668901871
30525,Karan Sharma,27,Male,AB+,9987183930
30526,Aman Kapoor,47,Male,B+,9979510155
30527,Riya Singh,59,Female,AB-,9144569991
30528,Riya Sharma,51,Male,O-,9299262797
30529,Rahul Kapoor,35,Male,A+,9559949169
30530,Priya Sharma,23,Male,AB-,9674610272
30531,Aditya Singh,31,Male,AB+,9843617703
30532,Riya Gupta,33,Male,A+,9610462999
30533,Anjali Singh,23,Female,B-,9596354365
30534,Neha Mehta,30,Male,AB-,9292361806
30535,Pooja Patel,18,Female,O-,9849360896
30536,Aman Mehta,37,Female,A-,9258577266
30537,Rohan Verma,18,Male,AB+,9611729110
30538,Anjali Sharma,60,Male,B+,9161975634
30539,Aditya Kapoor,48,Male,B+,9993013421
30540,Rohan Kapoor,47,Male,O-,9957035409
30541,Riya Kapoor,51,Male,B-,9345998635
30542,Sahil Kapoor,55,Female,B+,9725025429
30543,Aman Sharma,44,Male,AB+,9372650947
30544,Vikram Mehta,56,Female,O+,9374868050
30545,Priya Mehta,29,Female,AB+,9889009952
30546,Rohan Sharma,24,Female,AB+,9118029376
30547,Riya Kapoor,32,Female,O-,9208677594
30548,Rahul Verma,21,Female,A-,9967286328
30549,Neha Singh,25,Female,O-,9264744086
30550,Pooja Kapoor,54,Male,O-,9978549667
30551,Divya Sharma,49,Male,O-,9503262028
30552,Sahil Mehta,23,Female,A+,9596181519
30553,Arjun Patel,25,Male,AB+,9467362621
30554,Karan Gupta,25,Male,O+,9499073876
30555,Pooja Gupta,32,Female,O+,9605197962
30556,Kavya Reddy,18,Male,O+,9209783360
30557,Aditya Sharma,55,Male,B-,9744210297
30558,Rohan Mehta,24,Female,A+,9850063346
30559,Neha Mehta,18,Female,B+,9300663642
30560,Aditya Mehta,60,Female,AB+,9972671722
30561,Riya Reddy,34,Male,AB-,9895895261
30562,Pooja Sharma,30,Male,AB+,9813574175
30563,Sneha Patel,32,Female,AB+,9605505967
30564,Rohan Mehta,34,Male,B+,9874716584
30565,Riya Sharma,29,Female,A-,9579841155
30566,Aditya Gupta,28,Female,O+,9430801531
30567,Priya Kapoor,35,Female,O+,9451062335
30568,Aman Mehta,24,Female,A+,9565248646
30569,Neha Sharma,57,Male,AB-,9165088095
30570,Vikram Gupta,57,Male,A+,9796418450
30571,Sahil Reddy,38,Male,O-,9803881925
30572,Rahul Reddy,21,Male,O+,9415421944
30573,Sahil Mehta,25,Female,A-,9810035992
30574,Anjali Gupta,36,Female,O+,9964011949
30575,Rahul Singh,52,Male,AB+,9614027512
30576,Neha Gupta,20,Male,B-,9971592026
30577,Arjun Kapoor,57,Male,B+,9225183845
30578,Priya Sharma,53,Male,AB+,9907083046
30579,Arjun Singh,47,Male,O+,9268674991
30580,Vikram Mehta,26,Female,B+,9377768485
30581,Rahul Gupta,48,Female,B+,9714911473
30582,Aman Gupta,50,Female,AB-,9364284667
30583,Arjun Singh,29,Female,O-,9122968666
30584,Rohan Verma,57,Male,AB-,9988502132
30585,Aman Reddy,43,Female,O-,9614594120
30586,Karan Gupta,36,Female,A-,9382592789
30587,Pooja Gupta,29,Female,A-,9612577730
30588,Rohan Singh,22,Female,O+,9217915714
30589,Kavya Verma,41,Male,A-,9126944130
30590,Rohan Patel,26,Male,B+,9410779383
30591,Aman Sharma,54,Male,O+,9304504854
30592,Anjali Verma,19,Male,B+,9633449049
30593,Arjun Reddy,32,Female,O-,9573928711
30594,Sneha Reddy,36,Male,AB-,9821432354
30595,Aditya Verma,40,Female,O+,9545463177
30596,Divya Patel,54,Female,B+,9163183964
30597,Kavya Sharma,21,Female,B-,9696039073
30598,Rahul Mehta,41,Male,AB-,9603324631
30599,Vikram Singh,56,Female,AB-,9350824972
30600,Rahul Sharma,44,Female,O-,9227009585
30601,Aman Patel,50,Male,B+,9282634427
30602,Aman Patel,38,Female,O-,9450703128
30603,Pooja Reddy,30,Female,A+,9671047948
30604,Vikram Patel,22,Male,AB-,9609424165
30605,Sneha Sharma,39,Female,A+,9179139089
30606,Aman Sharma,44,Male,A+,9438092480
30607,Aman Gupta,32,Female,B+,9325134438
30608,Sneha Reddy,29,Female,O+,9223166051
30609,Aman Reddy,23,Female,A+,9821808758
30610,Aditya Singh,19,Male,O-,9974730330
30611,Sneha Mehta,36,Female,O-,9446538666
30612,Priya Patel,31,Male,B+,9505906063
30613,Divya Sharma,37,Male,A+,9448480324
30614,Sneha Verma,49,Female,O-,9195797239
30615,Sneha Sharma,49,Male,O+,9429578691
30616,Vikram Singh,41,Female,O-,9549143749
30617,Rohan Mehta,46,Male,AB+,9890350652
30618,Rahul Reddy,18,Male,A-,9770280720
30619,Neha Sharma,59,Male,O+,9907479405
30620,Anjali Gupta,45,Male,AB-,9748109797
30621,Rohan Sharma,39,Male,B-,9190068278
30622,Arjun Sharma,56,Female,O-,9770912086
30623,Riya Sharma,48,Female,AB-,9288893067
30624,Riya Verma,60,Female,B+,9776687238
30625,Rahul Sharma,39,Female,B-,9388918500
30626,Arjun Singh,29,Female,O-,9611983337
30627,Anjali Patel,49,Female,B+,9695657010
30628,Rohan Singh,49,Female,A-,9173775157
30629,Sahil Mehta,52,Male,O-,9924025654
30630,Neha Sharma,51,Female,O-,9986725299
30631,Pooja Mehta,40,Male,B+,9534698156
30632,Aman Kapoor,58,Male,B-,9726204360
30633,Neha Reddy,28,Male,B+,9393196751
30634,Sahil Singh,19,Female,B-,9682725129
30635,Arjun Gupta,42,Female,A-,9674748252
30636,Rahul Singh,23,Female,B+,9269806450
30637,Vikram Verma,25,Female,O-,9991985737
30638,Sahil Mehta,42,Female,AB+,9180463595
30639,Aditya Singh,56,Male,O-,9162675979
30640,Sahil Sharma,57,Male,AB-,9591075254
30641,Kavya Singh,40,Male,A-,9424401956
30642,Riya Sharma,38,Female,O-,9619525208
30643,Arjun Kapoor,32,Male,AB-,9639302529
30644,Anjali Sharma,30,Female,O+,9381136759
30645,Anjali Reddy,45,Male,O+,9284595720
30646,Rahul Kapoor,38,Male,AB-,9179945843
30647,Sneha Patel,27,Female,AB+,9723150815
30648,Priya Gupta,47,Male,A+,9215879392
30649,Rahul Reddy,26,Male,O+,9804692089
30650,Priya Verma,45,Male,A+,9362465369
30651,Rohan Mehta,44,Male,O+,9238742702
30652,Rohan Patel,58,Female,O+,9410501120
30653,Arjun Singh,39,Female,B+,9478778144
30654,Karan Sharma,18,Male,AB-,9371316395
30655,Sneha Sharma,25,Female,O+,9555880439
30656,Vikram Singh,34,Male,A-,9652041297
30657,Kavya Verma,51,Female,A+,9920937891
30658,Sneha Gupta,26,Male,AB+,9814905722
30659,Aditya Mehta,56,Male,AB+,9732111809
30660,Karan Kapoor,33,Male,A+,9408040088
30661,Priya Reddy,40,Female,AB-,9729659158
30662,Kavya Sharma,41,Male,AB+,9549211834
30663,Anjali Patel,29,Female,A-,9653765086
30664,Sahil Kapoor,33,Male,A-,9731681622
30665,Rahul Mehta,30,Male,B+,9436701062
30666,Rahul Verma,59,Female,A+,9538034529
30667,Aditya Gupta,18,Female,AB+,9940820077
30668,Arjun Mehta,26,Male,AB+,9151910507
30669,Kavya Reddy,51,Male,AB+,9466701831
30670,Rahul Sharma,45,Female,AB+,9538769091
30671,Aditya Singh,34,Female,A+,9436663172
30672,Sneha Verma,29,Male,O+,9937549212
30673,Rohan Patel,36,Male,AB+,9831429205
30674,Aditya Sharma,37,Male,A-,9602846244
30675,Anjali Gupta,27,Male,O+,9134872170
30676,Karan Singh,42,Female,B+,9302959144
30677,Kavya Sharma,42,Female,A-,9469847661
30678,Aman Singh,53,Female,B-,9902200005
30679,Divya Kapoor,58,Male,AB+,9992702122
30680,Vikram Gupta,27,Female,B-,9794735228
30681,Kavya Reddy,41,Male,B-,9765406895
30682,Anjali Mehta,19,Female,A+,9860648697
30683,Sahil Sharma,30,Male,AB-,9695177327
30684,Rahul Verma,33,Male,O-,9343965488
30685,Kavya Sharma,59,Female,B-,9322414217
30686,Pooja Verma,44,Male,AB-,9836806851
30687,Aditya Gupta,24,Male,O-,9928019249
30688,Kavya Kapoor,35,Male,AB-,9690574923
30689,Divya Gupta,59,Male,B-,9206704297
30690,Pooja Verma,37,Female,B+,9763680656
30691,Rohan Verma,21,Male,AB-,9172161428
30692,Arjun Mehta,40,Female,A+,9501186858
30693,Anjali Verma,33,Female,B+,9752440423
30694,Rohan Patel,60,Male,A-,9838165526
30695,Riya Mehta,30,Female,AB+,9918821875
30696,Sneha Verma,57,Male,B+,9699025069
30697,Vikram Singh,24,Male,B+,9521551008
30698,Karan Singh,31,Female,AB-,9386003347
30699,Divya Gupta,59,Male,AB+,9127820435
30700,Karan Reddy,20,Female,O-,9842447287
30701,Pooja Gupta,20,Male,A+,9895883937
30702,Vikram Mehta,24,Male,AB-,9178504542
30703,Neha Sharma,43,Female,O-,9512187253
30704,Karan Verma,18,Male,O-,9657953073
30705,Sahil Gupta,25,Male,O-,9134757486
30706,Rohan Kapoor,57,Male,A+,9450211441
30707,Anjali Mehta,25,Female,O+,9323384967
30708,Pooja Mehta,19,Male,A+,9698977804
30709,Arjun Singh,18,Male,AB+,9272126718
30710,Pooja Reddy,51,Female,A+,9106629990
30711,Sahil Reddy,48,Female,B-,9972436176
30712,Rohan Reddy,54,Male,O-,9649291695
30713,Anjali Singh,18,Female,AB-,9742897855
30714,Rahul Reddy,28,Female,O-,9475607007
30715,Arjun Patel,23,Female,A+,9205200886
30716,Rahul Singh,51,Male,O+,9556141731
30717,Aman Reddy,48,Female,AB+,9645784050
30718,Aditya Mehta,60,Male,O-,9257617844
30719,Pooja Kapoor,23,Male,B+,9875970059
30720,Aman Verma,51,Female,O-,9972090874
30721,Kavya Gupta,20,Male,A+,9549316008
30722,Karan Gupta,30,Female,O-,9579515511
30723,Riya Gupta,30,Female,B+,9531235192
30724,Aman Kapoor,38,Female,O+,9343424138
30725,Aman Patel,34,Female,A+,9998249389
30726,Priya Sharma,18,Male,AB-,9968567278
30727,Divya Mehta,28,Male,O-,9398683137
30728,Priya Kapoor,26,Male,B-,9315775717
30729,Neha Reddy,57,Male,O-,9637623110
30730,Karan Gupta,20,Male,A+,9107975396
30731,Rahul Reddy,36,Female,O-,9234542340
30732,Rohan Kapoor,47,Female,O+,9646459725
30733,Aman Kapoor,59,Female,O-,9235413964
30734,Rahul Sharma,55,Male,A-,9552806498
30735,Riya Mehta,60,Male,O+,9957170536
30736,Rahul Reddy,50,Female,B-,9804607466
30737,Priya Kapoor,33,Male,B-,9229262538
30738,Riya Sharma,29,Male,B-,9695878180
30739,Priya Kapoor,31,Female,AB+,9742282055
30740,Divya Reddy,54,Female,A-,9123274693
30741,Kavya Sharma,23,Male,B-,9133344598
30742,Aman Patel,30,Female,A+,9347249350
30743,Vikram Reddy,48,Female,AB+,9931622904
30744,Kavya Gupta,42,Female,B+,9454600748
30745,Divya Singh,28,Male,A-,9329087925
30746,Pooja Sharma,51,Male,AB+,9376287948
30747,Sahil Reddy,28,Female,B-,9861398307
30748,Divya Sharma,23,Female,A+,9715930869
30749,Pooja Mehta,52,Male,A+,9107400985
30750,Arjun Patel,39,Male,B-,9539880802
30751,Kavya Verma,42,Male,O+,9452291160
30752,Vikram Patel,51,Female,B-,9212371511
30753,Rahul Mehta,40,Female,AB+,9805607370
30754,Sneha Sharma,28,Male,AB+,9977567662
30755,Arjun Singh,20,Female,A-,9485418993
30756,Aditya Verma,40,Female,B-,9758777047
30757,Arjun Patel,31,Male,O+,9279290257
30758,Kavya Sharma,46,Male,AB+,9207861634
30759,Pooja Reddy,51,Female,B+,9437508131
30760,Aditya Gupta,56,Female,AB-,9678020005
30761,Rahul Kapoor,28,Female,AB+,9659784747
30762,Divya Verma,40,Male,A-,9214542549
30763,Sahil Singh,25,Female,A-,9572935325
30764,Arjun Verma,26,Female,O-,9834809271
30765,Anjali Reddy,57,Female,O-,9623985946
30766,Priya Verma,43,Male,B-,9857206760
30767,Priya Patel,56,Female,B+,9907003188
30768,Pooja Gupta,26,Male,AB+,9476514350
30769,Anjali Sharma,26,Female,O+,9928478610
30770,Sneha Reddy,53,Female,AB-,9287614315
30771,Vikram Singh,31,Male,B-,9735554195
30772,Aman Kapoor,38,Male,B-,9125655829
30773,Pooja Verma,51,Female,AB-,9407239681
30774,Rohan Gupta,26,Male,AB-,9867628921
30775,Karan Verma,18,Male,O+,9486643585
30776,Kavya Gupta,26,Male,B-,9718738117
30777,Karan Kapoor,57,Male,B-,9962831072
30778,Sahil Sharma,32,Male,AB+,9672654868
30779,Neha Patel,32,Male,O+,9621469739
30780,Priya Kapoor,32,Male,O-,9674288626
30781,Rahul Verma,46,Female,O-,9489231526
30782,Karan Patel,54,Female,AB-,9407273434
30783,Arjun Gupta,42,Male,AB+,9327034805
30784,Divya Verma,50,Female,A+,9829546100
30785,Anjali Sharma,36,Male,O+,9621402169
30786,Rohan Mehta,44,Male,O-,9240001556
30787,Aman Verma,21,Male,B+,9834465272
30788,Divya Gupta,41,Male,O+,9458774427
30789,Priya Sharma,36,Female,O-,9644976596
30790,Riya Singh,23,Male,B+,9323389354
30791,Rohan Reddy,20,Male,A-,9518768230
30792,Pooja Gupta,27,Female,B-,9996184907
30793,Divya Gupta,37,Male,B-,9179438625
30794,Rohan Reddy,37,Female,B+,9329250991
30795,Rahul Verma,35,Female,O+,9452965692
30796,Rahul Mehta,46,Male,B-,9448317415
30797,Aman Sharma,60,Female,A-,9661338192
30798,Aditya Sharma,60,Male,AB+,9169452862
30799,Anjali Sharma,44,Male,O+,9620950895
30800,Priya Mehta,19,Female,B-,9469058746
30801,Sahil Mehta,36,Female,B+,9775866657
30802,Vikram Mehta,49,Male,A-,9209034690
30803,Pooja Gupta,45,Male,B-,9778351367
30804,Priya Reddy,22,Female,B-,9510353157
30805,Arjun Patel,54,Female,O+,9273795480
30806,Sahil Sharma,29,Female,A+,9732436176
30807,Priya Patel,31,Male,B+,9620418355
30808,Kavya Verma,50,Male,AB+,9178493153
30809,Neha Gupta,45,Female,A+,9513592678
30810,Karan Reddy,55,Male,AB+,9991782791
30811,Sahil Verma,37,Male,A+,9139561572
30812,Pooja Sharma,56,Female,A-,9411422152
30813,Karan Sharma,54,Female,B-,9159440713
30814,Rohan Mehta,22,Female,B-,9636645613
30815,Sahil Kapoor,24,Female,O-,9137743335
30816,Rohan Singh,28,Male,AB+,9102273363
30817,Sneha Gupta,44,Female,A+,9994110103
30818,Vikram Gupta,52,Male,O-,9979025151
30819,Rahul Reddy,51,Female,B+,9983659559
30820,Rahul Kapoor,39,Female,A+,9987256967
30821,Rohan Patel,50,Male,O-,9919733581
30822,Divya Sharma,28,Female,B-,9111875032
30823,Vikram Gupta,23,Male,AB-,9438317157
30824,Neha Sharma,37,Male,A+,9535861460
30825,Aman Sharma,44,Male,A+,9415429953
30826,Priya Reddy,57,Female,B-,9429425574
30827,Neha Patel,19,Female,A-,9305246112
30828,Kavya Kapoor,26,Female,B-,9607548380
30829,Priya Mehta,29,Female,AB+,9365339907
30830,Rohan Singh,27,Male,O-,9857405455
30831,Arjun Singh,60,Male,AB+,9209012723
30832,Sneha Reddy,58,Male,O+,9483410082
30833,Karan Mehta,25,Male,B-,9714502072
30834,Aman Reddy,36,Female,AB-,9239259793
30835,Aman Singh,38,Female,AB+,9785711109
30836,Sneha Sharma,37,Male,B+,9421720808
30837,Aditya Sharma,34,Female,A+,9350102987
30838,Arjun Kapoor,50,Male,A+,9701945349
30839,Anjali Kapoor,60,Female,O-,9741671443
30840,Aditya Mehta,49,Female,O-,9459945900
30841,Arjun Singh,30,Male,O+,9947655183
30842,Arjun Gupta,36,Female,O+,9740883635
30843,Rohan Reddy,30,Male,A-,9514983869
30844,Vikram Kapoor,30,Female,AB+,9659622879
30845,Rahul Kapoor,60,Female,AB+,9879973266
30846,Priya Mehta,45,Male,AB-,9714043311
30847,Riya Verma,32,Female,B+,9839014854
30848,Neha Reddy,53,Female,O+,9144798522
30849,Karan Reddy,41,Male,B+,9575753166
30850,Anjali Kapoor,29,Female,B+,9462348456
30851,Vikram Mehta,52,Female,A-,9330267397
30852,Rahul Reddy,48,Female,B-,9591022423
30853,Aman Verma,33,Female,AB+,9884275510
30854,Karan Kapoor,38,Male,AB+,9281820888
30855,Anjali Reddy,50,Female,A+,9142976138
30856,Sahil Gupta,37,Female,B+,9656811895
30857,Divya Gupta,42,Female,AB+,9702828689
30858,Anjali Kapoor,44,Male,A+,9660146301
30859,Pooja Sharma,20,Male,B-,9720135010
30860,Divya Mehta,42,Female,B+,9912496703
30861,Vikram Mehta,55,Male,O-,9643056372
30862,Pooja Reddy,26,Female,B-,9812417239
30863,Aditya Gupta,20,Female,O-,9517692730
30864,Pooja Gupta,33,Female,AB+,9287519326
30865,Priya Patel,20,Male,B+,9677306533
30866,Vikram Mehta,48,Female,B+,9516222684
30867,Vikram Verma,51,Male,O+,9633247484
30868,Arjun Sharma,34,Male,B-,9179280885
30869,Karan Singh,51,Male,B+,9292649787
30870,Rahul Sharma,18,Female,O+,9345639441
30871,Vikram Mehta,35,Female,O+,9463375443
30872,Pooja Gupta,50,Female,O-,9486494174
30873,Kavya Sharma,22,Female,A+,9287465337
30874,Pooja Reddy,24,Female,B-,9469705592
30875,Aditya Mehta,46,Male,O+,9350335435
30876,Pooja Mehta,57,Male,O+,9133352578
30877,Divya Mehta,25,Female,O+,9639820504
30878,Priya Sharma,33,Male,A+,9291605364
30879,Karan Kapoor,34,Male,AB-,9460664079
30880,Arjun Gupta,55,Female,A+,9506720868
30881,Priya Gupta,37,Male,A-,9399639190
30882,Sneha Kapoor,40,Female,O+,9523655907
30883,Sneha Kapoor,34,Female,O-,9477937268
30884,Riya Kapoor,41,Male,A+,9382603984
30885,Sneha Reddy,24,Male,A+,9214571317
30886,Pooja Verma,25,Female,B-,9539102923
30887,Divya Kapoor,19,Male,AB-,9408365115
30888,Neha Gupta,18,Female,A-,9304892706
30889,Arjun Singh,34,Female,B-,9268918031
30890,Pooja Kapoor,39,Male,B+,9857127386
30891,Divya Gupta,44,Male,A-,9147817263
30892,Priya Kapoor,20,Female,O-,9136609893
30893,Kavya Patel,47,Female,AB-,9562048890
30894,Pooja Patel,51,Male,B+,9748279954
30895,Arjun Patel,28,Male,AB-,9162642951
30896,Arjun Singh,25,Female,O-,9763611237
30897,Anjali Reddy,46,Male,B+,9696564858
30898,Rahul Singh,34,Male,AB-,9669444353
30899,Priya Verma,55,Male,A-,9437246827
30900,Kavya Sharma,31,Female,A-,9429464958
30901,Anjali Verma,41,Female,AB+,9986025031
30902,Pooja Verma,38,Male,O-,9993824091
30903,Aditya Gupta,53,Female,B-,9459030861
30904,Arjun Patel,28,Male,O-,9642265821
30905,Kavya Patel,44,Female,B+,9533812518
30906,Riya Reddy,46,Male,AB+,9499990341
30907,Karan Verma,43,Female,B-,9800970620
30908,Karan Sharma,52,Female,A-,9115003269
30909,Aman Singh,21,Female,A+,9807742126
30910,Rohan Patel,51,Female,O+,9629905608
30911,Divya Kapoor,56,Male,AB-,9527035702
30912,Aditya Mehta,39,Male,B+,9214407120
30913,Karan Singh,60,Male,O+,9644362509
30914,Vikram Verma,46,Male,B-,9526805510
30915,Sneha Mehta,21,Male,A+,9546132478
30916,Priya Reddy,46,Male,B+,9137064097
30917,Pooja Gupta,29,Female,A+,9452264828
30918,Rahul Kapoor,36,Male,B-,9115404428
30919,Divya Mehta,29,Female,AB+,9475307980
30920,Arjun Sharma,38,Male,AB-,9951405669
30921,Neha Gupta,55,Male,A-,9760496167
30922,Sneha Patel,20,Male,A-,9455041060
30923,Priya Reddy,39,Male,O-,9832552382
30924,Priya Sharma,53,Female,B-,9677468182
30925,Priya Singh,21,Female,B+,9752204472
30926,Rahul Gupta,35,Female,O+,9760429436
30927,Aditya Mehta,26,Female,AB-,9791074192
30928,Rohan Sharma,18,Male,B-,9639645765
30929,Sneha Kapoor,43,Male,AB-,9104181364
30930,Rohan Sharma,46,Female,O+,9830812364
30931,Divya Sharma,33,Female,B-,9586759810
30932,Riya Sharma,40,Female,B-,9511669391
30933,Aditya Mehta,49,Female,O-,9916383053
30934,Sahil Singh,48,Male,B+,9987633942
30935,Aditya Reddy,49,Male,O+,9582375187
30936,Anjali Singh,48,Male,AB+,9904227731
30937,Sahil Mehta,53,Male,B+,9160759919
30938,Karan Singh,33,Female,AB-,9149186160
30939,Karan Mehta,60,Female,AB+,9470147465
30940,Riya Patel,29,Female,B+,9192598810
30941,Pooja Verma,50,Female,O+,9286972759
30942,Karan Verma,47,Female,A-,9441407128
30943,Divya Gupta,45,Female,O-,9348081648
30944,Aditya Mehta,46,Male,O-,9691211890
30945,Anjali Gupta,21,Male,B+,9543002250
30946,Aman Gupta,20,Female,A-,9671276874
30947,Rohan Patel,20,Female,AB-,9297581825
30948,Neha Mehta,45,Male,A-,9951825784
30949,Pooja Mehta,26,Male,B+,9921930473
30950,Divya Verma,45,Male,AB+,9273924528
30951,Aditya Verma,41,Female,O-,9598860424
30952,Anjali Patel,38,Male,A+,9728865629
30953,Vikram Kapoor,21,Female,B-,9837595338
30954,Kavya Verma,50,Female,O-,9129191015
30955,Kavya Singh,28,Female,B-,9823390365
30956,Rahul Reddy,41,Male,AB-,9678583245
30957,Pooja Mehta,47,Male,AB-,9846554004
30958,Karan Singh,20,Male,AB+,9972978313
30959,Karan Mehta,46,Male,A+,9760403823
30960,Priya Gupta,60,Male,AB-,9781619405
30961,Rohan Singh,37,Female,AB-,9705616497
30962,Aman Kapoor,58,Male,O+,9587056994
30963,Karan Kapoor,40,Female,O-,9647710225
30964,Priya Verma,30,Female,B+,9246195501
30965,Priya Verma,59,Female,O-,9709040944
30966,Rahul Kapoor,46,Male,O+,9137072987
30967,Riya Gupta,41,Female,O+,9296435004
30968,Anjali Kapoor,47,Male,O-,9842838977
30969,Riya Patel,45,Male,O-,9984338244
30970,Sneha Kapoor,55,Male,AB-,9692023415
30971,Karan Mehta,42,Male,AB+,9911612874
30972,Priya Mehta,30,Female,AB+,9501245112
30973,Divya Reddy,28,Female,A-,9446975067
30974,Vikram Sharma,50,Male,O-,9788552250
30975,Divya Singh,46,Female,O+,9415690329
30976,Aditya Mehta,39,Female,B-,9153406692
30977,Rahul Singh,41,Male,O-,9203181517
30978,Anjali Mehta,56,Female,O+,9682221666
30979,Rohan Gupta,31,Male,B-,9700561327
30980,Karan Sharma,47,Female,O-,9680185918
30981,Aman Verma,36,Male,A+,9530037750
30982,Priya Patel,40,Male,O+,9464969039
30983,Priya Mehta,39,Male,A+,9900906388
30984,Vikram Gupta,35,Female,O-,9680177970
30985,Vikram Gupta,49,Male,AB-,9555644069
30986,Vikram Mehta,40,Male,O+,9402952912
30987,Sneha Patel,46,Female,O-,9249666673
30988,Sahil Sharma,47,Female,AB-,9864901878
30989,Arjun Patel,28,Female,B-,9483205162
30990,Sneha Patel,20,Male,A+,9788214698
30991,Kavya Reddy,48,Male,O+,9792858236
30992,Sahil Gupta,34,Female,B-,9716738316
30993,Arjun Singh,42,Male,O-,9580397715
30994,Aditya Reddy,55,Female,AB+,9837861994
30995,Neha Mehta,18,Female,AB+,9943176597
30996,Sahil Sharma,58,Male,AB+,9719290118
30997,Kavya Gupta,58,Female,O-,9247119933
30998,Rohan Sharma,46,Male,A+,9482762452
30999,Karan Gupta,18,Female,B-,9461599113
31000,Anjali Patel,21,Female,AB+,9565999257
31001,Karan Kapoor,37,Female,A+,9514110907
31002,Divya Singh,53,Male,AB+,9538740597
31003,Arjun Mehta,46,Female,B-,9702953888
31004,Sneha Reddy,53,Female,B+,9211071200
31005,Kavya Patel,58,Male,B-,9393986039
31006,Riya Gupta,36,Female,A-,9949900566
31007,Anjali Gupta,38,Female,O-,9972561389
31008,Karan Gupta,41,Male,AB+,9147856950
31009,Pooja Reddy,42,Male,A+,9838343737
31010,Rohan Patel,26,Female,A+,9429127220
31011,Sahil Sharma,34,Female,AB-,9781681181
31012,Rahul Patel,50,Male,B+,9448009670
31013,Rahul Verma,52,Female,A+,9977077844
31014,Vikram Gupta,60,Female,AB+,9267877387
31015,Anjali Mehta,42,Male,AB-,9669547884
31016,Divya Mehta,23,Male,AB+,9306817395
31017,Neha Kapoor,25,Male,AB+,9648286704
31018,Aman Reddy,47,Female,A-,9492465529
31019,Arjun Mehta,33,Female,B+,9470878856
31020,Arjun Sharma,47,Female,AB+,9823489297
31021,Anjali Patel,30,Male,O+,9368745602
31022,Arjun Verma,57,Female,O-,9534293723
31023,Pooja Sharma,41,Female,A+,9646576915
31024,Sneha Reddy,34,Female,A-,9328507522
31025,Aditya Singh,51,Male,B-,9437544458
31026,Arjun Patel,59,Female,AB+,9656015580
31027,Divya Sharma,20,Female,A+,9862577360
31028,Sahil Sharma,19,Male,A+,9745628697
31029,Kavya Patel,50,Female,AB-,9362399952
31030,Anjali Mehta,54,Female,AB-,9116651164
31031,Neha Singh,26,Female,B-,9289845660
31032,Kavya Reddy,31,Male,AB-,9600712509
31033,Anjali Singh,57,Female,A-,9303692919
31034,Sneha Singh,38,Female,AB+,9344885863
31035,Pooja Singh,59,Male,A+,9131901380
31036,Sneha Mehta,30,Female,AB-,9154542898
31037,Neha Singh,47,Female,AB-,9356929316
31038,Karan Kapoor,31,Male,AB+,9865875497
31039,Anjali Patel,22,Female,A-,9113485475
31040,Riya Sharma,20,Male,O+,9148035157
31041,Priya Mehta,37,Female,O+,9597753667
31042,Vikram Patel,45,Female,B-,9525525600
31043,Pooja Sharma,60,Female,B+,9140572344
31044,Rohan Singh,36,Female,B+,9680075840
31045,Priya Reddy,22,Female,O-,9888763036
31046,Priya Gupta,45,Female,A+,9633400528
31047,Sahil Singh,58,Male,A-,9686700403
31048,Divya Patel,34,Female,B-,9349338998
31049,Divya Sharma,19,Female,AB+,9587168258
31050,Sneha Patel,34,Male,AB+,9467613948
31051,Aman Kapoor,52,Female,B+,9354943536
31052,Vikram Verma,49,Male,A+,9246414014
31053,Sneha Singh,59,Female,AB-,9494101986
31054,Karan Reddy,22,Female,B+,9172739647
31055,Sahil Reddy,28,Male,A+,9959493618
31056,Neha Mehta,33,Female,A-,9790441579
31057,Riya Reddy,26,Male,AB-,9907408010
31058,Pooja Sharma,29,Female,A+,9130835621
31059,Kavya Reddy,48,Female,O+,9767676057
31060,Vikram Sharma,29,Female,B+,9366782169
31061,Kavya Mehta,36,Male,A-,9712357839
31062,Rahul Gupta,23,Male,AB+,9896317029
31063,Anjali Kapoor,53,Female,A-,9421919649
31064,Vikram Reddy,31,Male,B+,9740441475
31065,Sneha Singh,45,Male,A-,9307303124
31066,Divya Singh,19,Male,A+,9486802157
31067,Priya Sharma,42,Female,AB+,9596555869
31068,Sahil Singh,34,Male,A+,9308447124
31069,Rahul Sharma,48,Female,B+,9989168678
31070,Arjun Verma,19,Male,AB+,9828271020
31071,Rahul Verma,34,Male,AB-,9251449869
31072,Neha Singh,34,Male,AB-,9272429757
31073,Aditya Patel,30,Female,O-,9270054700
31074,Karan Sharma,44,Female,AB-,9666001940
31075,Aditya Gupta,36,Male,O+,9167689201
31076,Pooja Sharma,24,Male,O+,9723373279
31077,Anjali Kapoor,60,Female,B+,9631238625
31078,Sneha Reddy,21,Female,O-,9533361143
31079,Arjun Verma,39,Male,O+,9487054033
31080,Anjali Reddy,60,Female,B+,9470625031
31081,Neha Mehta,46,Male,AB+,9412116738
31082,Sahil Verma,25,Male,O-,9407138278
31083,Arjun Verma,54,Male,O-,9901259142
31084,Divya Reddy,27,Male,B-,9244091582
31085,Aman Gupta,35,Male,B+,9302389893
31086,Neha Mehta,36,Female,B-,9251270267
31087,Arjun Kapoor,51,Male,A-,9452957551
31088,Pooja Verma,56,Female,A+,9910456467
31089,Sneha Singh,44,Male,A+,9420920907
31090,Divya Singh,48,Female,B+,9753063834
31091,Sahil Mehta,40,Male,AB+,9557150036
31092,Rahul Sharma,54,Male,A+,9875883008
31093,Rahul Patel,49,Female,A-,9641973700
31094,Kavya Mehta,29,Female,AB+,9916501053
31095,Rahul Reddy,28,Male,AB-,9856063691
31096,Arjun Gupta,30,Male,O+,9144613010
31097,Aditya Singh,54,Female,B+,9883648891
31098,Sneha Verma,37,Female,O-,9604065986
31099,Priya Mehta,38,Male,O+,9792958368
31100,Pooja Verma,50,Male,A+,9329570465
31101,Rahul Patel,43,Male,O-,9603762784
31102,Neha Singh,57,Male,O+,9161221229
31103,Arjun Mehta,54,Male,A+,9548046457
31104,Rahul Gupta,23,Female,AB-,9982609796
31105,Rahul Singh,40,Female,A-,9981499920
31106,Arjun Sharma,22,Female,O+,9563981349
31107,Rahul Kapoor,54,Female,AB+,9674378754
31108,Vikram Singh,39,Male,O+,9766164923
31109,Sahil Verma,40,Female,B-,9300506223
31110,Aman Patel,34,Female,O-,9227544089
31111,Vikram Singh,38,Female,AB-,9531586053
31112,Karan Singh,49,Female,A+,9539899862
31113,Priya Gupta,57,Female,O-,9420585389
31114,Aditya Verma,27,Male,A+,9598322849
31115,Priya Singh,24,Female,B+,9386176538
31116,Neha Mehta,20,Male,A+,9344046228
31117,Aditya Gupta,31,Female,A-,9794958102
31118,Vikram Sharma,38,Female,O-,9332061819
31119,Pooja Mehta,33,Female,O+,9244830729
31120,Pooja Singh,40,Female,O+,9725776039
31121,Sneha Reddy,45,Female,B-,9864461612
31122,Pooja Mehta,56,Female,O+,9179904416
31123,Karan Kapoor,57,Male,AB+,9466259906
31124,Kavya Mehta,41,Female,AB-,9507239132
31125,Pooja Verma,25,Female,AB+,9539198282
31126,Pooja Patel,44,Male,A-,9410126694
31127,Kavya Reddy,51,Male,B-,9607212111
31128,Aditya Reddy,23,Male,A-,9425198651
31129,Sahil Verma,50,Male,A-,9870122332
31130,Arjun Sharma,39,Female,O-,9570158227
31131,Rohan Mehta,22,Female,B-,9809699690
31132,Divya Verma,46,Male,B-,9221319161
31133,Sneha Reddy,18,Male,A+,9808717231
31134,Karan Gupta,34,Male,A-,9538426735
31135,Karan Singh,31,Male,B+,9192915636
31136,Arjun Reddy,58,Male,O+,9866734553
31137,Sneha Kapoor,41,Male,A+,9320538297
31138,Aditya Reddy,53,Female,O-,9757683208
31139,Aditya Singh,48,Male,A+,9372675313
31140,Vikram Gupta,52,Male,A-,9299518263
31141,Aman Mehta,49,Male,A-,9871752164
31142,Rohan Reddy,25,Male,B+,9828562550
31143,Riya Singh,47,Male,A+,9175203662
31144,Rahul Gupta,30,Female,AB-,9220609280
31145,Divya Sharma,51,Male,B+,9282401774
31146,Priya Sharma,35,Female,B+,9596800913
31147,Aditya Patel,43,Male,B-,9224392020
31148,Aman Patel,55,Male,B+,9199770419
31149,Riya Patel,40,Female,B+,9679691731
31150,Kavya Sharma,28,Female,AB-,9896322179
31151,Vikram Sharma,45,Female,AB+,9114350166
31152,Aditya Singh,25,Male,AB+,9614670824
31153,Divya Kapoor,41,Female,A-,9822048946
31154,Rahul Gupta,33,Male,A-,9934397846
31155,Aditya Reddy,38,Female,B+,9792719731
31156,Aman Singh,59,Male,AB-,9552006251
31157,Karan Kapoor,54,Female,B-,9899137480
31158,Priya Singh,44,Male,AB-,9673019158
31159,Aman Gupta,25,Female,A+,9617330441
31160,Divya Kapoor,39,Male,AB-,9136516121
31161,Rohan Sharma,39,Male,B+,9929900123
31162,Priya Verma,48,Male,AB+,9762223998
31163,Rohan Kapoor,56,Male,O-,9186632052
31164,Sahil Patel,54,Female,B+,9676621830
31165,Riya Sharma,38,Female,A-,9865843774
31166,Rahul Reddy,18,Male,A-,9597368043
31167,Sneha Mehta,28,Female,O+,9643476136
31168,Vikram Patel,48,Male,A-,9615819236
31169,Anjali Sharma,48,Male,A+,9127573024
31170,Priya Mehta,59,Female,B+,9128420072
31171,Neha Singh,37,Male,AB-,9499430747
31172,Divya Reddy,51,Male,B+,9294820098
31173,Sneha Reddy,31,Male,A-,9356283766
31174,Divya Verma,27,Female,A+,9300704821
31175,Arjun Singh,46,Female,A-,9436542171
31176,Vikram Gupta,28,Male,A-,9649246508
31177,Sneha Gupta,18,Male,A-,9732602823
31178,Riya Gupta,44,Male,B-,9988662145
31179,Vikram Kapoor,52,Female,A+,9802805036
31180,Anjali Verma,55,Male,B+,9293397853
31181,Arjun Reddy,53,Male,B-,9873146449
31182,Neha Verma,43,Female,O+,9822835363
31183,Sneha Sharma,45,Male,AB+,9535147868
31184,Sahil Singh,24,Male,A+,9722101076
31185,Kavya Reddy,30,Female,O-,9654437316
31186,Kavya Mehta,40,Female,O-,9759109597
31187,Divya Kapoor,35,Female,O-,9117529310
31188,Arjun Verma,46,Female,B+,9171284639
31189,Riya Sharma,49,Female,A+,9685821896
31190,Pooja Sharma,36,Male,O-,9668947599
31191,Aman Sharma,43,Female,B+,9642466778
31192,Pooja Mehta,56,Male,AB+,9709310627
31193,Neha Mehta,20,Male,O-,9755742861
31194,Kavya Mehta,55,Male,AB-,9870257922
31195,Aditya Singh,26,Male,A-,9213623597
31196,Vikram Sharma,60,Female,AB+,9438713414
31197,Rahul Singh,44,Male,A+,9891022901
31198,Divya Sharma,28,Female,B+,9597698714
31199,Karan Reddy,39,Female,AB+,9751401494
31200,Divya Mehta,54,Female,A-,9870740071
31201,Anjali Verma,28,Male,O-,9500290327
31202,Neha Gupta,25,Male,B+,9520825778
31203,Aman Kapoor,53,Female,AB-,9948142230
31204,Divya Singh,20,Female,A+,9424260965
31205,Priya Reddy,46,Female,A-,9795988883
31206,Riya Patel,23,Male,AB-,9507314414
31207,Kavya Mehta,23,Male,A-,9920480000
31208,Rahul Gupta,46,Male,O+,9366214299
31209,Sahil Patel,49,Female,AB-,9954467472
31210,Vikram Verma,60,Female,A+,9308067662
31211,Karan Sharma,35,Female,B-,9658494078
31212,Anjali Verma,53,Male,O+,9860972683
31213,Anjali Kapoor,50,Female,AB+,9628136861
31214,Divya Kapoor,48,Male,A-,9562364954
31215,Aman Sharma,56,Female,A+,9237355788
31216,Neha Mehta,32,Female,B+,9709592831
31217,Aditya Verma,46,Female,AB+,9845725776
31218,Aditya Reddy,56,Female,O+,9151271001
31219,Arjun Verma,44,Female,A-,9505465354
31220,Aman Sharma,58,Female,O+,9113212346
31221,Sahil Gupta,28,Male,A-,9566627246
31222,Anjali Gupta,35,Male,A-,9221736832
31223,Pooja Singh,50,Female,B-,9660231508
31224,Arjun Kapoor,48,Female,B-,9559508055
31225,Neha Verma,21,Male,A+,9465029033
31226,Arjun Reddy,59,Male,A-,9894666689
31227,Priya Reddy,27,Male,A-,9755430505
31228,Sahil Gupta,32,Male,AB-,9473638396
31229,Anjali Gupta,45,Male,O+,9351444646
31230,Rahul Patel,41,Male,AB-,9203496833
31231,Vikram Kapoor,49,Female,A+,9597178310
31232,Rahul Mehta,39,Male,O-,9882992366
31233,Riya Reddy,27,Female,B+,9685550689
31234,Riya Kapoor,19,Female,O+,9175996748
31235,Rohan Reddy,52,Female,A-,9845270270
31236,Rohan Patel,54,Female,O-,9353124525
31237,Anjali Reddy,27,Male,A-,9665769786
31238,Vikram Mehta,22,Male,O-,9731504845
31239,Vikram Sharma,46,Male,O-,9456106244
31240,Kavya Mehta,41,Male,AB-,9194228620
31241,Aman Verma,36,Female,AB-,9223942914
31242,Aman Singh,45,Male,B-,9726761519
31243,Neha Gupta,49,Female,O+,9916531334
31244,Pooja Sharma,48,Female,B+,9913914141
31245,Rohan Mehta,51,Female,AB+,9325220318
31246,Divya Sharma,52,Female,AB-,9478778046
31247,Rahul Gupta,24,Male,AB-,9131624971
31248,Vikram Reddy,39,Male,AB-,9357106737
31249,Divya Reddy,19,Female,AB-,9143146680
31250,Vikram Verma,34,Female,O+,9155201323
31251,Divya Singh,31,Male,O-,9281637440
31252,Priya Singh,57,Female,B-,9341794663
31253,Rahul Sharma,50,Male,B+,9857857030
31254,Kavya Mehta,25,Male,B-,9540166456
31255,Sahil Mehta,26,Male,AB+,9717343713
31256,Anjali Gupta,29,Male,B-,9690186470
31257,Rahul Sharma,38,Male,A+,9545333691
31258,Priya Verma,21,Male,AB+,9957216266
31259,Pooja Kapoor,51,Female,AB-,9942775906
31260,Anjali Mehta,27,Female,AB+,9641528944
31261,Divya Verma,27,Female,O-,9251427619
31262,Rahul Verma,56,Male,AB+,9414648459
31263,Rahul Gupta,29,Female,B+,9541590604
31264,Karan Sharma,42,Female,AB+,9408224652
31265,Priya Gupta,19,Male,B-,9965831268
31266,Pooja Verma,35,Male,O-,9979057661
31267,Neha Mehta,52,Female,O+,9900629960
31268,Pooja Patel,32,Female,AB-,9581434108
31269,Arjun Mehta,25,Female,A+,9318905835
31270,Anjali Mehta,54,Female,O+,9144303322
31271,Neha Gupta,39,Female,O+,9612241736
31272,Sneha Mehta,46,Female,B+,9792964287
31273,Aman Reddy,53,Male,B-,9860093013
31274,Sneha Reddy,31,Male,O-,9225535889
31275,Rohan Singh,54,Male,B+,9975969671
31276,Aman Verma,47,Female,B+,9602215230
31277,Anjali Patel,46,Male,B-,9747766752
31278,Rohan Kapoor,52,Female,B-,9706554993
31279,Neha Patel,26,Male,AB+,9666747505
31280,Pooja Reddy,43,Male,B-,9989034894
31281,Arjun Reddy,53,Male,A+,9180347986
31282,Kavya Patel,37,Male,AB-,9828590127
31283,Aman Reddy,25,Male,O+,9591986938
31284,Aman Gupta,19,Male,O-,9658116970
31285,Rahul Patel,33,Male,AB-,9701893901
31286,Rohan Singh,35,Male,O-,9424651155
31287,Vikram Patel,40,Male,B+,9293784457
31288,Rahul Kapoor,53,Female,A+,9674156943
31289,Sahil Verma,18,Female,AB+,9808434961
31290,Vikram Patel,32,Male,A-,9369086125
31291,Pooja Sharma,32,Male,O-,9458539845
31292,Kavya Kapoor,41,Male,O+,9919457028
31293,Riya Sharma,51,Male,B+,9914372280
31294,Rohan Patel,46,Male,AB-,9633924835
31295,Rohan Sharma,26,Male,B-,9621080580
31296,Riya Singh,48,Female,B+,9490232115
31297,Karan Patel,47,Female,O-,9875556520
31298,Sahil Kapoor,45,Female,A-,9499767675
31299,Kavya Singh,44,Female,B-,9647858166
31300,Riya Kapoor,25,Male,O-,9787610408
31301,Vikram Patel,58,Male,O-,9498454351
31302,Rahul Sharma,58,Male,B-,9729761888
31303,Rahul Gupta,18,Female,AB-,9391407032
31304,Riya Kapoor,23,Male,AB-,9610298595
31305,Rohan Gupta,33,Female,B-,9239094829
31306,Neha Singh,27,Female,B-,9308060314
31307,Rahul Patel,50,Male,A+,9469422199
31308,Anjali Reddy,44,Female,B-,9819396587
31309,Priya Sharma,22,Female,B-,9648779821
31310,Pooja Kapoor,55,Male,A+,9211168636
31311,Neha Sharma,50,Female,O-,9857745908
31312,Rahul Patel,25,Male,O+,9499746661
31313,Vikram Gupta,18,Male,A+,9538421679
31314,Sneha Reddy,35,Female,B+,9697445450
31315,Pooja Sharma,23,Female,A-,9952064726
31316,Divya Patel,49,Female,AB-,9870532468
31317,Aditya Reddy,29,Female,AB+,9266984729
31318,Sneha Patel,46,Female,AB-,9894566487
31319,Sahil Singh,33,Female,B-,9766175836
31320,Pooja Gupta,44,Male,B+,9384908537
31321,Karan Gupta,57,Male,AB-,9213084350
31322,Aditya Sharma,42,Male,O+,9468342423
31323,Sahil Singh,38,Male,B-,9897171712
31324,Aman Kapoor,54,Male,AB+,9129659714
31325,Arjun Gupta,39,Female,A+,9292553456
31326,Riya Singh,32,Female,B-,9171516910
31327,Pooja Kapoor,24,Male,O+,9791995273
31328,Rahul Gupta,54,Male,AB-,9634358360
31329,Pooja Mehta,55,Male,A+,9882752261
31330,Rohan Mehta,59,Female,A-,9663138570
31331,Anjali Kapoor,39,Female,AB+,9770206642
31332,Kavya Kapoor,31,Male,O-,9823004491
31333,Aman Gupta,31,Female,B-,9471384974
31334,Pooja Reddy,50,Female,O+,9208930851
31335,Divya Sharma,42,Female,O-,9975918827
31336,Divya Reddy,33,Female,O-,9251422503
31337,Kavya Sharma,24,Male,A-,9645784317
31338,Kavya Singh,31,Female,A+,9980774536
31339,Anjali Sharma,53,Male,O+,9710219403
31340,Aditya Kapoor,45,Female,A+,9379416902
31341,Rohan Patel,50,Female,B+,9797433055
31342,Aditya Gupta,49,Female,AB-,9982295346
31343,Vikram Singh,23,Female,O-,9226126715
31344,Riya Sharma,53,Female,AB-,9251294282
31345,Karan Sharma,26,Female,A-,9636923433
31346,Vikram Kapoor,58,Female,B+,9255753003
31347,Riya Sharma,60,Male,O+,9895277831
31348,Aditya Reddy,24,Male,A+,9158986058
31349,Rahul Mehta,39,Female,AB+,9706025142
31350,Arjun Reddy,30,Male,B-,9422711968
31351,Riya Sharma,27,Female,O+,9653422666
31352,Sneha Sharma,27,Male,O-,9122144060
31353,Aditya Patel,35,Female,B+,9586950554
31354,Anjali Kapoor,32,Male,A+,9839045278
31355,Vikram Verma,24,Female,O+,9599332424
31356,Neha Singh,33,Male,A+,9128356210
31357,Kavya Mehta,47,Male,AB-,9837831651
31358,Aman Mehta,45,Female,A-,9420401896
31359,Vikram Verma,60,Female,B+,9334455776
31360,Karan Sharma,48,Male,AB+,9623496329
31361,Karan Kapoor,50,Male,A+,9296457219
31362,Anjali Sharma,40,Female,O+,9435083833
31363,Priya Gupta,34,Male,A+,9579054396
31364,Rahul Verma,51,Male,AB-,9900918995
31365,Sneha Singh,47,Male,B+,9320834233
31366,Vikram Patel,51,Male,A-,9296962482
31367,Karan Gupta,25,Male,O-,9951754242
31368,Priya Singh,27,Male,A+,9728043842
31369,Priya Patel,52,Male,A-,9779538303
31370,Karan Reddy,45,Male,B-,9203120030
31371,Arjun Gupta,45,Female,AB+,9595985054
31372,Kavya Gupta,45,Male,O+,9626594542
31373,Priya Verma,33,Female,AB-,9108494635
31374,Karan Kapoor,54,Female,O+,9998923688
31375,Sneha Patel,21,Male,B+,9815287238
31376,Aditya Verma,19,Male,A-,9908077010
31377,Divya Patel,57,Male,AB-,9925898807
31378,Pooja Patel,34,Female,O-,9812204499
31379,Karan Singh,60,Female,B-,9905429908
31380,Divya Patel,60,Female,B-,9144531474
31381,Vikram Mehta,29,Female,B-,9788623063
31382,Rahul Singh,59,Male,AB+,9936057356
31383,Kavya Patel,52,Female,A-,9418352768
31384,Rahul Sharma,26,Male,B-,9196740304
31385,Divya Gupta,23,Female,O+,9424055333
31386,Sahil Patel,32,Female,A+,9234793064
31387,Arjun Verma,44,Male,B-,9563861946
31388,Kavya Singh,36,Male,A-,9780337070
31389,Rohan Singh,56,Male,B+,9108866223
31390,Anjali Kapoor,47,Male,AB-,9393823125
31391,Riya Mehta,56,Female,B-,9366341850
31392,Riya Kapoor,38,Male,B+,9164728221
31393,Aman Gupta,30,Male,AB+,9429005398
31394,Aditya Kapoor,20,Female,O+,9192774853
31395,Divya Patel,26,Male,A+,9875813715
31396,Priya Singh,45,Female,B-,9822033186
31397,Rahul Patel,30,Male,B+,9389945590
31398,Divya Singh,43,Male,B+,9866535107
31399,Kavya Mehta,45,Female,O+,9955307225
31400,Pooja Reddy,57,Male,B-,9606415439
31401,Riya Verma,28,Male,AB+,9820343982
31402,Riya Gupta,56,Male,O-,9900887037
31403,Divya Reddy,42,Female,B-,9189513672
31404,Anjali Gupta,31,Male,B+,9803117612
31405,Aman Mehta,19,Female,B-,9420937655
31406,Pooja Verma,33,Male,AB+,9922676285
31407,Aman Gupta,27,Female,A+,9851983473
31408,Anjali Reddy,39,Male,O-,9479569473
31409,Rahul Verma,48,Female,A-,9281731919
31410,Priya Mehta,57,Male,O-,9704226481
31411,Vikram Kapoor,51,Female,A+,9231970766
31412,Sahil Sharma,42,Male,B-,9464029526
31413,Sahil Mehta,37,Female,A-,9605696500
31414,Sneha Mehta,18,Male,A-,9167676651
31415,Divya Patel,30,Male,O-,9300694638
31416,Aman Mehta,38,Female,B-,9768161660
31417,Arjun Mehta,28,Male,B-,9599639769
31418,Riya Kapoor,40,Male,O-,9172322782
31419,Aman Mehta,25,Male,O-,9412967216
31420,Vikram Singh,52,Female,A+,9814272692
31421,Vikram Singh,36,Female,A-,9974450424
31422,Vikram Gupta,42,Female,A-,9776444346
31423,Rohan Kapoor,20,Male,O+,9609196006
31424,Arjun Mehta,22,Male,A-,9298521656
31425,Priya Mehta,58,Female,B-,9803812746
31426,Karan Patel,43,Female,O+,9406469034
31427,Arjun Kapoor,44,Male,O-,9561618222
31428,Kavya Patel,30,Female,AB-,9225603529
31429,Rohan Patel,39,Male,AB+,9563406888
31430,Neha Kapoor,31,Male,O-,9281351727
31431,Pooja Mehta,32,Male,B+,9880690671
31432,Anjali Patel,26,Male,B+,9956061187
31433,Aman Sharma,22,Male,A+,9559099030
31434,Sahil Gupta,49,Female,AB+,9469491732
31435,Anjali Kapoor,45,Female,B+,9232645969
31436,Rohan Reddy,24,Female,AB-,9450334095
31437,Anjali Singh,43,Male,A-,9838981535
31438,Divya Mehta,44,Male,A+,9134795349
31439,Kavya Reddy,37,Female,A-,9955121892
31440,Divya Singh,23,Male,O+,9811421477
31441,Sahil Kapoor,50,Female,O-,9184583994
31442,Riya Mehta,51,Male,B+,9934783527
31443,Neha Mehta,27,Female,A+,9541681680
31444,Vikram Gupta,22,Male,B-,9778937584
31445,Riya Verma,35,Male,AB+,9182661392
31446,Rohan Verma,43,Male,A+,9676059738
31447,Rohan Reddy,21,Female,O-,9861448865
31448,Pooja Gupta,54,Male,B+,9751320785
31449,Karan Verma,29,Female,B-,9781031754
31450,Rohan Singh,60,Male,O+,9571465550
31451,Sahil Reddy,45,Male,B+,9664439428
31452,Riya Mehta,21,Female,AB-,9934833284
31453,Aman Kapoor,29,Male,A-,9581970719
31454,Divya Patel,30,Male,O-,9841334716
31455,Arjun Kapoor,18,Female,O-,9308861655
31456,Anjali Gupta,53,Female,B-,9178945815
31457,Riya Kapoor,30,Female,A+,9249161937
31458,Riya Sharma,43,Male,B+,9386852428
31459,Divya Reddy,43,Female,A-,9282474906
31460,Arjun Kapoor,49,Male,O+,9169062119
31461,Priya Mehta,26,Male,O-,9300663559
31462,Riya Sharma,21,Female,B+,9414347658
31463,Sahil Reddy,28,Female,O-,9955044116
31464,Vikram Verma,49,Male,AB-,9685051863
31465,Rohan Kapoor,47,Female,O-,9886129381
31466,Aditya Kapoor,19,Female,B+,9648009656
31467,Sahil Verma,52,Female,A+,9244744902
31468,Arjun Singh,56,Female,O-,9169886380
31469,Sahil Singh,38,Female,B+,9201878035
31470,Aman Mehta,38,Female,B+,9718687096
31471,Pooja Mehta,22,Female,A+,9708574214
31472,Sneha Reddy,41,Male,B+,9967754207
31473,Anjali Reddy,41,Female,AB-,9892238421
31474,Sahil Gupta,43,Female,AB+,9896867202
31475,Riya Mehta,31,Female,B+,9566370080
31476,Riya Sharma,51,Male,O-,9689427424
31477,Vikram Patel,56,Female,B+,9807802001
31478,Anjali Mehta,26,Male,B+,9874644925
31479,Aman Patel,35,Female,A+,9446636772
31480,Arjun Verma,31,Male,AB+,9201098215
31481,Rohan Reddy,56,Female,A-,9306977879
31482,Rohan Reddy,49,Female,A+,9864332320
31483,Divya Gupta,38,Female,B+,9618887232
31484,Arjun Kapoor,45,Female,B-,9333780348
31485,Karan Sharma,33,Male,B-,9423074654
31486,Neha Sharma,50,Female,B-,9495272030
31487,Sneha Sharma,48,Male,AB-,9534962836
31488,Aditya Mehta,30,Female,O+,9177795834
31489,Arjun Mehta,28,Male,O-,9754699065
31490,Pooja Reddy,23,Female,O-,9692526528
31491,Pooja Gupta,40,Male,A+,9831026005
31492,Rohan Mehta,30,Male,A-,9597167983
31493,Karan Patel,19,Female,B-,9329975204
31494,Rohan Mehta,37,Male,O+,9759431631
31495,Karan Singh,38,Male,AB-,9873408745
31496,Vikram Kapoor,53,Female,O-,9995098410
31497,Pooja Patel,32,Female,O+,9862071055
31498,Priya Singh,34,Male,B-,9614965980
31499,Divya Reddy,20,Male,A-,9758183824
31500,Sneha Gupta,44,Female,AB+,9719855118
31501,Karan Mehta,22,Female,AB+,9626524735
31502,Karan Singh,46,Male,B+,9255501713
31503,Aditya Sharma,39,Female,O-,9159273640
31504,Arjun Gupta,45,Female,AB-,9955174480
31505,Kavya Mehta,22,Female,B-,9126422312
31506,Pooja Gupta,51,Male,B-,9987162424
31507,Rohan Mehta,58,Female,A+,9218200855
31508,Priya Verma,25,Female,AB-,9901616036
31509,Karan Patel,48,Female,A+,9510157135
31510,Aditya Reddy,43,Male,A-,9686918868
31511,Anjali Reddy,47,Male,A+,9833460762
31512,Sahil Sharma,34,Female,B-,9485427411
31513,Kavya Sharma,24,Male,AB-,9718514937
31514,Divya Singh,40,Male,A-,9985327463
31515,Pooja Sharma,20,Male,AB-,9301458768
31516,Pooja Sharma,48,Female,AB-,9896622140
31517,Neha Mehta,20,Male,A-,9622735988
31518,Riya Verma,18,Female,B-,9241431474
31519,Rahul Patel,19,Female,AB-,9632174133
31520,Pooja Reddy,34,Female,AB-,9557942702
31521,Karan Gupta,29,Female,O+,9155346251
31522,Neha Patel,37,Female,A-,9327445851
31523,Riya Kapoor,41,Female,A-,9979276161
31524,Sneha Mehta,26,Female,A+,9333930426
31525,Neha Sharma,40,Female,AB-,9663541747
31526,Rohan Reddy,48,Female,B-,9732898357
31527,Sneha Verma,22,Male,O-,9908327912
31528,Rohan Mehta,25,Male,O+,9610497072
31529,Kavya Kapoor,47,Male,B+,9443397306
31530,Rahul Patel,29,Female,O+,9362345506
31531,Vikram Sharma,28,Female,B+,9106032317
31532,Priya Gupta,22,Female,A+,9611058859
31533,Aditya Sharma,47,Female,AB-,9818065285
31534,Kavya Sharma,25,Female,AB-,9833245726
31535,Pooja Singh,48,Male,AB-,9840967480
31536,Kavya Verma,26,Female,A+,9204926827
31537,Arjun Reddy,32,Female,O-,9661951136
31538,Pooja Reddy,58,Male,B-,9774695862
31539,Aman Patel,52,Female,O+,9842477125
31540,Anjali Reddy,56,Female,B+,9802499759
31541,Neha Gupta,36,Male,O+,9183318693
31542,Vikram Sharma,33,Female,O+,9526659147
31543,Sneha Kapoor,44,Female,B-,9535386176
31544,Karan Patel,41,Female,A+,9676013949
31545,Arjun Mehta,60,Female,AB-,9691570125
31546,Priya Patel,40,Female,A-,9265774658
31547,Aditya Gupta,19,Male,O-,9193106250
31548,Aditya Singh,59,Female,O-,9906258618
31549,Aditya Singh,26,Male,A-,9242893107
31550,Vikram Singh,25,Female,A-,9663005402
31551,Anjali Reddy,45,Female,AB+,9856615632
31552,Aman Mehta,48,Male,B+,9367278241
31553,Rohan Reddy,27,Male,O+,9412857140
31554,Vikram Gupta,48,Female,AB-,9475003851
31555,Pooja Verma,29,Female,B+,9743766506
31556,Anjali Verma,58,Female,A-,9599818040
31557,Kavya Singh,23,Male,AB-,9959351955
31558,Aditya Reddy,40,Female,AB-,9708476117
31559,Sneha Verma,37,Female,B+,9594271245
31560,Divya Mehta,44,Female,A-,9378137325
31561,Sahil Mehta,31,Female,O+,9388226310
31562,Aditya Kapoor,28,Male,B-,9799703877
31563,Karan Kapoor,59,Female,AB+,9560601665
31564,Neha Verma,55,Male,AB+,9969848376
31565,Divya Patel,30,Female,AB+,9830582330
31566,Priya Kapoor,35,Female,B+,9535947698
31567,Priya Reddy,26,Male,AB+,9828645925
31568,Sahil Singh,29,Male,O-,9338651867
31569,Rohan Reddy,23,Male,O-,9180690953
31570,Aman Gupta,41,Male,A+,9464894996
31571,Kavya Singh,46,Male,AB+,9276393171
31572,Rohan Sharma,30,Female,O-,9489255842
31573,Vikram Mehta,36,Male,B-,9282195971
31574,Arjun Mehta,34,Female,O-,9662765282
31575,Neha Reddy,50,Male,B+,9794525381
31576,Sneha Sharma,56,Female,AB+,9420576994
31577,Rahul Verma,32,Female,A-,9619019917
31578,Kavya Reddy,33,Female,AB+,9882075172
31579,Divya Mehta,18,Female,A+,9198907956
31580,Rohan Patel,40,Female,AB+,9539859330
31581,Rohan Patel,50,Female,AB-,9261846988
31582,Anjali Verma,38,Female,A+,9802828810
31583,Rahul Sharma,23,Female,B-,9195497327
31584,Karan Verma,28,Female,A-,9990566809
31585,Rahul Patel,25,Female,B+,9185077820
31586,Aman Gupta,27,Male,A-,9827693628
31587,Aman Reddy,24,Female,O+,9708355878
31588,Sahil Patel,43,Female,AB+,9993131784
31589,Rahul Singh,44,Female,O-,9321879037
31590,Sneha Singh,56,Female,B+,9624586763
31591,Divya Singh,24,Male,B+,9251193260
31592,Sneha Kapoor,41,Male,B+,9410857444
31593,Anjali Patel,26,Male,O-,9631421389
31594,Aman Gupta,29,Male,B-,9605278884
31595,Vikram Mehta,27,Male,B+,9364913864
31596,Aditya Patel,59,Female,A+,9424499038
31597,Kavya Gupta,53,Female,O-,9102910607
31598,Aditya Singh,18,Female,AB-,9426706863
31599,Sahil Patel,59,Male,B+,9385315943
31600,Kavya Verma,37,Male,AB-,9965274359
31601,Divya Reddy,27,Female,O+,9140297746
31602,Divya Singh,60,Female,B-,9541511755
31603,Vikram Reddy,21,Female,O+,9339055671
31604,Arjun Sharma,52,Female,O+,9131093725
31605,Sneha Reddy,33,Male,B+,9149190599
31606,Divya Kapoor,35,Male,B+,9756759885
31607,Divya Gupta,31,Female,B-,9141041332
31608,Rahul Verma,51,Female,A+,9309753613
31609,Neha Kapoor,56,Male,A+,9790909719
31610,Sneha Kapoor,31,Female,O-,9117273891
31611,Sahil Sharma,45,Male,O-,9727602879
31612,Kavya Reddy,48,Female,AB-,9652793281
31613,Sneha Sharma,52,Female,AB-,9313649554
31614,Kavya Verma,50,Male,O+,9902115689
31615,Aditya Gupta,40,Male,A+,9825242850
31616,Divya Patel,21,Female,A+,9106173737
31617,Divya Singh,35,Male,AB-,9622597989
31618,Pooja Sharma,33,Male,AB+,9530323903
31619,Pooja Mehta,29,Female,AB-,9769438686
31620,Anjali Reddy,45,Female,B+,9183589493
31621,Pooja Patel,60,Male,AB+,9896682841
31622,Rahul Sharma,43,Female,A+,9233717189
31623,Sneha Patel,36,Female,O-,9318339740
31624,Priya Reddy,31,Female,A+,9627602381
31625,Priya Sharma,45,Male,B+,9589370141
31626,Divya Singh,33,Female,O+,9649377192
31627,Karan Singh,42,Female,A-,9965529148
31628,Anjali Mehta,34,Male,A-,9907153075
31629,Anjali Mehta,46,Male,A+,9244750239
31630,Karan Verma,33,Female,O+,9966929531
31631,Anjali Kapoor,29,Female,B+,9650709700
31632,Aman Singh,33,Male,O-,9647106044
31633,Priya Gupta,47,Male,AB-,9251038434
31634,Priya Singh,45,Female,AB-,9374679187
31635,Vikram Sharma,32,Female,O-,9859951368
31636,Sahil Kapoor,46,Male,B+,9403553589
31637,Anjali Mehta,22,Female,AB-,9879537136
31638,Vikram Verma,36,Female,O+,9335260754
31639,Rohan Gupta,19,Female,AB+,9700780705
31640,Karan Reddy,30,Female,A+,9296884259
31641,Karan Singh,18,Female,A+,9919292076
31642,Rahul Kapoor,48,Female,B-,9607681646
31643,Sahil Gupta,38,Female,O+,9652601853
31644,Neha Kapoor,37,Female,A+,9186561562
31645,Vikram Sharma,54,Male,A-,9748558398
31646,Priya Reddy,43,Female,O+,9305451540
31647,Rohan Kapoor,51,Female,O-,9710624264
31648,Riya Singh,57,Male,A+,9317890923
31649,Divya Singh,46,Female,O+,9174115426
31650,Riya Singh,35,Male,A-,9566010828
31651,Sahil Singh,27,Male,O+,9539476267
31652,Sneha Reddy,21,Male,O-,9223158274
31653,Anjali Mehta,45,Female,O-,9817293142
31654,Aditya Mehta,52,Female,O-,9304504408
31655,Karan Gupta,22,Male,O+,9865659819
31656,Karan Verma,45,Female,B-,9607727607
31657,Karan Verma,29,Female,AB-,9292134371
31658,Rohan Singh,48,Female,O-,9580276201
31659,Divya Reddy,51,Female,B+,9463506149
31660,Sneha Mehta,22,Female,AB+,9437124241
31661,Sahil Verma,21,Female,O-,9838668578
31662,Vikram Reddy,59,Female,O+,9432865408
31663,Aditya Verma,53,Female,B+,9170734972
31664,Divya Gupta,22,Female,A-,9452641394
31665,Aditya Reddy,18,Female,AB+,9524700326
31666,Priya Sharma,54,Male,O+,9996540355
31667,Aditya Verma,31,Female,A+,9269690385
31668,Rohan Kapoor,59,Male,B+,9782984299
31669,Aman Verma,30,Female,A-,9497316537
31670,Arjun Gupta,21,Female,A-,9965520911
31671,Kavya Gupta,35,Male,AB-,9423209969
31672,Rohan Singh,27,Female,AB-,9766182886
31673,Karan Sharma,44,Male,AB+,9953134964
31674,Sahil Kapoor,25,Male,A-,9173247722
31675,Vikram Patel,41,Female,A-,9222574990
31676,Priya Verma,28,Female,A+,9213569917
31677,Neha Singh,57,Female,O-,9607952891
31678,Priya Verma,54,Female,B+,9457884849
31679,Rohan Reddy,32,Female,A+,9866643483
31680,Arjun Mehta,56,Female,B-,9881961457
31681,Pooja Verma,39,Female,B+,9206120140
31682,Priya Sharma,54,Male,A+,9466477227
31683,Arjun Gupta,33,Female,A-,9586654501
31684,Arjun Verma,39,Male,A-,9237157757
31685,Anjali Mehta,24,Male,O-,9413717560
31686,Anjali Sharma,23,Female,B+,9933518327
31687,Rahul Sharma,48,Female,AB-,9200347438
31688,Riya Patel,39,Male,B-,9684267820
31689,Karan Gupta,34,Male,B+,9806186444
31690,Sahil Singh,55,Female,O-,9426544691
31691,Karan Reddy,36,Female,O+,9727111328
31692,Aditya Mehta,25,Male,AB-,9837190947
31693,Pooja Gupta,40,Female,O-,9343249523
31694,Rohan Gupta,43,Male,AB-,9169883816
31695,Aditya Patel,32,Male,AB-,9119126050
31696,Neha Kapoor,55,Male,AB-,9758225115
31697,Rahul Singh,60,Female,O-,9448790825
31698,Divya Singh,57,Female,A-,9186621963
31699,Anjali Reddy,47,Male,O+,9708630334
31700,Aman Reddy,49,Male,AB+,9581803522
31701,Priya Patel,36,Male,AB+,9158220704
31702,Aman Singh,21,Male,AB+,9265742334
31703,Rahul Verma,43,Male,O+,9309802091
31704,Aman Reddy,28,Male,O+,9240489834
31705,Vikram Reddy,41,Female,B-,9593208060
31706,Kavya Sharma,28,Female,AB+,9681182319
31707,Anjali Reddy,32,Male,A-,9111622072
31708,Aman Mehta,59,Male,B-,9936147463
31709,Aman Sharma,30,Female,A+,9133920820
31710,Arjun Mehta,45,Male,O-,9818530919
31711,Arjun Reddy,54,Male,B-,9177025400
31712,Sneha Gupta,19,Male,O+,9135621955
31713,Priya Gupta,42,Male,B+,9125756622
31714,Sneha Reddy,51,Male,AB-,9123962527
31715,Arjun Singh,23,Female,A+,9568268634
31716,Aman Mehta,41,Female,A-,9482939620
31717,Neha Kapoor,19,Female,B+,9754400241
31718,Divya Sharma,28,Female,O-,9994805605
31719,Vikram Mehta,47,Female,AB-,9565975276
31720,Rahul Singh,50,Female,B-,9624521239
31721,Riya Patel,55,Female,A-,9967200144
31722,Arjun Reddy,60,Male,B-,9273425322
31723,Aditya Verma,25,Male,B+,9740636594
31724,Rohan Verma,27,Female,O-,9500736423
31725,Aman Patel,18,Male,B+,9226443810
31726,Priya Verma,56,Female,AB-,9414924101
31727,Aman Mehta,31,Female,A-,9761431969
31728,Karan Verma,21,Male,B+,9986843975
31729,Divya Sharma,59,Male,AB+,9390788811
31730,Vikram Mehta,44,Female,AB+,9349022468
31731,Priya Gupta,34,Male,AB+,9556597675
31732,Rohan Verma,27,Male,AB-,9547582315
31733,Kavya Sharma,36,Male,O+,9558646453
31734,Rohan Verma,37,Female,B-,9815868161
31735,Neha Sharma,54,Female,A-,9683608110
31736,Karan Gupta,38,Female,AB+,9156197219
31737,Riya Gupta,57,Male,A+,9359796733
31738,Rohan Verma,50,Female,B-,9488388283
31739,Pooja Verma,18,Male,O+,9720761581
31740,Arjun Kapoor,48,Female,B+,9717739150
31741,Priya Patel,37,Male,B+,9334321111
31742,Anjali Mehta,33,Female,O+,9961529792
31743,Divya Kapoor,38,Male,B-,9526403474
31744,Sneha Reddy,53,Male,B-,9521682910
31745,Neha Verma,18,Female,A-,9454867860
31746,Rahul Gupta,43,Male,AB-,9363736031
31747,Aditya Patel,47,Male,AB+,9875263680
31748,Karan Gupta,31,Female,O-,9351072716
31749,Sneha Reddy,55,Female,O-,9334169393
31750,Arjun Kapoor,31,Male,O-,9511320177
31751,Pooja Reddy,36,Male,A+,9874713150
31752,Karan Singh,59,Female,O-,9503543074
31753,Aditya Reddy,44,Female,AB-,9110480876
31754,Neha Sharma,54,Male,B+,9407529181
31755,Karan Verma,41,Female,A+,9681674109
31756,Neha Gupta,45,Male,B+,9841927469
31757,Priya Gupta,23,Female,O-,9382195215
31758,Rohan Singh,56,Female,A-,9452008209
31759,Divya Sharma,30,Female,O-,9760564500
31760,Anjali Patel,54,Female,A-,9172408424
31761,Priya Singh,20,Male,O+,9103291564
31762,Rahul Kapoor,24,Male,O+,9625966271
31763,Priya Singh,45,Female,A-,9585915225
31764,Aman Patel,21,Male,A+,9109053055
31765,Aditya Reddy,41,Male,AB+,9787181855
31766,Sahil Mehta,30,Male,B-,9519287875
31767,Priya Kapoor,28,Female,B+,9757498381
31768,Kavya Mehta,49,Male,B+,9959252328
31769,Rahul Kapoor,37,Male,AB-,9691386472
31770,Sneha Verma,34,Male,AB+,9783869026
31771,Arjun Patel,24,Female,B-,9188222067
31772,Arjun Reddy,51,Female,AB+,9720053337
31773,Aman Kapoor,31,Male,O+,9857545929
31774,Neha Gupta,31,Female,AB+,9916971701
31775,Sahil Verma,27,Male,O-,9454565798
31776,Pooja Singh,52,Male,AB+,9195094098
31777,Sahil Mehta,49,Male,AB-,9464714428
31778,Rohan Mehta,39,Female,O+,9570147306
31779,Rohan Patel,30,Male,B-,9697735519
31780,Anjali Mehta,50,Male,O-,9116888355
31781,Vikram Kapoor,23,Male,A-,9144520385
31782,Karan Mehta,59,Female,A+,9449562527
31783,Sahil Kapoor,58,Female,B+,9162256909
31784,Sneha Patel,57,Male,A-,9590651561
31785,Rohan Singh,39,Female,AB-,9589696553
31786,Anjali Mehta,57,Female,B+,9203800121
31787,Riya Patel,32,Female,O-,9167089127
31788,Karan Mehta,53,Female,A+,9471184152
31789,Neha Patel,27,Male,AB+,9385265672
31790,Vikram Gupta,24,Male,O-,9940448598
31791,Aditya Sharma,26,Female,O+,9209026406
31792,Aman Reddy,54,Male,O-,9557327689
31793,Sneha Singh,46,Male,A-,9968347230
31794,Vikram Patel,20,Female,A-,9338449586
31795,Karan Kapoor,43,Male,B-,9918182872
31796,Divya Singh,22,Male,A+,9326613198
31797,Vikram Reddy,22,Male,O+,9695423770
31798,Sahil Kapoor,35,Female,A-,9569167328
31799,Rohan Sharma,38,Male,B+,9213387577
31800,Rahul Patel,53,Female,O+,9506500650
31801,Priya Gupta,31,Male,AB-,9107738468
31802,Aditya Patel,51,Male,A-,9521534477
31803,Arjun Mehta,31,Female,AB+,9181384752
31804,Rahul Kapoor,33,Male,B-,9604395366
31805,Vikram Kapoor,46,Male,B+,9509203360
31806,Priya Singh,30,Female,A-,9482507047
31807,Rohan Reddy,60,Female,B-,9882364407
31808,Rahul Kapoor,46,Female,B+,9548207149
31809,Sneha Patel,21,Male,AB-,9256465768
31810,Divya Sharma,57,Female,A-,9986755165
31811,Vikram Singh,39,Male,AB+,9305371121
31812,Divya Gupta,54,Female,A+,9394162198
31813,Vikram Mehta,33,Female,AB+,9858783713
31814,Divya Patel,38,Male,O+,9586686184
31815,Vikram Singh,43,Female,O+,9401908637
31816,Arjun Reddy,44,Male,A+,9286806940
31817,Divya Verma,39,Male,O+,9603693323
31818,Pooja Sharma,26,Female,AB+,9208223467
31819,Rahul Patel,58,Male,AB+,9283874115
31820,Riya Gupta,42,Female,O+,9295607418
31821,Aman Mehta,44,Male,O-,9568940055
31822,Aman Singh,36,Female,O-,9268314428
31823,Riya Gupta,50,Male,B-,9627098736
31824,Priya Gupta,35,Female,AB+,9531103276
31825,Riya Mehta,39,Female,B+,9968608459
31826,Anjali Mehta,19,Male,A-,9355476874
31827,Rohan Mehta,35,Female,AB+,9220204876
31828,Aman Mehta,34,Female,O-,9365466859
31829,Vikram Sharma,28,Male,A+,9397532019
31830,Anjali Reddy,30,Female,A+,9999537071
31831,Aditya Sharma,32,Male,B-,9602261360
31832,Rahul Sharma,32,Female,AB+,9428621329
31833,Arjun Gupta,53,Male,A+,9252908933
31834,Pooja Singh,48,Male,B+,9405649696
31835,Rahul Sharma,39,Male,O+,9678045858
31836,Rohan Sharma,20,Male,O-,9518575781
31837,Rohan Patel,50,Male,AB-,9657979027
31838,Aditya Gupta,55,Male,B+,9718958426
31839,Karan Gupta,30,Male,O-,9237822418
31840,Kavya Patel,38,Female,B+,9188237945
31841,Aditya Reddy,18,Male,B-,9115536327
31842,Sneha Verma,37,Male,A-,9632216376
31843,Divya Verma,59,Female,O+,9706022239
31844,Neha Sharma,20,Female,A+,9574077933
31845,Riya Mehta,29,Male,B+,9582907402
31846,Vikram Gupta,38,Male,AB-,9982483543
31847,Anjali Verma,22,Female,O+,9345843197
31848,Sneha Singh,54,Male,B+,9308060322
31849,Aman Gupta,40,Male,O-,9640411484
31850,Arjun Kapoor,53,Male,AB+,9690941427
31851,Aman Patel,34,Female,AB+,9876200102
31852,Rohan Reddy,41,Male,AB-,9196575417
31853,Kavya Gupta,46,Female,B-,9484272625
31854,Neha Gupta,36,Female,O+,9990214072
31855,Rahul Gupta,36,Male,B-,9517905608
31856,Pooja Singh,54,Female,B+,9333149729
31857,Arjun Verma,47,Male,AB-,9633672647
31858,Sahil Gupta,36,Female,O+,9498632199
31859,Pooja Kapoor,45,Female,B+,9183342488
31860,Rohan Sharma,40,Male,A+,9509083626
31861,Divya Patel,34,Male,O+,9980595992
31862,Arjun Reddy,37,Female,A+,9722896521
31863,Sneha Sharma,29,Male,A+,9350986441
31864,Anjali Reddy,32,Male,A+,9643205087
31865,Rahul Mehta,36,Male,B-,9947644753
31866,Karan Mehta,54,Male,A-,9299560369
31867,Arjun Verma,38,Female,A+,9432035686
31868,Kavya Reddy,36,Female,O+,9287097950
31869,Divya Sharma,22,Male,A-,9177913643
31870,Sneha Sharma,39,Female,AB+,9606934878
31871,Pooja Kapoor,45,Male,A-,9469685802
31872,Rohan Sharma,50,Female,O+,9340042676
31873,Rohan Reddy,59,Female,O-,9111472971
31874,Divya Kapoor,59,Male,B+,9129020590
31875,Aman Singh,26,Male,AB+,9277545745
31876,Aman Patel,19,Male,B+,9416872001
31877,Divya Kapoor,25,Male,O-,9270685347
31878,Karan Reddy,42,Male,O+,9843463124
31879,Priya Mehta,29,Male,O+,9634961111
31880,Neha Singh,30,Male,A-,9601979071
31881,Rohan Kapoor,20,Male,A-,9178817607
31882,Sahil Gupta,43,Female,O+,9588002398
31883,Priya Verma,38,Male,O-,9239621336
31884,Rahul Sharma,57,Male,AB-,9627143929
31885,Aman Sharma,45,Male,AB-,9522890489
31886,Neha Patel,19,Female,O+,9767185077
31887,Riya Reddy,28,Female,O+,9245520981
31888,Rahul Kapoor,60,Male,B-,9901536338
31889,Rohan Kapoor,52,Female,B-,9916905093
31890,Rahul Gupta,37,Male,A+,9572747675
31891,Neha Reddy,53,Female,AB+,9107829073
31892,Aman Mehta,32,Female,A+,9829395289
31893,Rahul Sharma,26,Female,O+,9513359826
31894,Priya Gupta,46,Male,AB+,9964410052
31895,Aditya Verma,48,Male,AB+,9312411046
31896,Neha Singh,23,Male,A+,9423318505
31897,Pooja Mehta,34,Female,B+,9562778066
31898,Sahil Kapoor,33,Male,O+,9726637248
31899,Neha Gupta,28,Female,AB+,9995501227
31900,Priya Kapoor,39,Male,B+,9269779356
31901,Anjali Singh,28,Female,B-,9627787101
31902,Vikram Sharma,28,Male,B-,9788687344
31903,Anjali Reddy,44,Male,O-,9338645756
31904,Sahil Sharma,38,Female,O-,9568490553
31905,Rohan Singh,19,Female,A+,9768647704
31906,Vikram Verma,47,Female,O+,9135168417
31907,Anjali Gupta,56,Male,AB-,9491119560
31908,Riya Sharma,45,Male,AB+,9790047539
31909,Kavya Singh,33,Female,A-,9434872265
31910,Aditya Verma,56,Female,A-,9226610957
31911,Sneha Mehta,29,Female,AB+,9176250729
31912,Vikram Kapoor,55,Male,A-,9487907039
31913,Aditya Singh,40,Female,AB-,9472041023
31914,Pooja Singh,36,Male,B-,9342573124
31915,Riya Gupta,30,Female,AB-,9522475298
31916,Rohan Mehta,41,Male,AB-,9646703999
31917,Sneha Singh,60,Male,B+,9384252048
31918,Sneha Verma,42,Female,B+,9393989153
31919,Aditya Reddy,33,Female,A+,9522297970
31920,Rohan Reddy,60,Male,O-,9677434217
31921,Vikram Verma,32,Female,B-,9589349024
31922,Rahul Singh,47,Male,A-,9538929520
31923,Priya Verma,31,Female,B+,9497967295
31924,Anjali Mehta,38,Female,AB-,9151514894
31925,Rohan Kapoor,23,Female,A-,9250832902
31926,Sahil Verma,43,Male,B+,9736428711
31927,Karan Verma,43,Male,A+,9355578516
31928,Pooja Kapoor,52,Male,A-,9830824775
31929,Aditya Mehta,30,Male,AB+,9256845657
31930,Divya Verma,60,Male,B+,9480261618
31931,Riya Mehta,60,Female,O+,9212044725
31932,Sneha Gupta,48,Female,B+,9352300510
31933,Aditya Kapoor,60,Female,AB+,9660909403
31934,Pooja Sharma,31,Female,B+,9306764717
31935,Divya Gupta,38,Female,B+,9308896231
31936,Divya Patel,27,Male,AB-,9357946554
31937,Priya Singh,54,Male,B+,9350363014
31938,Aman Verma,37,Female,A+,9984623189
31939,Anjali Mehta,43,Male,A-,9320591159
31940,Aditya Verma,54,Male,O+,9878735754
31941,Vikram Patel,41,Female,A-,9532073303
31942,Karan Patel,30,Female,B+,9483602308
31943,Kavya Kapoor,55,Male,A+,9118689006
31944,Sahil Reddy,53,Female,A-,9552850260
31945,Riya Kapoor,32,Female,A-,9416577073
31946,Sahil Sharma,33,Female,B+,9589839379
31947,Kavya Gupta,48,Female,A+,9949288078
31948,Kavya Mehta,48,Male,AB-,9773891982
31949,Rahul Gupta,41,Female,A+,9400991396
31950,Pooja Reddy,26,Female,A-,9253916141
31951,Sneha Kapoor,49,Male,A+,9630053599
31952,Sneha Patel,57,Male,O+,9510570920
31953,Rohan Kapoor,39,Female,O+,9186958823
31954,Pooja Kapoor,41,Female,AB-,9920050230
31955,Rohan Patel,41,Male,O+,9883540421
31956,Pooja Kapoor,43,Female,A+,9856505852
31957,Neha Reddy,25,Male,B-,9403099695
31958,Riya Kapoor,20,Female,O+,9389936246
31959,Vikram Mehta,53,Male,AB-,9690091029
31960,Pooja Singh,19,Male,A-,9827057388
31961,Karan Gupta,19,Male,A-,9456591792
31962,Rahul Gupta,25,Male,O+,9560616911
31963,Kavya Verma,48,Male,AB-,9301505130
31964,Sahil Patel,44,Male,AB+,9432908353
31965,Anjali Reddy,47,Female,AB+,9169710877
31966,Vikram Reddy,20,Male,O+,9550884679
31967,Arjun Mehta,51,Male,B-,9880272274
31968,Kavya Singh,56,Female,AB-,9513400285
31969,Rohan Gupta,46,Female,A+,9661218237
31970,Priya Reddy,24,Female,B-,9410632611
31971,Aditya Mehta,32,Male,B-,9736610231
31972,Kavya Mehta,23,Male,A-,9969175119
31973,Pooja Singh,57,Female,O+,9799628984
31974,Kavya Reddy,52,Female,A+,9169833983
31975,Arjun Singh,57,Female,A+,9327857576
31976,Aditya Verma,49,Female,AB+,9687898326
31977,Arjun Reddy,39,Male,A+,9307797046
31978,Pooja Patel,39,Female,A+,9839330876
31979,Riya Verma,29,Female,A+,9670755957
31980,Karan Gupta,49,Female,A-,9175881252
31981,Riya Reddy,28,Male,O-,9586167213
31982,Aman Gupta,36,Female,O+,9311543731
31983,Neha Reddy,35,Female,B+,9407403874
31984,Aditya Sharma,32,Male,AB+,9617783438
31985,Arjun Kapoor,30,Male,A-,9173029816
31986,Vikram Kapoor,36,Female,AB+,9481908072
31987,Aditya Verma,58,Female,AB+,9121109528
31988,Sahil Sharma,58,Female,AB-,9401831831
31989,Neha Gupta,43,Male,A-,9559912483
31990,Aman Gupta,21,Male,A-,9212903623
31991,Divya Mehta,56,Female,B+,9916903082
31992,Divya Reddy,40,Female,A-,9746957126
31993,Sahil Reddy,25,Male,A-,9427630060
31994,Arjun Gupta,23,Female,O-,9251254181
31995,Pooja Sharma,51,Male,O-,9433191468
31996,Rohan Singh,49,Male,O+,9552175296
31997,Priya Gupta,20,Female,B-,9784613078
31998,Kavya Reddy,35,Female,B+,9229301287
31999,Vikram Singh,42,Male,O+,9707831746
32000,Sneha Reddy,59,Male,O-,9664496858
32001,Divya Singh,30,Female,O-,9436940750
32002,Kavya Patel,41,Male,AB-,9855670107
32003,Anjali Kapoor,59,Male,B+,9846865486
32004,Divya Patel,31,Female,AB+,9164772540
32005,Sneha Verma,40,Female,AB+,9982608340
32006,Priya Patel,58,Male,O-,9261140841
32007,Riya Sharma,20,Female,O-,9262947516
32008,Karan Mehta,36,Male,O-,9902100116
32009,Riya Patel,43,Female,AB+,9617250230
32010,Divya Kapoor,50,Female,AB+,9151295837
32011,Rohan Verma,19,Female,A+,9963837660
32012,Kavya Kapoor,45,Female,B-,9584633655
32013,Vikram Kapoor,35,Male,O-,9905372380
32014,Pooja Gupta,28,Female,B+,9135482110
32015,Priya Kapoor,35,Female,O+,9632280914
32016,Priya Singh,30,Female,A-,9267629387
32017,Pooja Gupta,53,Female,A-,9257858696
32018,Pooja Sharma,36,Female,A-,9227514540
32019,Aditya Mehta,22,Male,B-,9758262290
32020,Rahul Sharma,25,Male,O+,9715474814
32021,Riya Reddy,20,Male,A-,9546240202
32022,Aman Gupta,43,Male,B-,9234459817
32023,Pooja Patel,51,Female,AB+,9721087454
32024,Aditya Gupta,44,Female,B+,9229561174
32025,Sneha Sharma,41,Female,O+,9614312318
32026,Kavya Singh,21,Male,O-,9807531471
32027,Aman Patel,43,Female,AB-,9796254275
32028,Aman Sharma,58,Female,A-,9432685567
32029,Arjun Singh,22,Female,O-,9385143810
32030,Divya Sharma,18,Female,B-,9300221559
32031,Sneha Mehta,19,Female,O-,9557406604
32032,Rahul Verma,42,Male,B-,9871493449
32033,Divya Sharma,55,Male,O+,9563322952
32034,Anjali Kapoor,28,Female,O+,9788264145
32035,Priya Kapoor,56,Male,O-,9739267948
32036,Riya Verma,47,Male,B+,9741367293
32037,Neha Sharma,36,Female,AB-,9546638967
32038,Anjali Mehta,51,Female,AB+,9311732919
32039,Riya Reddy,52,Male,O-,9640933910
32040,Karan Reddy,30,Male,B+,9150304428
32041,Arjun Reddy,59,Female,O+,9551244309
32042,Priya Gupta,19,Male,O-,9952066969
32043,Priya Sharma,35,Male,AB-,9412714511
32044,Neha Reddy,23,Female,O+,9243383241
32045,Rohan Mehta,21,Female,B-,9191332415
32046,Sahil Sharma,46,Female,B+,9698905684
32047,Pooja Sharma,23,Female,AB-,9371238543
32048,Pooja Reddy,54,Female,B+,9279470676
32049,Aditya Kapoor,23,Female,B+,9338343991
32050,Sahil Sharma,24,Male,A-,9910688543
32051,Sahil Verma,47,Male,B-,9320545193
32052,Pooja Patel,29,Female,A-,9656621678
32053,Rahul Mehta,35,Female,AB+,9973777524
32054,Riya Reddy,51,Female,B-,9913184577
32055,Sneha Patel,53,Male,AB-,9108391519
32056,Aman Mehta,44,Male,B-,9620563268
32057,Rahul Gupta,38,Male,O+,9602387885
32058,Divya Sharma,18,Female,B+,9955197144
32059,Kavya Kapoor,39,Female,A+,9258309910
32060,Pooja Mehta,37,Male,AB-,9406308910
32061,Neha Mehta,33,Female,A+,9867499714
32062,Rahul Singh,22,Female,B-,9340348434
32063,Aman Mehta,26,Female,A+,9654187841
32064,Neha Mehta,21,Female,B-,9235558215
32065,Divya Sharma,49,Female,B+,9414313140
32066,Neha Verma,41,Male,O-,9573643356
32067,Pooja Verma,37,Female,O-,9286148714
32068,Karan Kapoor,20,Female,B-,9100720089
32069,Divya Patel,36,Male,O+,9105194359
32070,Kavya Singh,60,Male,B+,9179241804
32071,Vikram Gupta,40,Male,O+,9583080659
32072,Priya Mehta,41,Male,A-,9945815620
32073,Priya Singh,22,Male,A+,9804313240
32074,Sneha Mehta,31,Male,AB-,9621829446
32075,Anjali Gupta,23,Male,O-,9760595890
32076,Vikram Singh,45,Male,A+,9704082690
32077,Aditya Reddy,20,Male,B-,9237593801
32078,Sneha Reddy,24,Female,B-,9787989117
32079,Rahul Kapoor,41,Female,A-,9629451685
32080,Arjun Mehta,60,Female,A-,9946919728
32081,Aditya Reddy,26,Female,AB+,9568794194
32082,Kavya Verma,55,Male,A+,9725785144
32083,Pooja Patel,38,Male,A-,9357640302
32084,Priya Verma,41,Male,AB+,9760218811
32085,Karan Gupta,37,Female,A-,9638713536
32086,Neha Verma,44,Male,O+,9825634873
32087,Karan Sharma,48,Female,O+,9824162098
32088,Kavya Kapoor,42,Male,A-,9191905487
32089,Aman Reddy,22,Male,A+,9419956736
32090,Neha Singh,45,Male,O-,9637574089
32091,Karan Sharma,39,Male,AB-,9758620446
32092,Sneha Kapoor,54,Female,A-,9154822703
32093,Pooja Verma,18,Male,O-,9494812691
32094,Arjun Patel,32,Male,A+,9550299611
32095,Kavya Gupta,48,Male,B-,9946839694
32096,Vikram Singh,39,Male,O+,9863468454
32097,Rahul Reddy,32,Female,O+,9286397085
32098,Neha Sharma,49,Male,AB-,9813412286
32099,Riya Mehta,39,Female,B+,9334358124
32100,Priya Verma,27,Male,AB-,9370019131
32101,Divya Reddy,54,Male,B-,9468242534
32102,Sneha Verma,18,Female,A+,9792962771
32103,Anjali Singh,49,Female,AB-,9257791484
32104,Karan Verma,21,Male,AB-,9855006983
32105,Arjun Sharma,50,Male,A-,9816727795
32106,Anjali Verma,25,Female,B+,9696714635
32107,Rahul Singh,26,Female,B-,9661382674
32108,Aditya Singh,53,Female,AB+,9919810833
32109,Anjali Kapoor,42,Male,B-,9851656770
32110,Priya Patel,56,Male,B+,9150189034
32111,Priya Verma,44,Male,B+,9213040919
32112,Neha Mehta,46,Male,A-,9235108238
32113,Sahil Verma,42,Male,AB+,9662816766
32114,Kavya Verma,30,Female,B-,9290061396
32115,Aditya Patel,50,Female,A-,9451987808
32116,Divya Reddy,53,Male,B-,9937414283
32117,Riya Mehta,52,Male,AB+,9396713688
32118,Neha Sharma,25,Female,O+,9483198177
32119,Rohan Mehta,59,Female,AB-,9248592208
32120,Divya Verma,31,Female,A+,9314230909
32121,Anjali Singh,46,Male,AB+,9132367343
32122,Anjali Reddy,50,Male,O+,9294233835
32123,Aditya Singh,54,Male,O+,9770944464
32124,Vikram Gupta,20,Female,A+,9855644893
32125,Rohan Verma,51,Male,AB-,9449893541
32126,Aditya Singh,20,Male,B-,9314679249
32127,Priya Reddy,23,Female,A-,9943234368
32128,Neha Sharma,58,Male,O+,9771797058
32129,Aman Patel,32,Male,AB-,9458919319
32130,Neha Singh,34,Male,B+,9490048771
32131,Aditya Sharma,21,Male,B-,9105546334
32132,Sneha Kapoor,27,Female,AB-,9945022906
32133,Aditya Sharma,31,Female,O+,9261713420
32134,Kavya Singh,58,Male,O-,9336798443
32135,Kavya Gupta,25,Male,B-,9154034032
32136,Karan Gupta,53,Male,A-,9644582169
32137,Karan Kapoor,27,Female,O+,9276031950
32138,Sneha Verma,49,Male,A-,9405497359
32139,Pooja Gupta,20,Male,B-,9167295486
32140,Pooja Patel,41,Female,AB+,9507252755
32141,Aman Reddy,49,Female,O-,9953958728
32142,Karan Kapoor,25,Female,B+,9523837076
32143,Neha Sharma,23,Female,A-,9553689995
32144,Sneha Mehta,26,Female,O+,9849951456
32145,Priya Patel,57,Female,B+,9250200936
32146,Sneha Reddy,41,Male,O-,9360386040
32147,Riya Singh,48,Male,AB-,9749957104
32148,Priya Verma,51,Male,O-,9559244305
32149,Sneha Singh,49,Female,B+,9189865280
32150,Rahul Singh,22,Female,AB+,9606868161
32151,Divya Verma,25,Female,B+,9421326200
32152,Sneha Verma,53,Male,AB-,9486123775
32153,Sneha Singh,55,Female,B+,9232261947
32154,Sneha Singh,54,Female,B-,9830313276
32155,Neha Verma,55,Female,A+,9732390559
32156,Rohan Verma,19,Female,O+,9650410871
32157,Aditya Verma,50,Male,AB-,9908823003
32158,Anjali Mehta,20,Male,O+,9941052257
32159,Rohan Sharma,32,Female,O+,9424647742
32160,Rahul Verma,22,Female,AB-,9225328724
32161,Pooja Kapoor,21,Female,A-,9224642116
32162,Neha Mehta,40,Female,O-,9747937179
32163,Vikram Verma,53,Male,O-,9728764911
32164,Arjun Mehta,47,Female,A-,9581827366
32165,Priya Verma,50,Male,AB+,9669057989
32166,Rahul Reddy,44,Male,B+,9678304361
32167,Karan Singh,26,Male,B-,9305183305
32168,Priya Sharma,60,Male,AB+,9438248309
32169,Rahul Sharma,33,Male,AB+,9880419365
32170,Rahul Kapoor,56,Female,A-,9787800029
32171,Arjun Singh,30,Female,AB-,9319072868
32172,Karan Verma,21,Female,O+,9945979386
32173,Anjali Singh,22,Male,B-,9845692226
32174,Vikram Sharma,49,Female,O-,9623758114
32175,Rohan Mehta,60,Female,O+,9422529255
32176,Karan Gupta,30,Male,AB+,9515408744
32177,Divya Mehta,56,Male,B-,9531383592
32178,Divya Reddy,56,Female,A-,9234593131
32179,Anjali Kapoor,48,Male,O-,9413679589
32180,Priya Singh,40,Female,AB-,9130485461
32181,Rohan Verma,47,Female,B-,9971712187
32182,Anjali Sharma,43,Male,B+,9531096333
32183,Divya Patel,36,Female,O-,9627041724
32184,Arjun Verma,34,Male,O+,9194402712
32185,Riya Kapoor,54,Male,AB-,9992663219
32186,Sahil Verma,18,Male,B+,9527549024
32187,Divya Kapoor,38,Female,A+,9280613022
32188,Aman Mehta,18,Male,AB-,9502620114
32189,Vikram Singh,33,Male,AB-,9842191052
32190,Divya Mehta,47,Female,O+,9365483415
32191,Anjali Reddy,21,Male,A+,9210453541
32192,Divya Kapoor,24,Male,B-,9951976492
32193,Priya Gupta,45,Female,O-,9140772796
32194,Vikram Kapoor,20,Male,B+,9602004399
32195,Sneha Patel,26,Female,O-,9619791289
32196,Rohan Singh,27,Female,O-,9992385649
32197,Karan Kapoor,25,Female,O+,9659699713
32198,Sahil Mehta,40,Female,A-,9344618236
32199,Divya Patel,47,Male,B+,9303916241
32200,Pooja Kapoor,20,Male,B-,9868530406
32201,Riya Kapoor,57,Male,AB-,9643257080
32202,Sneha Kapoor,27,Male,B-,9514480543
32203,Riya Mehta,40,Female,O-,9673561179
32204,Aman Patel,20,Female,AB+,9209059385
32205,Aditya Verma,44,Female,O+,9993862767
32206,Rahul Kapoor,22,Female,AB-,9104594456
32207,Vikram Kapoor,54,Male,B-,9656587326
32208,Rohan Mehta,44,Male,B+,9299415508
32209,Kavya Patel,29,Female,O+,9937512131
32210,Priya Mehta,55,Male,A+,9353260958
32211,Neha Gupta,56,Female,B+,9521452901
32212,Divya Patel,51,Male,AB-,9664245470
32213,Sneha Reddy,54,Male,A+,9537319237
32214,Priya Mehta,49,Female,AB-,9876528506
32215,Sahil Gupta,20,Male,A+,9105678997
32216,Sahil Reddy,41,Female,B-,9387870635
32217,Riya Kapoor,47,Male,O+,9393244063
32218,Rahul Kapoor,31,Male,AB-,9489763755
32219,Arjun Patel,21,Female,AB-,9668944176
32220,Rahul Kapoor,58,Female,A+,9735690034
32221,Pooja Gupta,35,Male,AB-,9872349913
32222,Karan Patel,34,Male,A+,9926832897
32223,Rahul Kapoor,49,Male,B+,9732975339
32224,Neha Reddy,42,Female,B+,9111311651
32225,Arjun Gupta,52,Male,A-,9776981164
32226,Riya Gupta,35,Female,AB-,9728640135
32227,Vikram Mehta,51,Male,O-,9517831143
32228,Sahil Singh,34,Male,A+,9371504473
32229,Vikram Sharma,52,Female,AB+,9544794353
32230,Anjali Gupta,36,Female,A+,9479719343
32231,Karan Gupta,22,Male,AB+,9200582366
32232,Riya Sharma,31,Male,AB+,9488801686
32233,Sahil Gupta,58,Female,AB-,9364879081
32234,Rohan Patel,34,Male,O-,9939635967
32235,Rohan Kapoor,58,Female,AB-,9837236395
32236,Rahul Kapoor,36,Male,O-,9669335150
32237,Pooja Mehta,27,Female,B-,9671621507
32238,Kavya Gupta,25,Female,AB-,9352512823
32239,Aditya Patel,23,Female,A-,9880938196
32240,Vikram Reddy,20,Female,O-,9227125897
32241,Sahil Sharma,35,Male,O+,9864879875
32242,Aditya Patel,44,Male,AB-,9989000072
32243,Sneha Mehta,38,Female,AB+,9545645837
32244,Aman Reddy,30,Male,O+,9264792828
32245,Arjun Mehta,45,Female,AB-,9441818142
32246,Aditya Mehta,19,Male,AB+,9179296696
32247,Anjali Mehta,41,Female,AB+,9526320116
32248,Pooja Verma,22,Male,AB-,9244294941
32249,Divya Gupta,25,Male,A+,9883071199
32250,Rohan Gupta,38,Female,O+,9826673455
32251,Priya Sharma,32,Female,O+,9622082448
32252,Priya Verma,25,Male,AB-,9261820258
32253,Anjali Gupta,23,Female,AB-,9301449555
32254,Rohan Kapoor,46,Female,AB-,9369222629
32255,Vikram Patel,31,Female,A-,9662720685
32256,Kavya Patel,57,Female,A+,9520296886
32257,Rahul Sharma,60,Male,A-,9286846147
32258,Rahul Gupta,36,Male,B+,9167495348
32259,Sahil Gupta,43,Female,AB+,9520559891
32260,Priya Kapoor,53,Male,AB+,9140514998
32261,Neha Verma,31,Female,AB+,9320381484
32262,Divya Verma,35,Male,A+,9188544442
32263,Sneha Singh,22,Female,B+,9727132681
32264,Sahil Sharma,48,Male,B+,9903060015
32265,Kavya Reddy,59,Female,AB-,9770027331
32266,Sahil Verma,46,Female,AB+,9772610030
32267,Pooja Sharma,28,Male,A+,9116830562
32268,Neha Mehta,28,Male,B+,9425774238
32269,Aditya Reddy,49,Male,AB-,9203940641
32270,Kavya Mehta,24,Male,B-,9950929556
32271,Sahil Sharma,27,Male,AB+,9516541309
32272,Neha Gupta,37,Male,O+,9558357990
32273,Priya Gupta,23,Male,A+,9764790643
32274,Riya Patel,49,Female,AB-,9409898821
32275,Rohan Reddy,56,Male,O+,9750203859
32276,Divya Gupta,51,Female,O-,9731140226
32277,Vikram Singh,58,Male,B+,9270968272
32278,Riya Gupta,51,Male,B-,9214464528
32279,Anjali Sharma,48,Male,A-,9645528670
32280,Arjun Gupta,22,Male,A-,9833432881
32281,Kavya Singh,23,Female,B+,9476491071
32282,Arjun Verma,36,Male,AB+,9953835844
32283,Divya Singh,53,Male,A-,9108225830
32284,Divya Gupta,20,Female,A+,9422970986
32285,Vikram Verma,44,Male,A+,9647903875
32286,Aman Reddy,59,Male,A+,9444640472
32287,Sahil Gupta,43,Male,AB+,9768435471
32288,Anjali Verma,25,Female,A-,9703393503
32289,Riya Sharma,36,Female,B-,9128536717
32290,Divya Mehta,37,Female,AB+,9614746121
32291,Riya Gupta,21,Female,A-,9305261115
32292,Rohan Kapoor,43,Male,AB-,9391264167
32293,Rohan Sharma,27,Male,A+,9553451682
32294,Rahul Reddy,48,Female,B-,9390738665
32295,Pooja Patel,25,Male,O+,9304603265
32296,Anjali Kapoor,34,Female,O-,9104824777
32297,Vikram Kapoor,60,Female,A+,9830697874
32298,Neha Sharma,31,Male,AB-,9412855884
32299,Sahil Gupta,22,Female,AB+,9171098557
32300,Rahul Verma,56,Female,B+,9821312561
32301,Vikram Gupta,54,Female,O+,9772910240
32302,Pooja Verma,49,Female,A-,9109292598
32303,Aditya Sharma,39,Male,AB-,9854791212
32304,Neha Mehta,56,Female,A-,9320978309
32305,Sahil Reddy,44,Female,O-,9546946150
32306,Rohan Gupta,53,Female,B+,9686622414
32307,Sneha Reddy,57,Female,AB-,9944756633
32308,Anjali Kapoor,59,Female,AB-,9262911468
32309,Neha Kapoor,30,Female,AB+,9458550568
32310,Neha Sharma,29,Female,AB+,9717015432
32311,Sahil Gupta,35,Male,AB-,9855833193
32312,Priya Kapoor,45,Female,O+,9270304283
32313,Sahil Kapoor,30,Male,A-,9274946766
32314,Pooja Verma,52,Female,B-,9574402478
32315,Neha Mehta,37,Male,B-,9447928242
32316,Vikram Patel,23,Male,AB-,9455242215
32317,Karan Kapoor,29,Female,B+,9578142500
32318,Pooja Kapoor,39,Male,O-,9354502094
32319,Aman Kapoor,21,Female,O+,9904648098
32320,Divya Sharma,21,Female,O+,9397149502
32321,Pooja Reddy,46,Female,A+,9511574032
32322,Pooja Reddy,51,Male,O+,9231573775
32323,Divya Patel,35,Male,AB+,9487941681
32324,Priya Verma,49,Male,A-,9348767420
32325,Riya Singh,54,Female,AB+,9735028653
32326,Kavya Verma,34,Male,B-,9355288132
32327,Vikram Reddy,45,Male,B+,9760048927
32328,Anjali Singh,32,Female,B+,9405972207
32329,Karan Gupta,32,Male,AB-,9145768776
32330,Anjali Singh,27,Male,AB+,9668451580
32331,Aman Verma,58,Female,AB+,9560231532
32332,Rohan Sharma,18,Male,B-,9224068163
32333,Aman Singh,55,Male,A+,9140002729
32334,Riya Gupta,51,Female,A-,9478730634
32335,Vikram Gupta,45,Male,O-,9214479340
32336,Arjun Sharma,58,Female,O+,9105317813
32337,Divya Verma,22,Female,AB-,9898462518
32338,Anjali Gupta,26,Male,A-,9324693860
32339,Aman Kapoor,22,Female,O+,9618135375
32340,Divya Kapoor,54,Male,AB-,9783682452
32341,Arjun Reddy,33,Male,B+,9637436124
32342,Anjali Verma,24,Female,AB-,9159003734
32343,Sahil Reddy,24,Female,B+,9627085714
32344,Arjun Mehta,43,Male,A-,9212377613
32345,Rohan Kapoor,21,Male,O+,9603339380
32346,Rahul Gupta,46,Female,A+,9209395149
32347,Kavya Reddy,28,Female,B-,9724823130
32348,Divya Sharma,46,Male,AB-,9302659686
32349,Vikram Mehta,22,Male,AB+,9598960827
32350,Priya Gupta,48,Male,A-,9814816269
32351,Rohan Singh,52,Male,O+,9629949480
32352,Rohan Verma,21,Male,O-,9298120284
32353,Karan Kapoor,40,Female,B-,9269338808
32354,Aditya Gupta,35,Female,AB+,9258317197
32355,Karan Verma,45,Male,A-,9703743958
32356,Anjali Sharma,34,Male,AB-,9623910783
32357,Vikram Reddy,39,Male,B+,9960835474
32358,Sneha Verma,58,Male,AB-,9413761803
32359,Anjali Mehta,45,Female,O-,9381235904
32360,Sahil Sharma,41,Female,O-,9616915375
32361,Rohan Gupta,36,Female,A+,9452294280
32362,Rahul Verma,58,Female,O-,9758454258
32363,Aman Gupta,37,Female,B-,9577002644
32364,Aditya Sharma,35,Male,A+,9742315070
32365,Kavya Reddy,20,Female,A-,9161241101
32366,Vikram Gupta,44,Female,AB-,9823241774
32367,Pooja Verma,54,Male,O-,9830710694
32368,Priya Verma,46,Male,AB-,9713166063
32369,Rohan Mehta,25,Male,O-,9959360717
32370,Karan Reddy,59,Male,O+,9518325697
32371,Sneha Patel,53,Male,AB+,9182042586
32372,Rahul Sharma,56,Male,A-,9847728110
32373,Sneha Singh,55,Female,AB-,9523708134
32374,Arjun Sharma,33,Male,AB-,9401365397
32375,Karan Sharma,58,Male,B+,9924420462
32376,Neha Gupta,38,Male,B-,9917283723
32377,Vikram Singh,52,Male,O+,9936101492
32378,Sahil Sharma,23,Male,A+,9773349788
32379,Karan Sharma,26,Female,AB+,9342671423
32380,Vikram Sharma,49,Male,AB+,9438764049
32381,Divya Singh,40,Female,B+,9581385708
32382,Karan Patel,42,Female,AB-,9179948017
32383,Rahul Singh,24,Female,A+,9909809079
32384,Rahul Verma,32,Female,A-,9422895067
32385,Kavya Reddy,35,Female,B-,9577389319
32386,Aman Kapoor,47,Male,A-,9326168457
32387,Vikram Singh,55,Female,B+,9115677899
32388,Karan Verma,59,Female,AB+,9434208142
32389,Sneha Reddy,50,Female,AB-,9414182998
32390,Anjali Reddy,39,Female,A+,9617364705
32391,Rohan Gupta,59,Male,O+,9378466687
32392,Arjun Kapoor,34,Male,AB-,9536966483
32393,Pooja Sharma,21,Female,B-,9576178845
32394,Aman Sharma,32,Male,O+,9646145947
32395,Divya Gupta,21,Female,O+,9837788817
32396,Sahil Verma,30,Male,A+,9980772239
32397,Aman Mehta,18,Female,A-,9825871572
32398,Neha Patel,47,Male,O-,9895251803
32399,Rohan Mehta,51,Female,O-,9232660130
32400,Karan Mehta,34,Male,B+,9922123658
32401,Sneha Reddy,53,Male,O-,9442780230
32402,Divya Kapoor,56,Female,A-,9664433382
32403,Aditya Mehta,55,Male,AB+,9255254577
32404,Anjali Reddy,28,Female,A-,9704965342
32405,Sneha Sharma,35,Female,AB+,9558924754
32406,Anjali Patel,36,Male,B-,9192231598
32407,Sahil Kapoor,50,Male,A+,9258730672
32408,Rahul Sharma,19,Female,A+,9244525987
32409,Riya Patel,41,Female,O-,9571337315
32410,Anjali Patel,55,Female,B+,9535076904
32411,Anjali Mehta,56,Female,B+,9588808848
32412,Sahil Singh,41,Male,O+,9377838217
32413,Karan Verma,32,Female,AB+,9681525079
32414,Aditya Gupta,20,Male,B-,9590063487
32415,Rohan Reddy,25,Female,B+,9424433785
32416,Sneha Mehta,51,Male,O-,9921402396
32417,Rohan Kapoor,52,Male,B+,9792107884
32418,Divya Reddy,30,Female,A-,9122705036
32419,Kavya Verma,43,Female,B-,9176620100
32420,Aman Reddy,37,Male,O+,9583574746
32421,Rohan Verma,53,Female,AB-,9994707835
32422,Kavya Singh,54,Male,B+,9410241087
32423,Aditya Gupta,43,Male,A+,9688514069
32424,Karan Patel,18,Female,AB+,9108069407
32425,Riya Gupta,58,Male,A+,9459564978
32426,Karan Kapoor,44,Male,AB+,9205510950
32427,Divya Gupta,24,Female,B+,9788571855
32428,Pooja Patel,36,Female,B+,9256773186
32429,Rahul Reddy,23,Female,B-,9465233763
32430,Divya Reddy,44,Female,AB+,9390772429
32431,Karan Reddy,27,Female,AB-,9414386257
32432,Kavya Sharma,35,Female,B-,9959852837
32433,Aditya Verma,30,Female,O-,9823264829
32434,Karan Kapoor,26,Female,A+,9880930850
32435,Aman Gupta,20,Female,A-,9208405604
32436,Karan Gupta,19,Male,B+,9565095777
32437,Aman Mehta,54,Male,AB+,9510991650
32438,Kavya Singh,18,Male,AB-,9835317056
32439,Neha Kapoor,56,Male,B+,9321368542
32440,Sahil Sharma,22,Female,O-,9156342256
32441,Riya Verma,49,Female,A-,9113864172
32442,Pooja Mehta,40,Female,O-,9546869878
32443,Sahil Gupta,29,Male,A-,9637388325
32444,Karan Kapoor,21,Male,AB+,9552273468
32445,Anjali Sharma,53,Female,O-,9503552275
32446,Priya Mehta,24,Male,O+,9529368024
32447,Aditya Patel,35,Female,O-,9303777389
32448,Neha Mehta,27,Female,AB-,9768563852
32449,Vikram Patel,44,Female,B-,9250014667
32450,Karan Gupta,47,Male,B+,9379171436
32451,Karan Patel,19,Male,O-,9465108173
32452,Neha Reddy,25,Male,B-,9247226065
32453,Divya Patel,45,Male,B+,9369587428
32454,Aditya Mehta,47,Male,A-,9967146242
32455,Vikram Verma,51,Female,A-,9708222144
32456,Divya Singh,46,Male,A+,9888104257
32457,Neha Reddy,41,Male,B-,9353723718
32458,Aditya Kapoor,35,Male,AB+,9824500349
32459,Pooja Mehta,28,Male,A+,9584839332
32460,Priya Verma,44,Male,AB-,9195083137
32461,Neha Verma,20,Female,AB-,9138370604
32462,Priya Reddy,51,Female,B+,9771242284
32463,Pooja Gupta,51,Female,A+,9228327451
32464,Vikram Sharma,25,Female,B+,9904060667
32465,Karan Verma,24,Female,O+,9376007805
32466,Rohan Gupta,48,Male,B-,9363242910
32467,Aditya Verma,54,Female,AB-,9247299589
32468,Aman Singh,57,Male,B-,9352134569
32469,Riya Patel,47,Male,O-,9535074009
32470,Rohan Kapoor,57,Male,B+,9566346946
32471,Karan Singh,27,Female,A-,9654468709
32472,Anjali Reddy,32,Female,A+,9489337894
32473,Karan Reddy,34,Female,O-,9649945486
32474,Sahil Patel,41,Male,AB+,9714434348
32475,Aditya Kapoor,24,Male,O+,9606903322
32476,Anjali Sharma,27,Male,B-,9547910344
32477,Divya Singh,24,Male,B+,9976549145
32478,Aman Reddy,28,Female,B-,9814418632
32479,Arjun Singh,39,Male,A-,9926343388
32480,Riya Mehta,34,Female,A+,9837838020
32481,Sneha Singh,18,Male,A+,9567168634
32482,Neha Sharma,47,Female,B-,9678986685
32483,Divya Gupta,24,Male,B-,9445163297
32484,Kavya Verma,52,Male,A-,9610963829
32485,Karan Mehta,29,Male,O-,9884121175
32486,Karan Reddy,22,Male,O-,9817452101
32487,Neha Sharma,28,Male,O-,9304069773
32488,Pooja Reddy,30,Male,AB+,9525780605
32489,Arjun Sharma,34,Male,B-,9718668555
32490,Kavya Patel,21,Male,A-,9565381522
32491,Sahil Mehta,18,Female,AB+,9364924974
32492,Karan Kapoor,32,Male,A+,9570671875
32493,Divya Patel,59,Female,O-,9768673995
32494,Priya Singh,59,Female,B-,9612659384
32495,Rahul Kapoor,37,Female,AB-,9373667839
32496,Arjun Kapoor,56,Male,O+,9615109441
32497,Karan Verma,20,Male,O+,9845146665
32498,Kavya Verma,47,Male,A-,9224783470
32499,Rahul Sharma,46,Male,A+,9130611305
32500,Arjun Mehta,54,Female,AB-,9161742332
32501,Arjun Singh,49,Male,A+,9162101393
32502,Arjun Verma,36,Male,A-,9773937182
32503,Priya Sharma,51,Female,AB+,9854001899
32504,Priya Gupta,50,Male,AB+,9669848733
32505,Rohan Gupta,48,Male,O+,9911373855
32506,Vikram Mehta,50,Male,B-,9973887406
32507,Aditya Patel,45,Male,B-,9920970967
32508,Anjali Verma,39,Male,AB-,9842242342
32509,Kavya Gupta,26,Female,O-,9979542532
32510,Aditya Mehta,20,Female,O+,9640174622
32511,Rahul Kapoor,35,Female,B-,9330664288
32512,Vikram Patel,46,Male,AB-,9469254184
32513,Karan Sharma,33,Female,O+,9442108292
32514,Divya Gupta,47,Female,B+,9832298176
32515,Kavya Reddy,55,Male,O-,9232358649
32516,Vikram Patel,21,Male,A-,9469683335
32517,Vikram Patel,50,Female,B-,9404570946
32518,Kavya Singh,60,Female,AB+,9121136894
32519,Pooja Gupta,57,Female,A-,9177163644
32520,Aditya Sharma,40,Male,O+,9429190412
32521,Neha Sharma,24,Female,AB-,9297869070
32522,Aditya Patel,31,Female,AB+,9583103448
32523,Aditya Mehta,47,Male,B+,9972434508
32524,Neha Singh,37,Male,O+,9989068739
32525,Priya Sharma,49,Female,AB+,9361977943
32526,Karan Reddy,34,Female,O-,9139893980
32527,Aditya Verma,45,Male,B-,9824026642
32528,Aman Singh,25,Female,A-,9699926807
32529,Divya Mehta,37,Female,B+,9316839498
32530,Riya Patel,29,Female,O-,9185828749
32531,Anjali Sharma,39,Male,O-,9173529244
32532,Aman Gupta,22,Male,A+,9687192308
32533,Pooja Gupta,19,Female,A+,9960506122
32534,Sahil Sharma,57,Male,A-,9213247581
32535,Anjali Mehta,33,Male,O+,9156283616
32536,Rahul Patel,56,Male,A+,9849153584
32537,Priya Gupta,45,Male,O+,9759368278
32538,Rahul Verma,54,Male,B+,9512880004
32539,Neha Sharma,45,Male,O-,9168132773
32540,Divya Mehta,59,Female,AB-,9801730458
32541,Aman Kapoor,38,Female,A+,9241499274
32542,Rahul Mehta,18,Male,A+,9790281689
32543,Aman Sharma,31,Male,AB-,9543351013
32544,Karan Reddy,50,Male,AB+,9990253837
32545,Kavya Singh,23,Male,AB+,9257869783
32546,Vikram Sharma,37,Female,AB-,9319253700
32547,Arjun Mehta,39,Male,O-,9953355102
32548,Neha Gupta,52,Male,A+,9868240325
32549,Kavya Singh,50,Male,A+,9511125238
32550,Anjali Kapoor,48,Female,B+,9487448664
32551,Divya Singh,23,Male,B-,9789407481
32552,Sahil Kapoor,28,Male,B+,9473697269
32553,Divya Patel,19,Male,O-,9628058608
32554,Divya Mehta,45,Male,AB-,9525920614
32555,Priya Sharma,20,Male,AB+,9801159606
32556,Aditya Mehta,53,Male,O-,9526772949
32557,Sahil Patel,57,Female,O-,9649281548
32558,Pooja Kapoor,37,Male,A+,9499654064
32559,Karan Gupta,50,Female,B-,9610790364
32560,Karan Kapoor,52,Male,O+,9244860256
32561,Arjun Patel,21,Male,AB+,9298285515
32562,Sahil Sharma,33,Male,A+,9186622875
32563,Aditya Verma,46,Female,AB+,9690398045
32564,Neha Sharma,33,Male,AB-,9181316677
32565,Neha Verma,22,Female,AB-,9278701434
32566,Sahil Singh,46,Female,AB-,9286669355
32567,Kavya Verma,46,Female,O-,9684840736
32568,Divya Kapoor,24,Female,AB-,9502759067
32569,Aman Kapoor,46,Male,AB+,9165671857
32570,Arjun Verma,40,Female,O+,9678758085
32571,Aman Patel,37,Male,AB+,9529431630
32572,Rohan Patel,60,Female,AB-,9232526406
32573,Riya Gupta,52,Male,AB-,9181453616
32574,Rahul Verma,57,Female,A-,9204689981
32575,Anjali Mehta,50,Male,O-,9788609383
32576,Kavya Patel,55,Male,O-,9404105027
32577,Rahul Reddy,36,Male,B-,9682663807
32578,Kavya Gupta,46,Female,O-,9718287284
32579,Vikram Patel,57,Female,AB-,9320307963
32580,Karan Singh,47,Female,A+,9842279862
32581,Divya Sharma,51,Male,AB-,9536905503
32582,Riya Verma,45,Female,O-,9811930227
32583,Riya Singh,60,Female,B+,9915314745
32584,Arjun Singh,54,Male,O-,9944075141
32585,Aman Mehta,32,Female,AB+,9536275265
32586,Kavya Singh,46,Male,O-,9128168148
32587,Aditya Sharma,20,Male,B-,9374281988
32588,Vikram Verma,49,Female,B-,9358386885
32589,Sahil Verma,35,Female,B-,9408159256
32590,Vikram Kapoor,29,Male,O+,9502709778
32591,Neha Singh,20,Male,O-,9728225015
32592,Sahil Mehta,57,Male,O-,9115406890
32593,Riya Kapoor,58,Male,A+,9993150081
32594,Aditya Verma,53,Male,O+,9311876305
32595,Kavya Gupta,51,Male,AB-,9248750383
32596,Kavya Gupta,22,Male,B+,9586795337
32597,Vikram Gupta,52,Female,A-,9354803163
32598,Aditya Reddy,34,Male,O-,9573115338
32599,Rohan Verma,31,Male,B+,9606365045
32600,Divya Singh,45,Male,B+,9365498249
32601,Anjali Reddy,51,Female,AB+,9688725350
32602,Divya Kapoor,35,Female,B+,9779693467
32603,Priya Reddy,22,Female,O+,9231371627
32604,Riya Verma,39,Female,O+,9707884041
32605,Aman Mehta,48,Female,O-,9397917762
32606,Vikram Reddy,29,Male,A-,9719148132
32607,Riya Mehta,32,Male,B+,9834131832
32608,Sahil Reddy,53,Female,AB-,9629425751
32609,Rohan Verma,24,Female,AB+,9760278619
32610,Aditya Gupta,54,Male,A-,9245152608
32611,Rohan Sharma,57,Female,A+,9494762397
32612,Rahul Mehta,26,Female,A-,9403295803
32613,Neha Reddy,56,Female,AB-,9505617286
32614,Divya Verma,47,Male,O-,9516580489
32615,Vikram Verma,42,Male,O+,9573175961
32616,Divya Patel,41,Male,A+,9997498652
32617,Sahil Kapoor,57,Male,O+,9128410809
32618,Rohan Kapoor,48,Female,B+,9159876971
32619,Kavya Reddy,28,Female,B+,9950166105
32620,Aman Reddy,26,Male,O-,9791818011
32621,Aman Reddy,51,Male,B+,9566535559
32622,Sneha Singh,47,Male,A+,9140583554
32623,Aman Kapoor,34,Male,A+,9904284693
32624,Arjun Sharma,20,Male,AB+,9803035053
32625,Riya Gupta,59,Female,A+,9525564228
32626,Riya Verma,39,Male,O+,9758327678
32627,Sahil Kapoor,35,Male,AB+,9780661685
32628,Rohan Sharma,59,Female,O-,9531633521
32629,Rohan Patel,47,Female,AB-,9409520954
32630,Riya Verma,23,Female,O-,9567138462
32631,Aditya Mehta,34,Male,A-,9658167010
32632,Divya Sharma,60,Female,AB+,9440391652
32633,Rahul Reddy,42,Female,A+,9676347392
32634,Kavya Kapoor,20,Male,O+,9722976379
32635,Riya Reddy,29,Male,A+,9211892397
32636,Aditya Verma,44,Male,A-,9382961152
32637,Rahul Gupta,21,Male,B+,9501219558
32638,Rahul Mehta,30,Male,O+,9539928978
32639,Arjun Mehta,21,Male,O-,9971651803
32640,Aditya Reddy,30,Female,B-,9643265910
32641,Sneha Mehta,41,Male,A+,9191442307
32642,Pooja Kapoor,41,Male,O+,9244656336
32643,Neha Patel,50,Male,AB-,9635018616
32644,Aditya Kapoor,42,Male,AB+,9183139230
32645,Vikram Sharma,57,Male,B+,9319806741
32646,Vikram Gupta,50,Male,O-,9173735142
32647,Aditya Reddy,54,Male,AB+,9882212289
32648,Neha Mehta,37,Female,A+,9804153600
32649,Sahil Mehta,52,Female,A+,9680214713
32650,Rahul Singh,56,Female,A-,9522107092
32651,Rohan Reddy,44,Male,AB+,9953421857
32652,Kavya Verma,49,Male,AB+,9852398661
32653,Divya Verma,28,Male,AB+,9146050123
32654,Arjun Singh,57,Male,AB-,9684946758
32655,Vikram Reddy,43,Female,O+,9786490978
32656,Riya Gupta,29,Female,B+,9227953696
32657,Sneha Reddy,19,Female,O-,9214096314
32658,Arjun Gupta,55,Male,B+,9759959085
32659,Kavya Reddy,54,Male,AB-,9696135032
32660,Vikram Singh,24,Male,B-,9608080779
32661,Vikram Gupta,42,Male,O-,9229308277
32662,Kavya Sharma,51,Male,O-,9623746335
32663,Anjali Singh,48,Male,B+,9154080357
32664,Rahul Patel,23,Male,A-,9147767879
32665,Arjun Gupta,36,Male,B+,9395774593
32666,Sahil Singh,55,Male,A+,9432467275
32667,Kavya Verma,45,Male,O-,9664510309
32668,Rohan Kapoor,37,Female,B-,9619912595
32669,Riya Singh,27,Male,B-,9944160776
32670,Anjali Patel,56,Female,AB+,9638752948
32671,Neha Gupta,20,Female,AB-,9215631006
32672,Kavya Gupta,58,Female,A-,9360912421
32673,Divya Sharma,59,Male,B+,9107133680
32674,Kavya Verma,49,Female,B-,9160814291
32675,Sneha Mehta,47,Male,B+,9403813422
32676,Neha Gupta,56,Female,A+,9121589777
32677,Priya Sharma,47,Female,AB+,9738043758
32678,Sneha Reddy,40,Male,A-,9923531827
32679,Sahil Verma,36,Female,A+,9343154717
32680,Aman Kapoor,19,Female,AB+,9108024867
32681,Rahul Reddy,48,Female,O-,9219760526
32682,Aman Reddy,21,Female,O+,9920728623
32683,Karan Mehta,30,Female,AB-,9978683959
32684,Aman Kapoor,34,Male,A+,9678652269
32685,Rahul Patel,25,Male,B+,9459146582
32686,Pooja Verma,23,Female,B-,9694696699
32687,Karan Reddy,55,Female,A-,9803199803
32688,Rahul Patel,42,Male,B-,9177973184
32689,Rahul Kapoor,50,Male,AB-,9677533262
32690,Arjun Gupta,46,Male,O-,9973526304
32691,Sneha Sharma,39,Male,A+,9628874413
32692,Anjali Kapoor,32,Male,O+,9969197008
32693,Arjun Mehta,36,Male,AB-,9921929346
32694,Kavya Sharma,23,Female,A-,9805118965
32695,Rahul Kapoor,56,Female,AB-,9570208103
32696,Aditya Sharma,59,Male,AB+,9947995682
32697,Neha Verma,41,Female,AB+,9233709108
32698,Vikram Gupta,26,Male,B-,9348568353
32699,Priya Verma,40,Male,AB-,9301733718
32700,Aman Reddy,24,Male,B+,9100443063
32701,Sneha Singh,24,Male,AB-,9319328953
32702,Anjali Singh,26,Female,A-,9725621676
32703,Vikram Mehta,35,Male,O+,9461044580
32704,Kavya Singh,55,Male,AB+,9460819643
32705,Kavya Sharma,56,Female,A+,9988110803
32706,Rahul Sharma,39,Female,O+,9114304798
32707,Riya Reddy,43,Male,A-,9244422291
32708,Kavya Singh,34,Female,B-,9120771203
32709,Sneha Verma,50,Female,AB-,9796625041
32710,Anjali Gupta,60,Male,B-,9292049949
32711,Anjali Mehta,46,Female,B-,9117251829
32712,Aditya Patel,27,Female,B+,9932500491
32713,Arjun Verma,27,Female,AB+,9108335044
32714,Sneha Patel,47,Female,A-,9687690755
32715,Riya Patel,45,Male,B-,9568986775
32716,Rohan Verma,28,Female,B+,9619424527
32717,Riya Mehta,60,Male,A+,9929882645
32718,Divya Patel,33,Female,A+,9729299573
32719,Aditya Kapoor,60,Female,AB-,9169476465
32720,Priya Verma,53,Male,AB+,9490632836
32721,Vikram Patel,34,Male,B-,9417669343
32722,Rahul Kapoor,58,Male,B+,9852879719
32723,Divya Patel,31,Male,O-,9885899211
32724,Pooja Singh,25,Female,O-,9473687426
32725,Aman Reddy,55,Male,AB+,9902395536
32726,Aman Gupta,49,Female,AB+,9399437445
32727,Aman Singh,43,Female,AB-,9600734422
32728,Vikram Verma,59,Male,B-,9592080005
32729,Karan Singh,49,Female,A-,9108903958
32730,Pooja Patel,30,Male,AB-,9107003581
32731,Karan Gupta,48,Male,O+,9488665922
32732,Rahul Patel,37,Female,O-,9940470561
32733,Divya Reddy,53,Female,B-,9878519252
32734,Aman Kapoor,24,Male,A+,9324926003
32735,Riya Mehta,20,Female,O-,9532338534
32736,Sneha Mehta,34,Female,B+,9462193654
32737,Priya Kapoor,39,Female,O-,9711802056
32738,Pooja Sharma,27,Female,B+,9729855195
32739,Neha Reddy,31,Male,B-,9515075261
32740,Pooja Verma,47,Male,A+,9719437896
32741,Rohan Kapoor,42,Male,A-,9941666520
32742,Neha Verma,28,Male,A+,9822820446
32743,Aditya Mehta,44,Male,O+,9780635004
32744,Aditya Mehta,38,Male,A-,9865481928
32745,Rahul Singh,48,Female,B-,9468090638
32746,Arjun Sharma,18,Female,A+,9211271974
32747,Priya Mehta,18,Male,O+,9577140471
32748,Anjali Sharma,29,Female,O-,9898967558
32749,Divya Gupta,33,Female,O-,9629621345
32750,Kavya Mehta,55,Female,A+,9695364198
32751,Divya Singh,53,Female,AB+,9688564386
32752,Riya Reddy,22,Female,AB+,9457474278
32753,Anjali Singh,51,Female,O+,9866534179
32754,Vikram Gupta,45,Female,O+,9390381757
32755,Priya Patel,21,Female,O+,9818959030
32756,Karan Gupta,57,Male,AB+,9826986397
32757,Arjun Reddy,25,Female,AB-,9423449802
32758,Karan Reddy,47,Male,AB+,9480837235
32759,Sahil Mehta,55,Male,AB-,9396490715
32760,Rahul Reddy,27,Male,A+,9959943993
32761,Karan Mehta,21,Male,B+,9914994506
32762,Aditya Gupta,23,Male,A+,9967493428
32763,Aditya Gupta,29,Male,AB+,9641453906
32764,Sneha Verma,34,Male,A-,9578882756
32765,Rahul Verma,60,Male,O+,9865772251
32766,Kavya Reddy,44,Male,O+,9558571679
32767,Riya Verma,57,Female,B-,9182574666
32768,Vikram Verma,21,Male,B-,9358738611
32769,Riya Gupta,49,Male,O+,9829565116
32770,Sahil Kapoor,51,Male,O+,9758061896
32771,Riya Patel,46,Female,A-,9963027525
32772,Priya Patel,26,Male,AB-,9646026858
32773,Arjun Reddy,18,Male,B+,9438289876
32774,Aditya Mehta,52,Male,A+,9261768100
32775,Priya Kapoor,51,Female,O-,9916556427
32776,Kavya Patel,34,Female,B+,9603564171
32777,Kavya Patel,32,Female,O+,9680656985
32778,Divya Patel,35,Male,O-,9135098663
32779,Aman Kapoor,45,Female,AB-,9542975150
32780,Karan Mehta,39,Male,A-,9408731453
32781,Rahul Singh,38,Female,AB-,9470558723
32782,Pooja Patel,32,Male,O+,9711323651
32783,Sneha Sharma,32,Female,AB+,9672834756
32784,Sahil Reddy,21,Male,AB+,9605980924
32785,Priya Kapoor,53,Female,B-,9468559910
32786,Sneha Singh,38,Female,A-,9189320496
32787,Rahul Verma,28,Female,A+,9386799593
32788,Arjun Verma,46,Male,A-,9495118753
32789,Aman Reddy,38,Female,B-,9370377753
32790,Sahil Gupta,42,Male,O-,9276458820
32791,Divya Reddy,33,Female,AB+,9692949123
32792,Neha Verma,32,Male,A+,9925382218
32793,Anjali Verma,51,Male,AB-,9301186855
32794,Anjali Mehta,48,Male,A-,9329513277
32795,Divya Verma,57,Female,O-,9359507439
32796,Divya Mehta,22,Female,A-,9872915928
32797,Vikram Patel,18,Male,O-,9522609955
32798,Vikram Singh,26,Male,O+,9874087759
32799,Riya Singh,43,Male,O+,9710310602
32800,Sahil Patel,33,Female,A-,9942251773
32801,Sneha Singh,51,Male,B-,9379177066
32802,Sneha Sharma,59,Male,AB+,9696973088
32803,Rahul Reddy,34,Female,O-,9275255325
32804,Aman Gupta,44,Female,B-,9345874399
32805,Arjun Patel,33,Male,B+,9304402259
32806,Priya Verma,18,Male,B+,9910500556
32807,Karan Sharma,57,Female,B+,9559449776
32808,Priya Mehta,42,Male,B+,9435623994
32809,Karan Reddy,19,Female,AB+,9447234412
32810,Sahil Verma,19,Female,O-,9167225764
32811,Karan Patel,24,Female,A-,9319935521
32812,Anjali Singh,59,Female,AB+,9891656655
32813,Pooja Reddy,53,Female,A+,9739088196
32814,Karan Verma,27,Female,B+,9637424755
32815,Priya Singh,50,Male,B-,9768628174
32816,Rohan Verma,55,Female,O+,9597869113
32817,Divya Sharma,59,Male,B+,9684620883
32818,Riya Kapoor,28,Female,AB-,9462359275
32819,Karan Gupta,59,Female,A+,9184598551
32820,Vikram Verma,47,Male,B+,9774322589
32821,Rohan Verma,42,Female,AB+,9907855110
32822,Aman Singh,34,Male,AB-,9414231940
32823,Arjun Singh,42,Male,AB-,9287987908
32824,Pooja Patel,32,Female,AB-,9358557600
32825,Rahul Patel,60,Female,AB-,9817661933
32826,Divya Singh,46,Female,O+,9491914983
32827,Pooja Sharma,41,Female,O-,9689955445
32828,Aman Reddy,18,Female,O+,9935038962
32829,Aman Kapoor,20,Male,B+,9985095410
32830,Karan Reddy,32,Female,AB-,9931890357
32831,Rahul Gupta,56,Female,O-,9747470714
32832,Anjali Kapoor,23,Female,AB+,9887174868
32833,Pooja Sharma,51,Female,AB+,9360398082
32834,Priya Mehta,58,Female,B-,9670840771
32835,Sahil Mehta,33,Male,B-,9338798018
32836,Neha Reddy,42,Male,B+,9924999759
32837,Divya Gupta,52,Male,O+,9715579276
32838,Rohan Reddy,30,Male,B-,9577183097
32839,Neha Mehta,19,Female,A+,9641470206
32840,Neha Kapoor,38,Male,AB+,9770136967
32841,Vikram Singh,33,Female,A-,9919100013
32842,Sneha Mehta,51,Male,O+,9422381146
32843,Sahil Verma,26,Female,O-,9636846651
32844,Riya Kapoor,58,Female,A-,9102466685
32845,Rahul Reddy,41,Male,B+,9480410778
32846,Aditya Sharma,60,Male,A-,9734340430
32847,Pooja Gupta,47,Male,A+,9528794890
32848,Sneha Reddy,35,Male,AB-,9648558297
32849,Sneha Reddy,48,Male,B-,9771643946
32850,Sahil Kapoor,47,Male,O-,9291346650
32851,Riya Verma,34,Male,O+,9657972404
32852,Kavya Mehta,27,Female,O-,9963062869
32853,Aman Reddy,59,Male,A+,9403920439
32854,Riya Kapoor,53,Male,O-,9789404440
32855,Sneha Verma,52,Male,B+,9869136184
32856,Anjali Singh,50,Male,O+,9108440997
32857,Vikram Mehta,49,Female,AB+,9186513052
32858,Anjali Sharma,50,Male,B-,9623075858
32859,Divya Reddy,36,Male,AB-,9158338184
32860,Vikram Sharma,32,Male,AB+,9877359607
32861,Priya Singh,52,Female,B-,9525873826
32862,Riya Verma,57,Male,O+,9172203054
32863,Arjun Sharma,33,Male,O+,9517467265
32864,Sahil Mehta,43,Female,B+,9128851880
32865,Kavya Singh,50,Male,AB+,9177145577
32866,Arjun Reddy,35,Female,O+,9905195919
32867,Sneha Sharma,36,Male,O+,9992409639
32868,Pooja Verma,35,Male,O+,9935836580
32869,Sneha Sharma,52,Male,B-,9963351747
32870,Neha Mehta,21,Female,O-,9722608275
32871,Sneha Verma,29,Female,B+,9928148415
32872,Rohan Kapoor,43,Male,B+,9524425946
32873,Divya Gupta,58,Female,O-,9596427352
32874,Anjali Gupta,19,Female,AB-,9266070038
32875,Priya Mehta,57,Female,A-,9498501863
32876,Anjali Verma,25,Female,B+,9533539818
32877,Rohan Kapoor,25,Female,O+,9370324359
32878,Vikram Patel,19,Male,B-,9487059567
32879,Kavya Patel,56,Female,B+,9628295851
32880,Neha Gupta,49,Male,AB+,9919002416
32881,Sahil Mehta,41,Female,B-,9901895064
32882,Rahul Patel,37,Female,A+,9382349711
32883,Pooja Sharma,30,Female,O-,9475364404
32884,Kavya Verma,29,Female,B+,9157016323
32885,Karan Verma,33,Male,O-,9241714418
32886,Rahul Kapoor,47,Male,A+,9490813037
32887,Vikram Sharma,57,Female,O-,9401355819
32888,Sneha Verma,26,Male,AB-,9296796942
32889,Aditya Patel,24,Male,O-,9621062810
32890,Riya Gupta,23,Female,B-,9109962598
32891,Anjali Kapoor,36,Male,A+,9408021270
32892,Arjun Sharma,32,Male,A+,9872020921
32893,Priya Singh,56,Male,B-,9680136265
32894,Priya Patel,23,Male,O-,9225801939
32895,Anjali Mehta,42,Female,O-,9828455240
32896,Neha Verma,41,Female,A-,9276597447
32897,Rahul Sharma,30,Female,B+,9932584431
32898,Rohan Mehta,60,Male,A+,9303594340
32899,Riya Kapoor,38,Male,A+,9749746538
32900,Aditya Verma,38,Male,A+,9428402550
32901,Riya Singh,58,Male,B-,9921784982
32902,Anjali Singh,43,Female,AB-,9102492156
32903,Sahil Patel,57,Male,B+,9968113324
32904,Aditya Singh,20,Female,B-,9632608114
32905,Kavya Reddy,52,Female,A+,9626153592
32906,Aditya Sharma,56,Female,B-,9410835039
32907,Rahul Mehta,26,Female,A+,9961746149
32908,Aditya Verma,39,Female,O-,9657687140
32909,Anjali Mehta,19,Male,B-,9644094326
32910,Anjali Patel,36,Male,B+,9491211992
32911,Arjun Verma,20,Male,A-,9433752765
32912,Pooja Sharma,25,Female,O+,9304032866
32913,Kavya Verma,41,Male,A-,9693760496
32914,Neha Sharma,28,Male,O-,9763797374
32915,Rahul Kapoor,30,Female,AB+,9668953822
32916,Pooja Verma,57,Female,O+,9728583732
32917,Arjun Kapoor,43,Female,AB+,9584793328
32918,Riya Verma,50,Female,AB+,9112041500
32919,Neha Verma,52,Female,AB+,9978124693
32920,Rohan Kapoor,22,Male,A+,9582606715
32921,Riya Verma,42,Male,B+,9812118217
32922,Arjun Reddy,20,Female,AB-,9141397714
32923,Neha Sharma,42,Female,A+,9964611822
32924,Anjali Verma,54,Male,O-,9364269765
32925,Anjali Sharma,55,Female,O-,9519434824
32926,Priya Kapoor,19,Male,O+,9875516155
32927,Pooja Verma,44,Female,AB-,9291990603
32928,Divya Verma,30,Male,A-,9320397531
32929,Aditya Kapoor,28,Female,O+,9914706165
32930,Pooja Reddy,47,Female,O+,9728751721
32931,Divya Patel,21,Male,B-,9343803616
32932,Sneha Verma,58,Female,O+,9521206512
32933,Karan Reddy,29,Female,A-,9596585790
32934,Rohan Reddy,27,Female,A-,9571583161
32935,Aditya Sharma,46,Female,O-,9735844875
32936,Sneha Patel,32,Female,B-,9979202039
32937,Rahul Verma,46,Male,B+,9234320761
32938,Riya Reddy,45,Male,O-,9560989968
32939,Sahil Mehta,37,Female,O-,9160063349
32940,Vikram Gupta,55,Male,A+,9322260269
32941,Riya Verma,58,Female,AB-,9130312385
32942,Kavya Kapoor,43,Male,O+,9225526573
32943,Riya Mehta,43,Female,AB+,9884780431
32944,Vikram Gupta,49,Female,AB+,9152058974
32945,Sahil Patel,38,Male,A-,9291852631
32946,Pooja Verma,21,Female,AB+,9372860221
32947,Pooja Verma,55,Male,AB-,9118229749
32948,Pooja Reddy,18,Female,B+,9402449340
32949,Anjali Kapoor,53,Male,B+,9556667776
32950,Pooja Sharma,20,Female,O+,9541685143
32951,Anjali Gupta,37,Male,O+,9976817905
32952,Aditya Sharma,27,Female,A+,9786726872
32953,Priya Gupta,47,Female,A-,9614929300
32954,Anjali Verma,36,Male,O-,9443289180
32955,Aman Patel,20,Female,B-,9202831428
32956,Divya Singh,34,Male,B+,9861961713
32957,Riya Reddy,37,Female,B-,9583437411
32958,Divya Mehta,35,Female,A+,9730256453
32959,Arjun Gupta,45,Female,O-,9128102152
32960,Rahul Singh,39,Female,O-,9354803472
32961,Neha Reddy,46,Female,A+,9408945481
32962,Pooja Gupta,50,Female,B-,9390373220
32963,Kavya Mehta,28,Female,AB-,9885216271
32964,Pooja Kapoor,35,Male,AB-,9934334765
32965,Arjun Mehta,39,Female,A+,9303437474
32966,Aman Verma,25,Female,AB-,9270902331
32967,Vikram Verma,37,Male,AB-,9452480651
32968,Priya Gupta,21,Female,O-,9709185978
32969,Pooja Gupta,57,Female,AB+,9495742920
32970,Divya Sharma,59,Male,B-,9716557662
32971,Vikram Gupta,39,Female,AB-,9777260995
32972,Priya Kapoor,60,Female,A+,9185730729
32973,Rahul Reddy,41,Male,AB+,9817091659
32974,Anjali Patel,56,Female,A+,9713188338
32975,Anjali Mehta,36,Female,AB-,9673542616
32976,Riya Kapoor,34,Female,B+,9531673160
32977,Divya Verma,36,Male,B+,9928353906
32978,Sneha Reddy,41,Male,AB-,9804248079
32979,Riya Kapoor,38,Male,AB-,9970860123
32980,Neha Verma,24,Female,AB-,9481008813
32981,Vikram Verma,22,Female,AB-,9909460171
32982,Vikram Patel,53,Male,AB+,9434388620
32983,Neha Mehta,60,Female,O+,9261428650
32984,Divya Singh,53,Male,B+,9996680199
32985,Rohan Singh,22,Male,AB-,9223248705
32986,Priya Patel,50,Female,A-,9366184289
32987,Vikram Gupta,19,Male,O+,9954018204
32988,Sahil Gupta,49,Male,AB-,9326683730
32989,Anjali Mehta,39,Female,AB-,9492687892
32990,Divya Singh,35,Male,B-,9466588022
32991,Sneha Verma,21,Male,A+,9567274401
32992,Arjun Reddy,26,Male,B+,9869819938
32993,Aman Patel,52,Male,B+,9419388183
32994,Riya Reddy,44,Female,O-,9523921604
32995,Karan Verma,22,Female,O-,9465164646
32996,Kavya Reddy,40,Female,AB+,9875974985
32997,Riya Patel,56,Male,A+,9125654825
32998,Pooja Sharma,44,Female,B-,9432996002
32999,Vikram Mehta,29,Male,B+,9888868068
33000,Sneha Kapoor,48,Male,A+,9714381889
33001,Neha Gupta,53,Male,AB+,9396912877
33002,Aditya Singh,23,Male,AB+,9459963999
33003,Aman Sharma,22,Female,B-,9665257449
33004,Priya Kapoor,37,Female,B-,9981790845
33005,Sneha Reddy,19,Female,B-,9116232639
33006,Pooja Reddy,35,Female,B+,9225195525
33007,Karan Reddy,27,Female,B+,9599599474
33008,Riya Mehta,46,Female,B-,9379351114
33009,Priya Gupta,37,Male,O+,9770412429
33010,Vikram Mehta,48,Female,O+,9707030972
33011,Sahil Reddy,46,Female,B-,9254407320
33012,Aman Singh,57,Female,O+,9782093095
33013,Kavya Sharma,42,Male,A+,9274476051
33014,Priya Singh,38,Female,B+,9621994902
33015,Rahul Singh,33,Female,B+,9615298393
33016,Karan Kapoor,51,Male,B+,9547614312
33017,Rohan Singh,48,Female,A-,9952919947
33018,Karan Gupta,32,Male,A-,9396587240
33019,Anjali Gupta,50,Male,O-,9378386013
33020,Rohan Patel,35,Female,B-,9983742439
33021,Karan Singh,34,Female,A+,9115948806
33022,Neha Verma,25,Male,A+,9264875776
33023,Aditya Verma,28,Female,AB-,9716179868
33024,Pooja Verma,25,Female,AB+,9386754725
33025,Rohan Gupta,24,Male,AB+,9454482803
33026,Rohan Kapoor,36,Male,AB-,9825937929
33027,Sahil Sharma,46,Male,AB+,9774839909
33028,Vikram Sharma,52,Male,A-,9722322482
33029,Rahul Patel,34,Female,O-,9496794136
33030,Neha Sharma,56,Female,O+,9820939719
33031,Rahul Kapoor,55,Female,B-,9868328215
33032,Neha Mehta,58,Male,B-,9865076358
33033,Sahil Verma,19,Female,AB+,9346111324
33034,Kavya Singh,38,Male,A+,9817178728
33035,Priya Singh,59,Female,AB+,9589034325
33036,Anjali Singh,35,Female,B+,9574397328
33037,Priya Gupta,50,Female,O-,9179756871
33038,Aditya Kapoor,57,Male,B+,9954061126
33039,Riya Mehta,40,Female,AB+,9386506755
33040,Sahil Kapoor,45,Female,AB+,9193586521
33041,Vikram Reddy,42,Male,AB+,9867834493
33042,Arjun Verma,25,Female,AB+,9370605549
33043,Sneha Sharma,47,Male,AB+,9332252566
33044,Anjali Mehta,37,Male,A-,9871670401
33045,Anjali Gupta,26,Female,O+,9431214927
33046,Vikram Gupta,19,Male,AB-,9780889479
33047,Vikram Reddy,59,Female,O-,9514738546
33048,Kavya Patel,47,Female,O-,9827977835
33049,Riya Sharma,45,Male,B+,9591326700
33050,Priya Gupta,59,Female,A+,9733330964
33051,Rohan Mehta,53,Female,B-,9102640393
33052,Aditya Singh,29,Male,B-,9771313086
33053,Kavya Singh,47,Female,B-,9819473584
33054,Arjun Gupta,47,Female,AB-,9890181613
33055,Kavya Mehta,49,Female,AB-,9681595470
33056,Kavya Patel,34,Male,O+,9817815779
33057,Anjali Sharma,45,Male,A-,9173849049
33058,Anjali Gupta,20,Male,A-,9712072649
33059,Aman Gupta,59,Male,A-,9566339967
33060,Vikram Gupta,50,Male,AB-,9419344721
33061,Anjali Mehta,34,Male,O+,9584961107
33062,Kavya Mehta,44,Female,O-,9939240150
33063,Rahul Reddy,30,Male,A-,9966633241
33064,Rohan Singh,36,Male,B-,9985519283
33065,Aditya Sharma,54,Male,B+,9416164631
33066,Divya Patel,35,Male,A-,9326356914
33067,Aditya Kapoor,24,Female,B-,9998367261
33068,Arjun Kapoor,35,Female,AB+,9980939863
33069,Sahil Reddy,28,Female,AB-,9958259383
33070,Kavya Verma,32,Male,AB-,9968596653
33071,Neha Kapoor,20,Female,A+,9613363238
33072,Priya Gupta,48,Female,A+,9629054891
33073,Neha Patel,18,Female,B+,9275151591
33074,Neha Mehta,26,Female,O+,9577499714
33075,Aman Kapoor,35,Female,O-,9466589645
33076,Arjun Singh,44,Female,B+,9927960535
33077,Arjun Patel,53,Female,B-,9844243185
33078,Arjun Gupta,39,Female,A+,9868474734
33079,Sneha Gupta,59,Male,B+,9969077582
33080,Sahil Verma,54,Male,B-,9655034501
33081,Arjun Mehta,41,Male,AB-,9283370864
33082,Rohan Patel,60,Male,O+,9991614133
33083,Kavya Mehta,18,Female,A-,9772656300
33084,Kavya Singh,46,Female,A-,9773646949
33085,Sahil Sharma,45,Female,A+,9679708326
33086,Riya Singh,29,Female,O-,9116445046
33087,Sneha Mehta,31,Female,O+,9525384297
33088,Priya Singh,45,Male,AB+,9509640322
33089,Anjali Kapoor,59,Male,AB+,9511216387
33090,Priya Verma,46,Female,B+,9940332281
33091,Sneha Reddy,56,Male,B+,9936694504
33092,Riya Verma,24,Female,A+,9656610578
33093,Sahil Kapoor,41,Female,AB+,9362564129
33094,Sahil Verma,35,Female,A+,9681517555
33095,Neha Patel,33,Female,B+,9829041231
33096,Rahul Sharma,47,Male,B+,9311327244
33097,Kavya Verma,42,Male,A+,9796473570
33098,Kavya Mehta,55,Female,B+,9411985488
33099,Pooja Sharma,34,Female,B-,9106578670
33100,Sneha Patel,38,Female,O-,9985971040
33101,Neha Verma,46,Female,B+,9142389238
33102,Sahil Kapoor,34,Female,O+,9926848680
33103,Neha Patel,31,Female,B-,9667787801
33104,Rohan Gupta,29,Female,B-,9848355148
33105,Aman Reddy,49,Female,A+,9282344973
33106,Kavya Reddy,34,Male,O+,9551830720
33107,Aman Gupta,27,Female,O+,9106236222
33108,Anjali Singh,58,Male,A-,9217470637
33109,Kavya Sharma,30,Male,A-,9500406296
33110,Rahul Gupta,58,Female,A-,9693469335
33111,Rohan Verma,21,Female,B+,9511654885
33112,Kavya Kapoor,35,Female,AB+,9528273609
33113,Priya Gupta,59,Male,O+,9857107883
33114,Arjun Singh,28,Male,B+,9878472544
33115,Riya Sharma,50,Female,AB+,9987547757
33116,Divya Patel,52,Male,B-,9474790796
33117,Aditya Mehta,51,Female,B+,9758666802
33118,Sneha Sharma,23,Male,AB-,9631763376
33119,Priya Verma,19,Male,AB+,9280068799
33120,Divya Sharma,47,Male,B-,9280661276
33121,Karan Reddy,36,Male,AB-,9420109648
33122,Aditya Sharma,20,Male,O+,9291220769
33123,Rahul Verma,41,Male,A+,9753693357
33124,Aditya Sharma,55,Female,B-,9141789893
33125,Priya Sharma,50,Male,AB-,9217935014
33126,Priya Verma,20,Female,AB+,9371723263
33127,Karan Singh,19,Male,AB+,9749766243
33128,Sahil Singh,30,Male,A+,9841635142
33129,Neha Kapoor,25,Female,O-,9530842258
33130,Aditya Singh,33,Male,B-,9594331026
33131,Riya Singh,34,Female,B-,9373930621
33132,Arjun Reddy,29,Female,A+,9501688253
33133,Divya Mehta,37,Female,A+,9403818128
33134,Neha Reddy,52,Female,AB-,9688162595
33135,Aman Reddy,22,Female,B-,9142494743
33136,Aditya Mehta,35,Male,B+,9289041406
33137,Karan Sharma,42,Female,A+,9754374093
33138,Arjun Kapoor,30,Male,AB+,9351141739
33139,Anjali Sharma,35,Male,O+,9356128746
33140,Anjali Singh,41,Male,B+,9657872732
33141,Aditya Sharma,29,Female,A-,9442366512
33142,Sneha Kapoor,43,Female,O-,9907471779
33143,Vikram Kapoor,59,Male,O+,9872328729
33144,Karan Sharma,54,Male,A-,9541325246
33145,Sahil Reddy,38,Female,O+,9962450448
33146,Aditya Patel,28,Female,O-,9804397429
33147,Arjun Kapoor,19,Female,A-,9110444855
33148,Karan Kapoor,20,Female,B+,9749371190
33149,Aman Mehta,60,Female,AB-,9969506407
33150,Riya Patel,48,Female,AB+,9853568462
33151,Rohan Gupta,37,Female,A-,9452856663
33152,Divya Mehta,29,Male,O-,9582849724
33153,Rohan Reddy,47,Male,O-,9599012178
33154,Rahul Mehta,31,Female,B-,9744016504
33155,Kavya Gupta,34,Female,A+,9629710821
33156,Anjali Mehta,21,Male,AB+,9912864024
33157,Vikram Patel,23,Female,O-,9182374942
33158,Riya Sharma,36,Male,B+,9919294604
33159,Neha Kapoor,60,Female,A+,9815539006
33160,Sneha Sharma,35,Male,O+,9354880548
33161,Karan Sharma,23,Male,A-,9804717784
33162,Aditya Gupta,33,Female,AB+,9818851786
33163,Sneha Mehta,30,Female,AB+,9936820688
33164,Sneha Singh,27,Female,O-,9598115847
33165,Sahil Sharma,30,Male,A-,9932197284
33166,Riya Patel,28,Female,AB-,9773257449
33167,Arjun Mehta,60,Female,A-,9508903584
33168,Sneha Kapoor,60,Female,AB+,9624628298
33169,Aman Singh,28,Female,B+,9373437733
33170,Pooja Singh,39,Male,O+,9136037701
33171,Neha Sharma,53,Male,O+,9625450911
33172,Divya Reddy,23,Female,AB-,9362853970
33173,Sahil Verma,37,Male,O+,9950115997
33174,Priya Gupta,37,Female,AB-,9511068889
33175,Karan Patel,42,Male,O+,9355289429
33176,Vikram Patel,21,Male,AB-,9101279784
33177,Anjali Kapoor,51,Male,AB+,9181908154
33178,Sahil Singh,22,Female,AB+,9796605445
33179,Aman Singh,35,Male,O+,9760737017
33180,Priya Mehta,52,Male,O+,9710555685
33181,Rohan Verma,24,Female,O-,9965765266
33182,Karan Singh,40,Male,O+,9733669232
33183,Riya Patel,50,Male,B-,9681721830
33184,Priya Patel,48,Female,AB+,9197282290
33185,Aditya Mehta,35,Female,O+,9668024189
33186,Priya Gupta,26,Male,O-,9346206570
33187,Aman Mehta,55,Female,O-,9896545080
33188,Vikram Sharma,34,Female,B+,9153245498
33189,Aman Verma,19,Male,A-,9851068690
33190,Kavya Sharma,35,Male,AB-,9262217996
33191,Sahil Patel,31,Male,A+,9469683415
33192,Pooja Mehta,39,Female,A-,9920158815
33193,Riya Sharma,26,Male,A+,9603684917
33194,Pooja Mehta,30,Male,A+,9639843423
33195,Pooja Mehta,50,Female,B+,9627441188
33196,Pooja Gupta,48,Male,A+,9534912743
33197,Karan Singh,55,Female,A+,9221514936
33198,Anjali Patel,41,Female,B-,9892560404
33199,Sneha Singh,20,Female,B+,9180490922
33200,Pooja Reddy,43,Male,A-,9522089641
33201,Vikram Patel,32,Male,B+,9252393311
33202,Karan Kapoor,20,Male,O-,9433075710
33203,Rohan Singh,46,Female,B+,9883150860
33204,Kavya Sharma,27,Male,AB+,9242262850
33205,Rahul Singh,60,Male,A-,9232185234
33206,Priya Kapoor,34,Male,AB-,9647190372
33207,Neha Singh,30,Female,A-,9793894295
33208,Divya Singh,41,Female,O+,9193318423
33209,Divya Gupta,19,Male,O+,9462086884
33210,Riya Reddy,54,Female,A-,9296091972
33211,Aditya Singh,27,Male,B+,9748568182
33212,Riya Kapoor,26,Male,O+,9472778662
33213,Sneha Patel,39,Male,AB-,9163355882
33214,Pooja Mehta,57,Male,B-,9716988436
33215,Vikram Gupta,53,Female,A-,9454207702
33216,Vikram Verma,30,Female,AB-,9339515243
33217,Sneha Gupta,57,Female,A+,9219448548
33218,Anjali Kapoor,60,Female,O-,9242470335
33219,Divya Gupta,60,Female,O+,9878609139
33220,Sneha Gupta,40,Male,AB+,9780928008
33221,Arjun Kapoor,46,Male,AB+,9251733073
33222,Vikram Singh,53,Male,A-,9460871878
33223,Kavya Verma,28,Male,B-,9113872516
33224,Riya Reddy,41,Female,AB-,9628758491
33225,Neha Patel,36,Male,O-,9636864345
33226,Sneha Mehta,57,Female,AB+,9794018673
33227,Aditya Gupta,42,Female,AB+,9315737838
33228,Karan Reddy,22,Male,O+,9521368667
33229,Sahil Patel,23,Male,B+,9206119512
33230,Rohan Kapoor,46,Female,O-,9564283824
33231,Sahil Sharma,50,Female,O+,9830867945
33232,Neha Mehta,31,Female,A-,9161722696
33233,Karan Patel,60,Female,AB+,9346229690
33234,Aman Sharma,49,Male,AB+,9996764872
33235,Aditya Sharma,52,Female,O-,9573568515
33236,Neha Gupta,49,Female,B+,9736758476
33237,Priya Gupta,36,Male,O+,9399700964
33238,Aman Kapoor,55,Male,O-,9232744587
33239,Riya Patel,52,Male,A-,9173818966
33240,Karan Verma,55,Female,A-,9750681115
33241,Rohan Patel,34,Male,O+,9112691303
33242,Rohan Gupta,58,Female,O+,9659464838
33243,Aman Singh,26,Male,B-,9778542590
33244,Rohan Kapoor,23,Male,AB+,9714040887
33245,Rohan Gupta,27,Male,B+,9751184401
33246,Kavya Verma,31,Male,O-,9250905368
33247,Riya Gupta,38,Male,B-,9616582919
33248,Karan Sharma,23,Male,A+,9390600837
33249,Arjun Kapoor,35,Female,B+,9285353062
33250,Sahil Patel,22,Male,B+,9881902509
33251,Priya Verma,29,Male,AB-,9353674120
33252,Aditya Patel,21,Female,O-,9370234362
33253,Priya Reddy,37,Male,A-,9826565344
33254,Sneha Singh,59,Female,A+,9370451348
33255,Riya Kapoor,23,Male,B-,9418784464
33256,Aditya Patel,32,Female,AB-,9214656962
33257,Pooja Kapoor,28,Female,AB+,9902295944
33258,Kavya Kapoor,22,Male,AB+,9369210398
33259,Pooja Mehta,35,Female,AB+,9138783395
33260,Pooja Kapoor,40,Male,AB+,9400507977
33261,Riya Singh,50,Female,B+,9743196097
33262,Pooja Gupta,53,Female,AB+,9907839922
33263,Divya Sharma,60,Male,A-,9590050095
33264,Anjali Patel,40,Female,AB+,9822577300
33265,Riya Singh,26,Male,A+,9760275804
33266,Aman Sharma,25,Male,A-,9404983576
33267,Aditya Gupta,27,Male,O+,9228429592
33268,Priya Gupta,37,Female,O-,9757410024
33269,Neha Mehta,58,Male,A-,9135070739
33270,Aditya Verma,40,Male,AB-,9724428903
33271,Sahil Kapoor,20,Female,O-,9227989126
33272,Sahil Mehta,42,Male,O-,9471069372
33273,Karan Sharma,32,Female,B+,9230437356
33274,Pooja Mehta,58,Female,AB-,9279932339
33275,Divya Gupta,33,Female,B+,9708715159
33276,Sneha Singh,33,Male,B+,9949058594
33277,Pooja Reddy,55,Male,AB-,9493514804
33278,Divya Gupta,21,Male,O+,9738305619
33279,Anjali Kapoor,48,Female,AB+,9218423200
33280,Neha Mehta,60,Female,O-,9747166507
33281,Sahil Gupta,60,Female,O+,9235780205
33282,Vikram Verma,39,Male,A+,9374476790
33283,Anjali Kapoor,35,Male,AB+,9321222881
33284,Vikram Verma,27,Female,O+,9911313456
33285,Divya Singh,28,Male,B-,9276679201
33286,Rahul Gupta,25,Male,A+,9911010430
33287,Sneha Singh,55,Female,O+,9643796367
33288,Arjun Mehta,21,Male,O-,9685750764
33289,Pooja Singh,35,Female,AB-,9742254469
33290,Divya Sharma,33,Male,B-,9656273130
33291,Rohan Reddy,19,Female,O+,9921923397
33292,Rohan Verma,38,Female,O+,9690761003
33293,Rohan Patel,19,Female,AB-,9498909602
33294,Pooja Singh,19,Male,O+,9148432175
33295,Arjun Gupta,37,Male,O+,9436022412
33296,Sahil Kapoor,18,Male,A+,9931539974
33297,Pooja Singh,54,Male,A+,9899416142
33298,Kavya Sharma,30,Male,A+,9932184925
33299,Aman Reddy,60,Female,O-,9467897855
33300,Vikram Patel,49,Female,AB+,9768495315
33301,Karan Patel,35,Male,B-,9873662141
33302,Pooja Kapoor,38,Female,A-,9434200176
33303,Vikram Sharma,32,Female,A+,9112111512
33304,Karan Verma,22,Female,O-,9446101352
33305,Vikram Gupta,56,Male,A-,9387100222
33306,Vikram Verma,21,Female,B+,9340149756
33307,Sneha Verma,55,Male,A-,9571602359
33308,Sahil Verma,47,Male,AB+,9702697857
33309,Aditya Kapoor,24,Male,B+,9338906103
33310,Pooja Mehta,19,Female,A-,9733166488
33311,Vikram Reddy,41,Female,B+,9882528574
33312,Rohan Mehta,27,Male,A+,9821531842
33313,Riya Verma,38,Female,O+,9364451979
33314,Aman Mehta,39,Male,AB-,9959268900
33315,Anjali Patel,23,Male,O-,9489195775
33316,Aman Mehta,21,Female,A-,9120622375
33317,Kavya Patel,60,Female,AB+,9855829421
33318,Neha Kapoor,33,Male,B-,9488155548
33319,Priya Kapoor,29,Male,B+,9108814789
33320,Arjun Singh,59,Male,A+,9109403444
33321,Aditya Kapoor,38,Female,A-,9631729406
33322,Sneha Gupta,20,Female,AB-,9836210956
33323,Rohan Sharma,55,Male,AB-,9497335135
33324,Pooja Singh,51,Female,AB-,9278203519
33325,Neha Reddy,18,Male,B+,9730455985
33326,Karan Sharma,56,Female,A+,9939941399
33327,Pooja Gupta,28,Female,AB+,9759585464
33328,Riya Kapoor,46,Female,AB-,9701478555
33329,Anjali Kapoor,51,Male,AB+,9412879186
33330,Vikram Patel,18,Male,A-,9455826281
33331,Sahil Patel,58,Female,A-,9377189796
33332,Divya Singh,49,Female,B-,9974568972
33333,Priya Singh,60,Female,AB+,9557282201
33334,Vikram Patel,41,Male,A+,9147492109
33335,Riya Reddy,33,Female,AB-,9855398029
33336,Rohan Singh,23,Male,B+,9659133669
33337,Karan Singh,23,Female,B-,9249245701
33338,Aditya Reddy,58,Female,O-,9408514535
33339,Rahul Mehta,33,Male,O+,9249713928
33340,Kavya Patel,52,Female,AB+,9400590764
33341,Sahil Verma,41,Female,O+,9498176119
33342,Aditya Gupta,36,Male,O-,9436727913
33343,Neha Gupta,18,Female,B-,9181299002
33344,Aman Patel,29,Female,B-,9451010784
33345,Divya Mehta,20,Female,AB+,9741159026
33346,Anjali Sharma,43,Female,O+,9741171581
33347,Vikram Patel,36,Female,A+,9491882572
33348,Vikram Singh,21,Male,O+,9603887871
33349,Sahil Kapoor,54,Female,O+,9949550499
33350,Karan Sharma,38,Male,B+,9141602968
33351,Anjali Kapoor,22,Male,AB-,9418215294
33352,Neha Gupta,41,Male,AB+,9636887366
33353,Rohan Kapoor,26,Male,O+,9555911050
33354,Arjun Singh,37,Female,O-,9606766466
33355,Sahil Singh,54,Male,O-,9822408418
33356,Pooja Reddy,45,Female,B+,9677289504
33357,Arjun Kapoor,25,Male,O-,9607198772
33358,Aditya Singh,46,Male,B+,9596813900
33359,Kavya Mehta,34,Female,A-,9773349525
33360,Karan Mehta,36,Female,AB-,9386922627
33361,Arjun Verma,41,Male,B+,9886267636
33362,Rohan Sharma,28,Female,AB+,9763909090
33363,Kavya Sharma,33,Male,A-,9871851443
33364,Priya Patel,25,Female,O+,9584096099
33365,Riya Verma,32,Female,B+,9723694909
33366,Riya Gupta,34,Male,AB-,9527859011
33367,Pooja Gupta,22,Female,AB-,9248747760
33368,Arjun Reddy,53,Male,B+,9672040912
33369,Aman Gupta,57,Male,A-,9487601530
33370,Sneha Singh,49,Male,A+,9872230038
33371,Rohan Patel,46,Female,B-,9561467446
33372,Pooja Kapoor,30,Male,A+,9770408378
33373,Riya Patel,32,Female,A+,9492083243
33374,Karan Kapoor,33,Male,A-,9450496990
33375,Rohan Gupta,44,Female,B-,9695720001
33376,Rahul Sharma,39,Male,A+,9620866447
33377,Aman Mehta,51,Male,B-,9990120940
33378,Riya Patel,23,Male,B-,9528874086
33379,Karan Singh,53,Male,A-,9300280218
33380,Sahil Patel,36,Male,O-,9831562259
33381,Anjali Kapoor,31,Female,A-,9869208601
33382,Neha Kapoor,29,Male,AB-,9137283414
33383,Sahil Gupta,41,Female,O+,9344364477
33384,Anjali Sharma,51,Female,AB+,9783457720
33385,Neha Kapoor,23,Female,A-,9265298051
33386,Kavya Mehta,18,Female,O-,9530019037
33387,Kavya Reddy,34,Female,A-,9285689928
33388,Anjali Kapoor,20,Female,O+,9747555095
33389,Kavya Verma,28,Male,B+,9979309512
33390,Aman Singh,24,Female,O+,9460738568
33391,Riya Patel,26,Female,AB-,9471437554
33392,Priya Kapoor,42,Female,AB-,9772503913
33393,Anjali Sharma,35,Male,O+,9157976745
33394,Kavya Kapoor,26,Male,AB-,9824284639
33395,Riya Mehta,54,Male,AB-,9154417359
33396,Karan Sharma,58,Female,O+,9798879970
33397,Vikram Sharma,48,Male,A+,9284530878
33398,Pooja Reddy,59,Male,O+,9193539860
33399,Aman Mehta,57,Male,AB+,9923118076
33400,Rohan Verma,27,Female,O+,9993271084
33401,Vikram Reddy,57,Female,B+,9386342304
33402,Neha Patel,24,Female,B-,9513845118
33403,Sneha Singh,20,Female,B+,9456573736
33404,Rahul Kapoor,31,Male,B+,9552245512
33405,Anjali Mehta,55,Female,B+,9684119280
33406,Vikram Verma,30,Female,B+,9124088929
33407,Rahul Verma,55,Male,B-,9605057461
33408,Priya Verma,42,Female,A+,9629033902
33409,Anjali Verma,44,Female,A-,9262038994
33410,Rahul Verma,51,Female,B+,9953960741
33411,Riya Gupta,34,Female,A+,9322923860
33412,Sneha Reddy,32,Female,A-,9631315887
33413,Sneha Sharma,42,Male,AB+,9379900783
33414,Aditya Singh,32,Female,A+,9723051784
33415,Sahil Mehta,45,Male,A-,9213036372
33416,Aditya Gupta,60,Male,A-,9855186280
33417,Priya Patel,48,Female,A-,9824877868
33418,Neha Reddy,22,Male,AB-,9165889355
33419,Karan Sharma,46,Male,O-,9238999734
33420,Priya Mehta,60,Male,A+,9555659200
33421,Aditya Singh,42,Male,A-,9130614194
33422,Anjali Patel,23,Female,AB-,9188160416
33423,Sahil Verma,53,Male,A+,9299938300
33424,Riya Gupta,53,Female,O-,9803676455
33425,Arjun Sharma,29,Male,B+,9731999475
33426,Sahil Reddy,35,Male,AB+,9475842423
33427,Riya Sharma,44,Female,O-,9392087400
33428,Aditya Patel,35,Female,A+,9603596382
33429,Sahil Verma,29,Female,B-,9762802353
33430,Kavya Verma,42,Female,A+,9761234142
33431,Pooja Sharma,43,Male,O+,9298124613
33432,Pooja Singh,21,Male,A+,9297309071
33433,Pooja Patel,50,Male,A+,9665503581
33434,Pooja Kapoor,51,Male,B-,9411846154
33435,Karan Reddy,53,Female,A+,9195267076
33436,Aman Gupta,35,Male,AB-,9186516702
33437,Aman Patel,36,Female,O+,9936498794
33438,Arjun Patel,48,Female,O-,9208017195
33439,Aditya Patel,43,Male,AB-,9254798515
33440,Sahil Reddy,42,Male,B-,9676792024
33441,Riya Verma,27,Female,B-,9895697891
33442,Rahul Singh,20,Male,A+,9503522886
33443,Pooja Sharma,39,Male,A-,9305826795
33444,Sahil Kapoor,55,Male,AB-,9595545521
33445,Aditya Sharma,48,Male,AB+,9991553512
33446,Riya Sharma,60,Male,A+,9479359089
33447,Neha Patel,24,Male,O+,9382761876
33448,Sahil Patel,23,Female,AB+,9362880188
33449,Karan Mehta,59,Male,AB+,9993626753
33450,Pooja Patel,30,Female,B-,9726599312
33451,Sahil Patel,32,Male,AB-,9530280686
33452,Riya Sharma,21,Female,A-,9143035242
33453,Sneha Patel,51,Male,AB-,9771569034
33454,Pooja Reddy,19,Male,A-,9318017378
33455,Aman Patel,43,Female,AB+,9119435333
33456,Divya Singh,28,Male,A-,9203253475
33457,Aman Gupta,59,Female,B+,9307933382
33458,Neha Kapoor,31,Male,O-,9370517164
33459,Anjali Patel,36,Male,O+,9182661649
33460,Kavya Mehta,41,Female,O-,9639094770
33461,Karan Mehta,35,Male,O-,9490089151
33462,Neha Reddy,30,Male,A-,9327232983
33463,Vikram Reddy,56,Male,B-,9949083554
33464,Anjali Verma,35,Female,A-,9855881170
33465,Pooja Reddy,18,Female,O+,9565076392
33466,Divya Mehta,55,Female,O-,9894789005
33467,Aman Verma,55,Male,AB+,9735002356
33468,Sneha Sharma,59,Female,B+,9875755264
33469,Divya Kapoor,24,Female,O+,9870617361
33470,Sneha Singh,56,Male,O-,9555572583
33471,Rahul Sharma,44,Male,A-,9360584514
33472,Vikram Kapoor,43,Female,A-,9750429676
33473,Rohan Verma,42,Female,AB+,9560091897
33474,Vikram Kapoor,36,Female,O+,9278772380
33475,Anjali Verma,39,Male,B-,9902969169
33476,Neha Patel,30,Female,O+,9171277421
33477,Rohan Verma,34,Male,O-,9821603326
33478,Pooja Gupta,31,Male,O-,9427122525
33479,Priya Mehta,18,Female,A+,9323855111
33480,Divya Gupta,59,Male,A-,9453061827
33481,Arjun Patel,52,Female,A+,9943877174
33482,Sneha Singh,20,Female,AB+,9132358543
33483,Rohan Sharma,48,Female,B-,9300616515
33484,Sneha Gupta,31,Male,B-,9309363041
33485,Karan Sharma,41,Male,B+,9417974154
33486,Sneha Mehta,37,Female,A+,9585412914
33487,Aman Sharma,44,Female,AB-,9220096168
33488,Rahul Singh,25,Male,AB+,9719755418
33489,Vikram Singh,59,Male,A-,9684468012
33490,Karan Patel,36,Female,B-,9949923016
33491,Pooja Gupta,48,Male,B-,9349077323
33492,Neha Reddy,45,Female,B-,9290572879
33493,Sahil Singh,41,Female,AB+,9592971130
33494,Kavya Singh,24,Male,O-,9569386648
33495,Sneha Singh,60,Female,O+,9658700905
33496,Priya Patel,37,Female,AB-,9574167670
33497,Sahil Patel,58,Male,A-,9883528487
33498,Pooja Verma,43,Female,B+,9241534949
33499,Arjun Sharma,21,Female,B+,9250456858
33500,Aditya Singh,38,Male,A-,9470456003
33501,Aman Mehta,33,Female,AB+,9587866763
33502,Kavya Kapoor,22,Male,AB-,9998273909
33503,Sneha Kapoor,30,Female,A+,9635789896
33504,Anjali Singh,39,Male,AB+,9564281334
33505,Arjun Patel,54,Male,O-,9875503205
33506,Divya Sharma,39,Female,B+,9132815852
33507,Aman Sharma,52,Female,AB-,9333885895
33508,Aman Verma,49,Male,AB-,9444441633
33509,Rahul Kapoor,39,Female,AB-,9732286029
33510,Aman Kapoor,45,Male,B-,9323409151
33511,Priya Kapoor,41,Female,AB-,9502930639
33512,Divya Patel,54,Female,AB+,9379211821
33513,Karan Sharma,57,Female,O+,9845614484
33514,Divya Verma,60,Male,B-,9879480540
33515,Rahul Mehta,51,Male,O+,9747910049
33516,Anjali Kapoor,22,Male,AB-,9558966618
33517,Sneha Reddy,29,Male,AB+,9580317768
33518,Rahul Patel,51,Male,B+,9141520757
33519,Divya Gupta,44,Female,A+,9707740926
33520,Vikram Singh,24,Male,A+,9539084008
33521,Rahul Reddy,34,Female,A+,9534310247
33522,Sneha Singh,39,Male,AB-,9124862654
33523,Arjun Kapoor,38,Male,AB-,9811378883
33524,Neha Kapoor,29,Female,O+,9102622823
33525,Rahul Verma,32,Male,B-,9825678676
33526,Karan Patel,30,Male,B+,9542860049
33527,Aditya Gupta,51,Female,O-,9626634177
33528,Karan Mehta,54,Female,O+,9758534060
33529,Arjun Mehta,37,Male,O+,9533899582
33530,Sneha Sharma,31,Female,AB+,9627574633
33531,Anjali Verma,52,Female,AB+,9559908198
33532,Priya Gupta,43,Female,AB-,9582512850
33533,Sneha Patel,55,Male,B+,9909777786
33534,Rohan Mehta,56,Male,B-,9427770011
33535,Rahul Verma,42,Female,AB-,9498185129
33536,Sahil Singh,51,Female,B-,9403219996
33537,Anjali Patel,40,Female,AB+,9780659466
33538,Arjun Kapoor,27,Female,A-,9698216090
33539,Aditya Gupta,20,Female,AB-,9332937014
33540,Pooja Sharma,55,Male,B-,9951888514
33541,Rahul Sharma,22,Male,O+,9239311472
33542,Vikram Singh,58,Female,O+,9424968585
33543,Pooja Mehta,24,Female,A+,9494789410
33544,Pooja Singh,37,Female,AB+,9733651594
33545,Kavya Singh,45,Male,O+,9942738857
33546,Aman Reddy,40,Female,A+,9599767123
33547,Karan Kapoor,35,Male,AB+,9697040530
33548,Sneha Patel,18,Male,AB+,9394247033
33549,Riya Sharma,36,Female,AB-,9537972288
33550,Rahul Mehta,33,Male,B+,9637993375
33551,Sahil Mehta,48,Male,A-,9837808410
33552,Neha Sharma,55,Female,A-,9202940165
33553,Riya Reddy,49,Female,O-,9868672472
33554,Karan Patel,53,Female,O+,9467022059
33555,Divya Mehta,25,Female,A-,9846783656
33556,Neha Mehta,42,Male,AB+,9939087091
33557,Anjali Verma,32,Male,B+,9173006713
33558,Kavya Verma,32,Female,AB-,9436821698
33559,Sneha Mehta,35,Male,AB+,9948766263
33560,Rahul Verma,25,Male,O-,9874648360
33561,Sahil Singh,27,Female,B+,9867796041
33562,Divya Gupta,23,Female,AB+,9688868589
33563,Rahul Verma,49,Male,B-,9412912660
33564,Sahil Kapoor,54,Male,B+,9163696198
33565,Aman Sharma,19,Female,O+,9548854915
33566,Neha Patel,51,Female,AB-,9975230578
33567,Priya Kapoor,39,Female,O+,9180716572
33568,Divya Singh,58,Male,O+,9842221766
33569,Pooja Singh,18,Female,B+,9942351672
33570,Kavya Verma,39,Male,O-,9791898194
33571,Arjun Singh,18,Male,AB-,9505174196
33572,Arjun Singh,54,Male,A+,9889911984
33573,Karan Sharma,45,Female,B+,9743237666
33574,Neha Gupta,39,Female,O+,9173137746
33575,Karan Mehta,33,Male,A-,9656107230
33576,Sneha Reddy,35,Female,A+,9631473485
33577,Arjun Patel,53,Male,B-,9561834211
33578,Rahul Gupta,29,Female,B+,9412413710
33579,Aman Singh,39,Male,AB+,9296507218
33580,Aditya Mehta,57,Male,O-,9809487619
33581,Anjali Mehta,47,Male,B+,9906943168
33582,Vikram Reddy,37,Female,A-,9849080412
33583,Sahil Sharma,57,Male,O+,9232162918
33584,Kavya Reddy,20,Male,AB+,9849598553
33585,Kavya Mehta,42,Male,B+,9939271722
33586,Aditya Singh,19,Male,A-,9973934707
33587,Rahul Verma,48,Male,B+,9446270661
33588,Rahul Sharma,23,Female,O+,9280547222
33589,Neha Mehta,54,Male,O+,9251595553
33590,Sahil Singh,47,Male,O+,9832415964
33591,Aditya Mehta,18,Male,O+,9201114402
33592,Kavya Gupta,43,Male,O+,9106470411
33593,Kavya Verma,48,Female,A-,9649279386
33594,Arjun Gupta,59,Male,B-,9589455926
33595,Divya Sharma,59,Female,B+,9776369655
33596,Kavya Gupta,52,Female,O+,9559725335
33597,Arjun Sharma,33,Female,AB-,9563784546
33598,Arjun Patel,60,Male,O+,9611873261
33599,Priya Kapoor,57,Male,B+,9844574314
33600,Sahil Gupta,46,Female,A+,9794162241
33601,Neha Sharma,22,Female,A-,9185338897
33602,Priya Verma,26,Male,B+,9255956329
33603,Arjun Gupta,54,Male,O-,9649461007
33604,Arjun Sharma,45,Male,AB-,9983450147
33605,Anjali Sharma,25,Female,A+,9819456165
33606,Rohan Verma,52,Female,O-,9989023177
33607,Kavya Sharma,27,Male,AB+,9359090148
33608,Rahul Reddy,25,Male,AB-,9415812579
33609,Priya Mehta,38,Male,B-,9759491068
33610,Sahil Singh,38,Female,O+,9551839471
33611,Rohan Patel,30,Female,AB+,9119570443
33612,Sahil Reddy,38,Female,B-,9503607314
33613,Neha Patel,45,Female,AB-,9956594879
33614,Pooja Singh,56,Female,AB+,9353420108
33615,Riya Patel,33,Female,AB+,9553653749
33616,Aditya Verma,38,Male,B+,9111556025
33617,Aman Sharma,47,Female,O+,9620579272
33618,Rohan Patel,55,Female,B+,9862153008
33619,Riya Mehta,55,Female,AB+,9755659474
33620,Priya Sharma,42,Female,AB+,9603762586
33621,Sahil Patel,58,Male,B-,9863327602
33622,Neha Reddy,19,Female,A+,9166056548
33623,Rohan Patel,43,Male,O-,9212303456
33624,Rahul Reddy,57,Male,O+,9240218179
33625,Anjali Patel,54,Male,A+,9771240088
33626,Aman Gupta,32,Male,O-,9456487230
33627,Aman Mehta,54,Female,A-,9737031781
33628,Divya Singh,19,Male,AB-,9399814927
33629,Aditya Gupta,25,Female,A+,9580940120
33630,Rohan Sharma,39,Female,AB-,9704352156
33631,Karan Verma,40,Male,A+,9240506506
33632,Rahul Kapoor,48,Female,B-,9645619793
33633,Aditya Reddy,20,Female,B-,9132340364
33634,Vikram Sharma,20,Female,AB+,9488509164
33635,Vikram Reddy,38,Female,A+,9475962526
33636,Aditya Mehta,59,Male,A+,9694852599
33637,Kavya Gupta,26,Female,A-,9785049373
33638,Aman Singh,24,Female,O+,9751519723
33639,Kavya Singh,51,Male,O+,9114164687
33640,Riya Sharma,37,Female,B-,9309470046
33641,Divya Kapoor,52,Female,A+,9715033667
33642,Aman Reddy,39,Female,B+,9520649999
33643,Riya Sharma,53,Female,A+,9741717621
33644,Sneha Sharma,37,Female,A+,9775943094
33645,Anjali Sharma,41,Female,O+,9844371488
33646,Divya Sharma,58,Female,AB-,9200652798
33647,Riya Reddy,52,Female,B+,9653762978
33648,Vikram Patel,52,Female,AB-,9664791541
33649,Karan Reddy,54,Male,B+,9960697361
33650,Pooja Singh,50,Male,B+,9705069997
33651,Rohan Verma,37,Female,O+,9641401674
33652,Aditya Reddy,57,Male,O-,9653478413
33653,Priya Kapoor,59,Female,O-,9797360315
33654,Aditya Patel,47,Female,A+,9314996530
33655,Aman Sharma,36,Male,O-,9838756148
33656,Priya Patel,57,Male,O-,9596674786
33657,Arjun Reddy,19,Male,O-,9197012269
33658,Rohan Kapoor,31,Female,AB+,9278914296
33659,Neha Kapoor,60,Male,A-,9562848556
33660,Riya Sharma,51,Female,A-,9353472058
33661,Rohan Sharma,44,Female,AB+,9345818416
33662,Pooja Mehta,60,Male,AB-,9427177801
33663,Divya Kapoor,42,Male,O-,9930386491
33664,Arjun Gupta,32,Female,AB+,9219433004
33665,Vikram Mehta,28,Male,B+,9737827136
33666,Karan Mehta,27,Male,O+,9353122031
33667,Neha Singh,32,Male,AB-,9942767186
33668,Vikram Verma,31,Male,O+,9700300255
33669,Anjali Mehta,35,Female,AB-,9699570736
33670,Aman Reddy,32,Male,O+,9207058256
33671,Pooja Gupta,18,Female,O+,9247665297
33672,Priya Sharma,20,Male,B+,9790459944
33673,Divya Sharma,20,Female,AB-,9356393403
33674,Vikram Sharma,28,Male,O+,9257826570
33675,Divya Singh,33,Male,O+,9463415021
33676,Aman Kapoor,50,Female,O-,9580846492
33677,Aman Reddy,24,Female,O-,9206080380
33678,Riya Mehta,41,Female,A+,9463570050
33679,Sneha Patel,33,Male,B-,9808386188
33680,Divya Singh,22,Male,B-,9932085148
33681,Sneha Mehta,47,Female,O+,9366695834
33682,Sneha Reddy,28,Female,A-,9746549107
33683,Rahul Singh,45,Female,O-,9724247452
33684,Neha Kapoor,29,Female,B-,9708879112
33685,Priya Mehta,21,Female,A+,9770286634
33686,Pooja Patel,24,Female,A-,9769900868
33687,Neha Patel,21,Female,B-,9227217662
33688,Anjali Kapoor,23,Male,AB+,9405194166
33689,Sneha Kapoor,58,Female,AB-,9838443669
33690,Priya Kapoor,57,Female,O+,9803104606
33691,Sneha Verma,39,Male,O-,9667741801
33692,Pooja Reddy,33,Female,AB+,9544258157
33693,Kavya Sharma,49,Male,AB+,9990258953
33694,Neha Sharma,42,Male,O-,9453150920
33695,Rahul Singh,35,Female,A+,9989718255
33696,Sneha Sharma,54,Male,AB-,9808828375
33697,Kavya Sharma,30,Female,O-,9122938761
33698,Sahil Reddy,24,Female,A+,9251672333
33699,Karan Gupta,55,Male,A-,9785567677
33700,Vikram Patel,44,Female,AB+,9323101888
33701,Pooja Mehta,23,Female,O+,9601654093
33702,Rohan Verma,30,Female,B+,9486623694
33703,Divya Reddy,48,Female,B-,9354839144
33704,Sahil Verma,57,Female,O-,9851322184
33705,Rahul Verma,34,Female,AB+,9228925949
33706,Anjali Singh,59,Male,B+,9332458616
33707,Rohan Patel,22,Male,AB-,9516483484
33708,Kavya Mehta,39,Male,B-,9500389553
33709,Aman Singh,33,Female,A+,9542719622
33710,Sneha Mehta,46,Female,B+,9643962965
33711,Rahul Gupta,59,Male,AB-,9553163622
33712,Neha Patel,44,Female,B+,9963218226
33713,Priya Patel,46,Female,A-,9589718268
33714,Aditya Sharma,23,Male,A-,9114609969
33715,Kavya Sharma,51,Female,O-,9890617254
33716,Sahil Kapoor,57,Female,AB+,9188656761
33717,Vikram Singh,22,Female,B-,9703442930
33718,Vikram Mehta,47,Female,B+,9436453906
33719,Aditya Singh,32,Female,AB+,9527874204
33720,Aditya Patel,60,Female,AB+,9171695243
33721,Riya Singh,53,Male,O-,9219251772
33722,Karan Sharma,22,Female,AB-,9600458773
33723,Pooja Verma,40,Female,AB+,9301764558
33724,Priya Singh,30,Male,B-,9825165718
33725,Divya Patel,49,Male,AB+,9475259331
33726,Riya Patel,24,Male,O-,9198547780
33727,Pooja Singh,55,Male,O+,9385798067
33728,Pooja Verma,28,Female,O-,9480914584
33729,Neha Sharma,25,Male,A-,9107421895
33730,Aman Mehta,27,Female,AB+,9765065610
33731,Vikram Patel,51,Male,AB-,9921745748
33732,Priya Gupta,22,Female,B+,9793016836
33733,Rohan Mehta,58,Male,O+,9474481319
33734,Anjali Verma,50,Male,AB-,9217272170
33735,Pooja Kapoor,49,Male,O-,9839435244
33736,Rahul Verma,47,Male,A-,9878515429
33737,Divya Sharma,41,Female,AB+,9162167931
33738,Aman Verma,32,Male,B+,9125515650
33739,Sahil Verma,53,Female,AB+,9876898110
33740,Pooja Mehta,18,Male,AB-,9203036334
33741,Arjun Singh,42,Female,A+,9636234778
33742,Rohan Gupta,35,Female,O-,9283807599
33743,Arjun Verma,35,Male,O+,9475725967
33744,Sahil Patel,55,Male,AB+,9970354463
33745,Neha Mehta,57,Female,B-,9854075249
33746,Anjali Sharma,25,Male,O+,9804687606
33747,Neha Kapoor,47,Male,B+,9912675266
33748,Karan Singh,25,Male,A-,9673006062
33749,Divya Reddy,32,Male,A-,9130690087
33750,Karan Patel,32,Male,B+,9970891612
33751,Rohan Gupta,37,Female,A+,9340790807
33752,Vikram Patel,55,Male,AB-,9660399978
33753,Priya Kapoor,40,Male,O+,9332813116
33754,Rohan Patel,43,Male,B-,9214748644
33755,Pooja Mehta,49,Male,AB+,9776700365
33756,Rohan Singh,55,Male,AB-,9769913862
33757,Anjali Kapoor,53,Female,AB+,9151219923
33758,Neha Gupta,20,Female,O+,9831245667
33759,Kavya Mehta,34,Male,O+,9367379339
33760,Aman Mehta,37,Male,B+,9163459583
33761,Aditya Reddy,35,Male,B-,9264428364
33762,Sneha Gupta,22,Female,A-,9213748596
33763,Aditya Mehta,19,Male,B-,9840406063
33764,Pooja Patel,27,Male,AB-,9187926744
33765,Vikram Sharma,26,Male,AB+,9678211996
33766,Priya Gupta,35,Male,A+,9754943713
33767,Aman Sharma,31,Female,B+,9525892131
33768,Riya Gupta,59,Female,AB-,9175453161
33769,Anjali Verma,26,Female,O+,9904558344
33770,Arjun Kapoor,52,Male,A-,9866764129
33771,Rohan Singh,32,Female,B+,9484324732
33772,Aman Reddy,18,Male,A-,9503671591
33773,Divya Sharma,39,Female,O-,9660604221
33774,Vikram Gupta,42,Female,B+,9968303041
33775,Aditya Mehta,20,Female,A+,9889392047
33776,Pooja Singh,41,Female,B-,9197237856
33777,Vikram Verma,50,Male,B+,9139765171
33778,Anjali Mehta,36,Female,AB-,9567603664
33779,Anjali Reddy,22,Male,A+,9990204677
33780,Rahul Kapoor,54,Male,A-,9346532724
33781,Sahil Kapoor,53,Female,A+,9666959200
33782,Neha Patel,53,Male,O+,9865127603
33783,Divya Reddy,31,Female,O-,9870930949
33784,Arjun Reddy,54,Female,B-,9863316946
33785,Divya Mehta,33,Male,AB-,9826346640
33786,Aditya Verma,36,Female,A-,9478161592
33787,Rahul Mehta,22,Female,O+,9518023130
33788,Divya Singh,41,Female,A+,9740291891
33789,Riya Patel,24,Female,O-,9615556955
33790,Rohan Sharma,30,Female,O+,9821723820
33791,Aditya Reddy,25,Male,A-,9691716010
33792,Karan Verma,47,Male,O-,9192822549
33793,Aditya Kapoor,44,Female,AB-,9654021498
33794,Divya Singh,33,Female,A-,9941749666
33795,Priya Gupta,34,Female,A+,9719273949
33796,Vikram Gupta,34,Female,A-,9781767444
33797,Vikram Verma,25,Male,A-,9348113959
33798,Karan Reddy,19,Male,B+,9700215750
33799,Aman Sharma,24,Male,AB-,9399165071
33800,Aditya Gupta,39,Female,O+,9353080648
33801,Aman Reddy,45,Female,A+,9776363766
33802,Anjali Gupta,52,Female,AB-,9608000124
33803,Riya Kapoor,50,Male,A-,9204225315
33804,Priya Sharma,41,Female,AB-,9758123880
33805,Sahil Kapoor,38,Male,B+,9387624970
33806,Karan Gupta,35,Female,A-,9326281364
33807,Riya Mehta,30,Male,AB+,9874179077
33808,Karan Mehta,51,Female,AB+,9610740703
33809,Anjali Patel,33,Male,AB-,9949346257
33810,Kavya Gupta,60,Male,A+,9909067728
33811,Anjali Singh,46,Male,AB-,9139184222
33812,Aman Sharma,40,Male,AB-,9993097631
33813,Priya Gupta,50,Female,AB-,9761957207
33814,Aman Singh,47,Female,A-,9133680634
33815,Divya Sharma,41,Male,A+,9244584125
33816,Pooja Mehta,39,Female,AB-,9825176229
33817,Vikram Reddy,24,Female,A+,9401061332
33818,Rohan Singh,24,Female,O-,9503317298
33819,Neha Reddy,30,Female,AB-,9538670025
33820,Aman Gupta,23,Male,A-,9724542780
33821,Aditya Verma,43,Female,AB-,9109022647
33822,Vikram Verma,37,Male,AB+,9231029522
33823,Aman Reddy,38,Female,B+,9292707350
33824,Riya Singh,37,Female,B+,9165730586
33825,Divya Patel,46,Female,A-,9217570788
33826,Riya Gupta,58,Female,A+,9360687681
33827,Sneha Gupta,42,Female,AB+,9391038864
33828,Sneha Verma,58,Female,AB-,9853960189
33829,Pooja Reddy,25,Male,AB-,9718741458
33830,Sneha Patel,20,Male,A+,9767965908
33831,Aman Gupta,32,Male,AB-,9204308677
33832,Vikram Gupta,28,Female,AB+,9119511156
33833,Rohan Verma,53,Female,O-,9518783589
33834,Sahil Kapoor,33,Female,O+,9177961459
33835,Sahil Mehta,59,Female,AB-,9233621718
33836,Riya Patel,44,Male,B-,9380692424
33837,Aman Reddy,44,Male,AB+,9167606480
33838,Riya Kapoor,33,Male,B-,9327465333
33839,Rahul Verma,38,Male,B-,9982224457
33840,Vikram Gupta,20,Female,O-,9620122308
33841,Karan Patel,34,Female,A+,9865335846
33842,Priya Singh,59,Male,O-,9960934952
33843,Divya Kapoor,31,Male,O+,9602437758
33844,Vikram Kapoor,58,Male,O+,9583056060
33845,Rahul Kapoor,34,Female,B-,9199780693
33846,Rohan Gupta,56,Female,O-,9873878860
33847,Karan Verma,39,Male,AB-,9877701059
33848,Neha Patel,32,Female,AB+,9454959449
33849,Divya Sharma,43,Male,AB-,9118033807
33850,Neha Mehta,55,Male,AB-,9848948090
33851,Aman Sharma,53,Female,AB-,9629182049
33852,Pooja Reddy,19,Male,A-,9623839216
33853,Rahul Gupta,54,Male,O-,9859985977
33854,Rahul Sharma,34,Female,O-,9374704975
33855,Aditya Reddy,20,Male,AB-,9315654874
33856,Rahul Patel,43,Female,A-,9452212436
33857,Rohan Reddy,38,Male,O+,9483938870
33858,Aman Verma,53,Female,AB+,9448336237
33859,Aman Patel,46,Male,B+,9497811457
33860,Kavya Reddy,60,Female,B+,9119210050
33861,Arjun Gupta,38,Male,B+,9538908755
33862,Aditya Verma,34,Male,A+,9767447397
33863,Riya Mehta,51,Male,AB-,9796939046
33864,Sahil Patel,54,Male,AB-,9873092636
33865,Sahil Mehta,33,Male,O-,9401702628
33866,Neha Singh,57,Female,AB+,9655073260
33867,Kavya Kapoor,34,Female,AB-,9505907464
33868,Karan Gupta,27,Male,O-,9487715460
33869,Anjali Mehta,35,Female,O+,9655370162
33870,Anjali Reddy,40,Male,O-,9859711782
33871,Sahil Mehta,35,Male,AB-,9778139703
33872,Sneha Patel,49,Female,AB+,9437942006
33873,Aman Singh,53,Female,AB-,9175711138
33874,Arjun Verma,43,Female,O+,9754649926
33875,Rahul Gupta,59,Female,O+,9550094908
33876,Anjali Gupta,41,Female,B+,9406917192
33877,Pooja Gupta,19,Female,AB+,9378577934
33878,Aman Gupta,49,Female,B+,9102779429
33879,Kavya Sharma,45,Male,B-,9908560755
33880,Rohan Verma,36,Male,A+,9913334326
33881,Aman Gupta,24,Female,O-,9426162493
33882,Pooja Kapoor,31,Male,AB-,9682264409
33883,Sneha Singh,58,Male,A-,9765592304
33884,Rahul Reddy,49,Female,A+,9361780189
33885,Aman Kapoor,41,Female,B+,9748193454
33886,Rahul Mehta,31,Female,O-,9469560962
33887,Neha Singh,45,Female,B+,9297210398
33888,Riya Gupta,56,Male,O-,9458351456
33889,Priya Gupta,28,Male,O+,9351505201
33890,Sneha Mehta,29,Male,B-,9660515781
33891,Rahul Gupta,20,Female,AB+,9431928249
33892,Neha Reddy,49,Female,O+,9660730664
33893,Arjun Verma,36,Male,B-,9980600187
33894,Aman Singh,44,Female,O-,9334264333
33895,Riya Singh,48,Female,B-,9735791034
33896,Priya Sharma,19,Male,A-,9735985702
33897,Vikram Singh,51,Female,B-,9882179121
33898,Sahil Reddy,18,Male,B-,9713289393
33899,Anjali Singh,50,Female,B-,9525633313
33900,Aman Verma,57,Male,O+,9858004648
33901,Anjali Kapoor,53,Male,O+,9110134583
33902,Neha Singh,34,Male,AB+,9516849684
33903,Rahul Singh,27,Male,O+,9814113969
33904,Sneha Gupta,32,Female,B-,9333511468
33905,Divya Verma,34,Female,AB-,9478521346
33906,Sneha Patel,19,Male,B+,9876540408
33907,Rohan Patel,25,Male,O-,9647172356
33908,Divya Mehta,60,Female,O-,9646177132
33909,Sneha Sharma,26,Female,AB-,9512222368
33910,Kavya Verma,39,Female,AB+,9591010466
33911,Neha Singh,59,Male,A+,9981438812
33912,Karan Mehta,54,Male,A+,9483004950
33913,Riya Reddy,31,Female,A-,9696858168
33914,Aditya Verma,58,Male,O+,9914216836
33915,Sahil Singh,22,Male,AB+,9509125317
33916,Pooja Mehta,33,Female,A-,9556859044
33917,Rohan Patel,33,Female,AB+,9631679710
33918,Anjali Kapoor,22,Male,B-,9215641134
33919,Rohan Mehta,39,Male,O+,9457683890
33920,Sneha Mehta,34,Female,O-,9467873153
33921,Aditya Verma,21,Female,A+,9799485913
33922,Rahul Sharma,32,Male,O-,9873502281
33923,Pooja Singh,51,Male,B+,9384911259
33924,Sahil Gupta,52,Female,A+,9302863599
33925,Vikram Kapoor,39,Male,B+,9659512517
33926,Pooja Sharma,25,Male,O-,9610051520
33927,Kavya Sharma,29,Male,B+,9295742474
33928,Neha Singh,53,Female,B-,9825262497
33929,Sneha Gupta,54,Male,A-,9717328712
33930,Neha Gupta,21,Male,AB-,9796647242
33931,Anjali Kapoor,26,Female,O+,9919483126
33932,Anjali Singh,24,Female,B+,9742762920
33933,Kavya Mehta,58,Male,AB+,9735798420
33934,Aditya Mehta,56,Male,O-,9283808976
33935,Sahil Gupta,33,Male,O+,9702312578
33936,Pooja Reddy,52,Female,AB+,9159473509
33937,Kavya Singh,40,Male,AB+,9551889837
33938,Rohan Mehta,20,Male,O-,9353942777
33939,Pooja Singh,22,Male,B+,9161709564
33940,Riya Patel,28,Female,A-,9783448970
33941,Priya Verma,19,Male,O-,9626449914
33942,Vikram Singh,28,Male,O+,9730980445
33943,Sahil Kapoor,33,Female,O+,9880051314
33944,Aman Mehta,42,Male,AB+,9140909050
33945,Karan Kapoor,18,Female,AB-,9730702627
33946,Anjali Kapoor,39,Female,AB-,9200401882
33947,Sneha Reddy,31,Male,AB-,9677330859
33948,Vikram Singh,42,Male,O+,9332399532
33949,Arjun Patel,35,Female,A+,9473011687
33950,Kavya Kapoor,44,Male,A+,9279436027
33951,Neha Singh,42,Female,B-,9750606666
33952,Divya Verma,27,Female,AB-,9752780948
33953,Rahul Singh,38,Female,A-,9974756592
33954,Arjun Reddy,55,Male,A+,9321385409
33955,Anjali Verma,50,Male,A-,9964137505
33956,Sahil Verma,46,Female,A-,9177469608
33957,Riya Singh,20,Female,O-,9707933918
33958,Pooja Sharma,27,Male,B+,9754839696
33959,Karan Patel,45,Female,B-,9503904535
33960,Sahil Patel,47,Male,B-,9568047314
33961,Sneha Singh,18,Male,AB+,9377896855
33962,Riya Kapoor,32,Female,B-,9889806069
33963,Sneha Patel,20,Female,B-,9285902216
33964,Sneha Reddy,25,Female,B-,9647440741
33965,Riya Gupta,33,Male,O+,9631176791
33966,Aman Mehta,55,Female,O-,9490402490
33967,Priya Verma,28,Female,B+,9954158600
33968,Aditya Verma,38,Male,AB+,9579493801
33969,Rohan Sharma,18,Male,B-,9149990643
33970,Anjali Reddy,37,Male,O-,9329982162
33971,Riya Kapoor,39,Female,B-,9210844538
33972,Sneha Kapoor,48,Male,B+,9436531255
33973,Rohan Reddy,56,Female,O-,9522383316
33974,Aditya Singh,40,Male,O-,9427829138
33975,Aditya Singh,47,Male,O-,9930588089
33976,Sahil Kapoor,26,Female,AB+,9855922777
33977,Pooja Gupta,28,Female,A-,9998915862
33978,Sneha Sharma,35,Female,O-,9519602022
33979,Pooja Reddy,57,Male,AB-,9136149234
33980,Vikram Kapoor,23,Male,AB-,9418373625
33981,Anjali Gupta,53,Female,AB+,9208625952
33982,Vikram Verma,33,Male,O-,9174174673
33983,Sahil Sharma,34,Male,O+,9987262146
33984,Anjali Mehta,49,Female,AB+,9469401838
33985,Sahil Verma,51,Female,A+,9332415769
33986,Sahil Sharma,20,Male,A+,9145078479
33987,Kavya Verma,49,Female,A+,9339831438
33988,Rahul Gupta,47,Female,B-,9525148698
33989,Riya Mehta,57,Male,B-,9335105583
33990,Neha Sharma,33,Male,O-,9368363626
33991,Vikram Gupta,59,Female,O+,9395808988
33992,Sneha Patel,21,Female,A-,9449539998
33993,Sahil Sharma,23,Male,A+,9619567093
33994,Anjali Kapoor,22,Female,A-,9624083236
33995,Riya Mehta,29,Female,O+,9234621475
33996,Anjali Singh,19,Female,AB-,9939983241
33997,Arjun Kapoor,25,Male,AB-,9864245539
33998,Vikram Gupta,42,Female,B+,9794109459
33999,Karan Reddy,56,Male,O+,9554530918
34000,Sneha Mehta,55,Male,A+,9531031934
34001,Sneha Patel,29,Female,AB+,9632801593
34002,Priya Gupta,34,Male,A+,9610964202
34003,Aman Mehta,32,Male,B+,9329378613
34004,Riya Reddy,39,Female,A+,9626691563
34005,Vikram Verma,26,Female,A+,9169519138
34006,Pooja Gupta,48,Female,AB+,9648822443
34007,Anjali Kapoor,59,Male,O+,9585168618
34008,Priya Reddy,54,Female,A-,9845812164
34009,Aman Reddy,37,Male,B+,9890740639
34010,Sneha Kapoor,58,Male,AB+,9531152699
34011,Aman Gupta,48,Male,O-,9636969187
34012,Rahul Verma,59,Male,A+,9660916335
34013,Riya Mehta,42,Male,O+,9625311726
34014,Aditya Sharma,55,Female,O-,9672312714
34015,Divya Kapoor,25,Male,O-,9422073782
34016,Karan Singh,60,Female,O+,9957938943
34017,Aditya Kapoor,25,Female,AB+,9713886628
34018,Pooja Gupta,27,Female,AB-,9955487568
34019,Anjali Singh,52,Male,O-,9185113464
34020,Rohan Mehta,19,Male,A+,9712147934
34021,Rahul Patel,42,Male,AB-,9541875066
34022,Riya Patel,27,Female,AB+,9323100566
34023,Divya Kapoor,35,Male,AB+,9377837650
34024,Anjali Kapoor,30,Male,B+,9899705521
34025,Arjun Patel,49,Female,AB+,9367895621
34026,Aman Mehta,32,Male,B+,9863830712
34027,Sahil Sharma,22,Male,B-,9997379582
34028,Rohan Sharma,31,Male,O-,9990881962
34029,Aman Singh,35,Female,O-,9809073047
34030,Rohan Singh,40,Female,B-,9656381447
34031,Rohan Patel,31,Male,O+,9498571473
34032,Sneha Reddy,20,Male,A+,9515195623
34033,Riya Sharma,56,Male,B-,9355077915
34034,Anjali Mehta,37,Male,B+,9106221487
34035,Riya Gupta,32,Female,O-,9731089242
34036,Priya Gupta,29,Male,B-,9751192514
34037,Sahil Mehta,31,Female,AB+,9822190411
34038,Anjali Verma,30,Female,B+,9582038362
34039,Anjali Kapoor,42,Female,A-,9213658722
34040,Neha Sharma,45,Female,A-,9532568720
34041,Riya Singh,30,Male,B+,9670058266
34042,Vikram Singh,37,Female,B+,9724173853
34043,Sneha Reddy,56,Female,A+,9708291879
34044,Aman Mehta,59,Male,A-,9658642613
34045,Sahil Kapoor,39,Female,AB+,9909394888
34046,Vikram Sharma,31,Female,O-,9642283376
34047,Neha Kapoor,59,Male,O+,9386849537
34048,Divya Verma,49,Female,A+,9152570911
34049,Aman Mehta,51,Female,AB-,9908930116
34050,Aman Mehta,32,Female,A-,9104258197
34051,Anjali Singh,44,Male,A+,9738752835
34052,Priya Singh,22,Male,AB+,9859517935
34053,Riya Verma,35,Female,O+,9917534252
34054,Arjun Singh,56,Male,A-,9454082228
34055,Arjun Reddy,58,Female,A-,9358067819
34056,Sneha Patel,22,Female,A+,9476216316
34057,Priya Sharma,36,Female,A-,9959227776
34058,Pooja Mehta,48,Female,AB+,9164171452
34059,Rohan Gupta,19,Female,A+,9876560696
34060,Divya Mehta,42,Male,O-,9230757412
34061,Sneha Kapoor,60,Female,A-,9243089503
34062,Sahil Sharma,59,Female,B-,9802798207
34063,Riya Kapoor,38,Male,A-,9127267222
34064,Priya Singh,24,Female,O+,9693966824
34065,Pooja Verma,58,Male,B-,9291774825
34066,Kavya Sharma,19,Female,B+,9699291730
34067,Riya Reddy,48,Male,A-,9809286060
34068,Aditya Patel,25,Male,AB+,9506209052
34069,Sneha Kapoor,27,Male,B+,9444431273
34070,Aman Gupta,56,Male,A+,9518950143
34071,Riya Reddy,39,Female,A-,9971063901
34072,Karan Verma,28,Female,O+,9403084893
34073,Pooja Singh,30,Male,A-,9836968387
34074,Pooja Mehta,42,Male,O+,9882028952
34075,Priya Gupta,39,Female,O-,9754588917
34076,Priya Gupta,36,Male,O-,9565582823
34077,Anjali Sharma,58,Male,AB-,9546467002
34078,Priya Kapoor,26,Female,B-,9580022143
34079,Arjun Verma,20,Male,B+,9221325435
34080,Anjali Reddy,47,Male,A-,9987171181
34081,Rohan Singh,47,Male,AB+,9321757051
34082,Rahul Reddy,39,Female,A-,9953268137
34083,Sneha Gupta,56,Male,A+,9443838414
34084,Aman Verma,44,Male,O-,9582849866
34085,Sneha Mehta,58,Female,O-,9505001422
34086,Neha Sharma,50,Female,AB+,9970945924
34087,Priya Patel,46,Male,B+,9366401254
34088,Aditya Sharma,55,Female,O-,9200533592
34089,Karan Mehta,36,Male,A+,9172917884
34090,Rohan Kapoor,36,Female,O-,9648346693
34091,Karan Verma,55,Female,B+,9288853777
34092,Kavya Singh,51,Male,B-,9346959408
34093,Neha Singh,38,Male,O-,9963669717
34094,Sneha Gupta,27,Female,A-,9256153969
34095,Arjun Gupta,24,Female,O+,9876192199
34096,Rahul Sharma,37,Female,AB-,9721347241
34097,Karan Verma,42,Male,O-,9673111368
34098,Divya Mehta,21,Male,A-,9104208406
34099,Pooja Verma,49,Female,B+,9576963828
34100,Karan Mehta,35,Female,A-,9702642389
34101,Divya Gupta,44,Female,O+,9184048646
34102,Anjali Sharma,60,Male,A-,9212936354
34103,Karan Reddy,42,Male,O-,9611251560
34104,Aditya Kapoor,20,Male,O-,9457721000
34105,Arjun Mehta,22,Male,AB+,9307197062
34106,Rohan Mehta,46,Female,O-,9490663203
34107,Sahil Verma,39,Male,AB+,9837438831
34108,Kavya Kapoor,41,Female,AB+,9352112925
34109,Priya Mehta,51,Male,O+,9697642884
34110,Rahul Singh,49,Female,A+,9395386794
34111,Karan Reddy,26,Female,AB-,9305888280
34112,Sneha Reddy,19,Female,A-,9243497840
34113,Aditya Gupta,32,Male,O+,9184060054
34114,Divya Singh,18,Female,A+,9530657344
34115,Rohan Verma,54,Male,O-,9904209232
34116,Riya Kapoor,32,Female,A+,9706384656
34117,Rohan Mehta,39,Male,O+,9757417912
34118,Aman Singh,51,Female,O+,9633763028
34119,Pooja Verma,19,Female,A+,9863946890
34120,Divya Reddy,45,Male,O+,9217917741
34121,Aditya Kapoor,30,Female,A-,9141080402
34122,Sneha Sharma,40,Female,A-,9849359075
34123,Neha Gupta,46,Male,B+,9375532205
34124,Kavya Sharma,49,Male,O+,9323441042
34125,Rohan Sharma,26,Male,B+,9496639255
34126,Rohan Gupta,60,Female,AB-,9714014393
34127,Aman Mehta,27,Female,AB+,9697386728
34128,Pooja Kapoor,27,Male,O+,9207118658
34129,Arjun Mehta,51,Female,A-,9892252776
34130,Priya Patel,30,Male,A-,9959537851
34131,Karan Patel,44,Male,A-,9369853215
34132,Karan Mehta,42,Male,B+,9817121959
34133,Vikram Kapoor,43,Male,O+,9304695888
34134,Neha Verma,21,Female,O-,9914910611
34135,Aditya Verma,49,Male,O+,9932635708
34136,Priya Verma,31,Male,AB+,9720562663
34137,Rohan Mehta,25,Male,A+,9443108935
34138,Sneha Sharma,35,Female,O+,9531928924
34139,Sahil Singh,35,Male,O+,9964652093
34140,Pooja Singh,25,Male,B-,9820089279
34141,Riya Verma,40,Female,B-,9705843582
34142,Priya Mehta,46,Female,O-,9493050988
34143,Aman Verma,24,Male,A+,9245152052
34144,Priya Sharma,28,Male,A+,9190658622
34145,Aditya Mehta,55,Male,B-,9905557732
34146,Aman Kapoor,44,Male,B-,9657626795
34147,Sahil Singh,50,Female,O+,9555264564
34148,Priya Singh,37,Male,AB+,9567397294
34149,Aditya Kapoor,36,Female,B+,9716156414
34150,Vikram Reddy,53,Female,B+,9605539986
34151,Sahil Patel,59,Male,AB-,9758264032
34152,Rohan Sharma,46,Female,A-,9980422925
34153,Sneha Mehta,46,Female,O+,9674356442
34154,Karan Patel,29,Male,AB+,9909288461
34155,Aditya Verma,48,Male,A-,9786015663
34156,Kavya Reddy,53,Female,AB-,9138644097
34157,Riya Patel,44,Female,O+,9640281178
34158,Arjun Patel,42,Male,AB-,9737209333
34159,Vikram Sharma,25,Female,AB+,9773261069
34160,Aditya Mehta,28,Male,A+,9266165174
34161,Priya Kapoor,29,Female,AB+,9498423224
34162,Rahul Patel,51,Female,O-,9324248009
34163,Karan Gupta,28,Male,A+,9439750793
34164,Aditya Reddy,28,Female,B+,9512226451
34165,Karan Singh,54,Male,AB+,9625114292
34166,Pooja Gupta,44,Female,B+,9666999596
34167,Sahil Verma,42,Male,AB-,9607186280
34168,Priya Gupta,56,Female,A-,9244005355
34169,Pooja Patel,47,Male,AB-,9219756506
34170,Neha Kapoor,24,Female,O-,9790473906
34171,Aman Reddy,34,Female,B-,9714574464
34172,Pooja Verma,49,Female,B-,9847723468
34173,Arjun Singh,33,Female,B+,9331608468
34174,Anjali Kapoor,47,Female,O-,9905771364
34175,Vikram Sharma,32,Female,B-,9610870318
34176,Priya Singh,18,Female,A+,9377777839
34177,Neha Mehta,58,Female,A+,9553915968
34178,Riya Reddy,18,Male,O+,9805570615
34179,Pooja Reddy,41,Female,B+,9478935916
34180,Vikram Gupta,26,Female,B+,9262575481
34181,Rohan Singh,31,Female,A+,9380204222
34182,Sahil Mehta,29,Female,AB+,9692565941
34183,Arjun Patel,29,Male,AB-,9726465331
34184,Rohan Kapoor,21,Male,O+,9167741552
34185,Aman Singh,33,Male,A-,9384527752
34186,Rahul Reddy,36,Female,A-,9957429692
34187,Arjun Verma,44,Male,B-,9549284614
34188,Riya Kapoor,48,Male,O+,9671867113
34189,Riya Verma,28,Female,A+,9620783183
34190,Sneha Sharma,45,Male,O-,9404193525
34191,Pooja Verma,36,Female,AB-,9337672933
34192,Sneha Gupta,54,Female,AB-,9320677505
34193,Aditya Patel,51,Female,A+,9623392761
34194,Vikram Gupta,39,Male,AB-,9389677047
34195,Rahul Mehta,41,Male,O-,9331935368
34196,Rohan Gupta,33,Male,B-,9440938324
34197,Riya Mehta,39,Female,A+,9569589972
34198,Sahil Reddy,23,Female,B+,9605559367
34199,Vikram Kapoor,43,Male,AB+,9324519336
34200,Aman Reddy,29,Female,B-,9623595557
34201,Kavya Sharma,58,Female,B+,9521234973
34202,Divya Patel,39,Female,B+,9512016630
34203,Sneha Sharma,35,Male,B-,9514281318
34204,Aman Sharma,29,Male,O+,9511413297
34205,Neha Patel,37,Female,A+,9939682022
34206,Riya Kapoor,60,Male,B-,9625540497
34207,Priya Verma,33,Female,AB-,9479531605
34208,Pooja Singh,36,Female,A+,9808217935
34209,Sahil Mehta,26,Female,O+,9399387303
34210,Pooja Mehta,44,Female,B+,9217639493
34211,Aman Kapoor,36,Male,AB+,9202903376
34212,Aman Mehta,34,Male,O+,9799723093
34213,Divya Gupta,36,Male,O+,9558514384
34214,Priya Sharma,38,Female,B-,9987163299
34215,Karan Singh,47,Female,AB+,9345515998
34216,Sahil Singh,58,Female,B+,9183742814
34217,Priya Singh,45,Male,B-,9237233312
34218,Sneha Verma,33,Male,A-,9552430673
34219,Kavya Verma,51,Female,AB-,9388483878
34220,Rohan Gupta,22,Female,O+,9150428457
34221,Pooja Kapoor,36,Male,A+,9745713421
34222,Aditya Gupta,30,Male,B-,9347251487
34223,Rohan Kapoor,59,Female,A-,9698014172
34224,Arjun Mehta,46,Female,AB-,9331087187
34225,Karan Gupta,33,Female,O-,9312676752
34226,Riya Gupta,47,Female,A+,9565702393
34227,Sahil Reddy,57,Female,O+,9482076869
34228,Vikram Gupta,34,Male,AB-,9630856462
34229,Rohan Reddy,29,Male,A+,9521702757
34230,Kavya Gupta,58,Female,B-,9300712736
34231,Neha Verma,32,Male,AB+,9521565263
34232,Rahul Mehta,20,Male,AB+,9920299857
34233,Riya Sharma,31,Female,B-,9324559466
34234,Pooja Verma,52,Female,O+,9133342389
34235,Aditya Reddy,33,Male,O-,9393202337
34236,Anjali Mehta,34,Male,AB-,9543325018
34237,Neha Mehta,56,Male,B-,9414347179
34238,Vikram Patel,48,Male,O+,9513840099
34239,Sneha Sharma,49,Male,B-,9970858080
34240,Rahul Sharma,45,Female,O+,9479858357
34241,Karan Verma,32,Male,AB+,9517186909
34242,Sneha Verma,45,Male,AB-,9721387974
34243,Divya Patel,50,Male,O-,9490346929
34244,Rohan Sharma,55,Male,O+,9976819249
34245,Divya Kapoor,37,Male,AB+,9179700747
34246,Rahul Singh,54,Female,B+,9222043012
34247,Aman Gupta,43,Male,A+,9651268092
34248,Sahil Singh,23,Male,AB+,9854539687
34249,Kavya Gupta,40,Male,AB-,9109592930
34250,Sahil Kapoor,32,Female,B+,9806839074
34251,Sneha Reddy,51,Male,B-,9859434224
34252,Anjali Patel,30,Male,A+,9666988034
34253,Priya Gupta,50,Female,AB-,9948382194
34254,Karan Reddy,26,Female,O-,9626764625
34255,Rohan Patel,44,Male,O-,9867287710
34256,Pooja Kapoor,19,Male,O+,9871660578
34257,Priya Patel,39,Male,A+,9470033303
34258,Divya Kapoor,34,Male,AB-,9535174553
34259,Divya Mehta,41,Male,B+,9263259458
34260,Kavya Singh,51,Male,B-,9186406189
34261,Sahil Verma,19,Male,O+,9644676231
34262,Sahil Verma,46,Male,AB-,9127640055
34263,Arjun Sharma,38,Female,O-,9383334178
34264,Rohan Kapoor,59,Female,O-,9153400159
34265,Riya Singh,18,Female,A+,9274663454
34266,Rahul Gupta,43,Male,B+,9393451454
34267,Rahul Patel,20,Male,B+,9473487639
34268,Anjali Gupta,44,Male,A-,9506560277
34269,Pooja Patel,50,Male,O+,9454851653
34270,Aman Singh,45,Female,AB+,9211430429
34271,Aditya Kapoor,30,Male,B-,9864157193
34272,Divya Singh,49,Female,O-,9993373673
34273,Pooja Patel,24,Female,B-,9609815856
34274,Arjun Mehta,22,Female,A-,9768611032
34275,Karan Verma,26,Male,A+,9391127006
34276,Arjun Reddy,18,Male,AB-,9788293345
34277,Divya Gupta,39,Male,AB+,9451369940
34278,Pooja Sharma,21,Male,AB-,9673387915
34279,Arjun Sharma,60,Female,B+,9125485279
34280,Neha Reddy,58,Female,AB-,9489775118
34281,Kavya Gupta,51,Female,O+,9882339981
34282,Priya Mehta,27,Male,A+,9672496265
34283,Vikram Kapoor,27,Male,B-,9251757667
34284,Divya Gupta,40,Female,O-,9289067095
34285,Rahul Verma,20,Female,O-,9684412804
34286,Priya Mehta,45,Female,AB+,9131048886
34287,Arjun Singh,29,Male,B-,9281680448
34288,Arjun Gupta,49,Female,A+,9240323633
34289,Priya Kapoor,42,Female,A-,9296526992
34290,Kavya Reddy,20,Male,O-,9721393274
34291,Arjun Mehta,44,Male,O-,9552716675
34292,Sahil Kapoor,59,Female,O+,9279267946
34293,Kavya Patel,26,Male,B-,9283708547
34294,Neha Sharma,25,Male,A+,9559094827
34295,Vikram Sharma,49,Female,O+,9984431793
34296,Pooja Mehta,35,Female,O-,9816645883
34297,Sneha Patel,54,Male,O+,9694669993
34298,Rohan Gupta,20,Female,AB+,9244164772
34299,Anjali Reddy,48,Male,O+,9957322177
34300,Vikram Mehta,20,Female,A-,9734357374
34301,Neha Verma,56,Female,AB+,9618430960
34302,Vikram Patel,50,Female,O+,9986110011
34303,Neha Patel,19,Female,A-,9160681390
34304,Divya Singh,40,Male,A+,9286801422
34305,Pooja Patel,55,Male,O-,9701008195
34306,Arjun Sharma,50,Female,B+,9356647501
34307,Rohan Kapoor,56,Male,O+,9780572344
34308,Karan Reddy,53,Male,A+,9771849577
34309,Pooja Gupta,26,Female,A-,9671460700
34310,Aditya Verma,26,Female,B-,9133154471
34311,Arjun Gupta,37,Female,AB-,9852649874
34312,Karan Sharma,34,Male,B-,9886617717
34313,Karan Singh,36,Male,A-,9175354402
34314,Aditya Verma,60,Female,AB-,9379760127
34315,Arjun Singh,19,Female,O-,9572986440
34316,Neha Sharma,29,Male,A+,9554538987
34317,Anjali Kapoor,55,Male,A+,9234605441
34318,Anjali Reddy,60,Male,A+,9303012353
34319,Pooja Gupta,58,Male,O+,9340449110
34320,Arjun Sharma,31,Male,AB-,9869304311
34321,Pooja Patel,41,Female,B+,9827757229
34322,Aman Kapoor,20,Female,AB+,9565960754
34323,Anjali Kapoor,48,Male,A+,9664047612
34324,Priya Sharma,59,Male,AB-,9140715917
34325,Riya Kapoor,59,Male,A+,9986965959
34326,Divya Reddy,31,Female,O+,9704802962
34327,Kavya Sharma,26,Male,A-,9937456852
34328,Aman Gupta,39,Female,AB+,9485742143
34329,Priya Reddy,45,Female,O+,9775972802
34330,Anjali Singh,25,Male,AB-,9801027421
34331,Aman Reddy,43,Female,A-,9904222008
34332,Divya Verma,56,Male,B+,9126974848
34333,Sneha Mehta,37,Male,B+,9317908239
34334,Neha Singh,46,Male,AB-,9916328178
34335,Aman Verma,46,Male,A+,9754074383
34336,Anjali Gupta,29,Female,B-,9133656027
34337,Pooja Reddy,20,Male,AB+,9331890309
34338,Rohan Patel,26,Female,O+,9127713202
34339,Priya Reddy,58,Male,A+,9253448736
34340,Sneha Reddy,23,Female,AB-,9678282130
34341,Rohan Patel,50,Female,A+,9638050013
34342,Kavya Reddy,32,Female,B+,9397980657
34343,Priya Patel,20,Female,O+,9757172990
34344,Anjali Kapoor,57,Female,AB+,9188732303
34345,Vikram Kapoor,34,Male,A-,9743338668
34346,Aditya Kapoor,29,Male,B-,9623127549
34347,Divya Kapoor,59,Male,B+,9971860454
34348,Priya Singh,58,Female,O+,9818491996
34349,Kavya Gupta,31,Male,AB-,9255487589
34350,Aditya Patel,32,Female,AB+,9822138634
34351,Neha Patel,18,Female,A+,9983748062
34352,Riya Singh,53,Male,A-,9990953275
34353,Arjun Gupta,32,Male,A-,9233258226
34354,Divya Reddy,43,Male,A+,9895469457
34355,Karan Verma,27,Male,AB-,9650324805
34356,Divya Reddy,38,Female,O-,9735028074
34357,Rohan Gupta,59,Female,B-,9834305109
34358,Aditya Kapoor,30,Female,AB-,9480105469
34359,Priya Mehta,49,Male,AB+,9704593237
34360,Sahil Gupta,51,Male,AB+,9421258652
34361,Neha Sharma,31,Male,O-,9946750780
34362,Kavya Verma,24,Male,B+,9430579232
34363,Riya Reddy,21,Female,A+,9689833561
34364,Arjun Patel,27,Male,AB+,9425623835
34365,Priya Reddy,35,Female,O-,9355715728
34366,Vikram Reddy,27,Male,B+,9870207607
34367,Rahul Reddy,23,Male,AB+,9637090762
34368,Aman Gupta,27,Male,AB+,9496274244
34369,Riya Reddy,43,Male,B-,9222514206
34370,Sneha Reddy,50,Female,A+,9496358387
34371,Pooja Verma,26,Male,O-,9835336531
34372,Rohan Singh,40,Male,AB-,9419315101
34373,Sahil Reddy,20,Male,AB+,9888556613
34374,Riya Patel,25,Male,AB-,9930967619
34375,Kavya Mehta,30,Male,O-,9567851827
34376,Aditya Gupta,49,Female,AB+,9302043620
34377,Priya Gupta,52,Female,AB-,9262457317
34378,Neha Kapoor,30,Female,AB+,9240658741
34379,Sneha Verma,60,Male,AB-,9903476414
34380,Vikram Gupta,31,Male,B-,9300797329
34381,Riya Patel,55,Female,O+,9115170485
34382,Riya Sharma,44,Male,AB-,9629451759
34383,Vikram Sharma,27,Female,AB+,9650423309
34384,Rohan Gupta,60,Female,AB+,9919116630
34385,Rohan Gupta,55,Male,B-,9666148383
34386,Anjali Sharma,32,Female,O-,9977286604
34387,Priya Singh,37,Female,A+,9942607250
34388,Rohan Patel,42,Male,AB-,9267827457
34389,Karan Verma,35,Female,A-,9505472289
34390,Rahul Sharma,51,Female,O+,9440651477
34391,Sneha Patel,34,Male,A+,9115511873
34392,Rohan Kapoor,51,Female,A-,9620302482
34393,Karan Mehta,29,Male,A+,9436684094
34394,Sneha Singh,34,Female,O+,9603563812
34395,Neha Sharma,58,Female,B+,9380492209
34396,Rahul Verma,28,Female,B+,9515639328
34397,Riya Kapoor,48,Male,B+,9298198467
34398,Riya Mehta,22,Female,O-,9464724382
34399,Rohan Mehta,20,Male,A+,9283869228
34400,Sahil Singh,52,Female,B+,9976429662
34401,Neha Gupta,58,Male,AB-,9990007569
34402,Pooja Singh,21,Female,A-,9500544321
34403,Riya Kapoor,46,Female,B+,9734094296
34404,Aditya Mehta,36,Female,B+,9864147870
34405,Pooja Verma,50,Female,A+,9933279108
34406,Riya Singh,48,Male,B-,9751893761
34407,Pooja Singh,48,Female,A-,9302018524
34408,Neha Gupta,35,Male,O-,9716352238
34409,Pooja Patel,43,Male,A-,9883282282
34410,Aman Reddy,58,Female,O-,9111486079
34411,Sneha Gupta,49,Female,AB+,9748845794
34412,Arjun Mehta,48,Male,A+,9951198806
34413,Aditya Singh,56,Female,O-,9376850762
34414,Kavya Kapoor,40,Male,A-,9898237661
34415,Neha Reddy,57,Female,O-,9733319778
34416,Karan Gupta,36,Female,O+,9461777875
34417,Divya Verma,48,Female,O+,9972294635
34418,Neha Verma,50,Female,A-,9267840426
34419,Divya Kapoor,45,Male,O+,9498937890
34420,Sneha Patel,28,Male,B+,9745190495
34421,Rohan Gupta,36,Male,O-,9912306447
34422,Karan Patel,29,Female,B+,9281169003
34423,Rahul Reddy,50,Female,A+,9996095356
34424,Rahul Sharma,46,Female,O+,9304011219
34425,Priya Gupta,37,Male,O+,9616794372
34426,Aman Sharma,21,Male,B+,9216700080
34427,Sahil Singh,43,Male,AB+,9684519762
34428,Arjun Verma,47,Female,O-,9119256673
34429,Aman Kapoor,56,Male,O-,9607239867
34430,Riya Reddy,44,Male,B+,9454665916
34431,Riya Verma,23,Female,A-,9550363329
34432,Rohan Singh,29,Male,B-,9427933006
34433,Karan Reddy,35,Male,A-,9569332489
34434,Aditya Reddy,36,Female,A+,9801557852
34435,Vikram Singh,39,Male,O-,9593992531
34436,Aditya Singh,27,Male,B-,9522685229
34437,Neha Sharma,35,Male,O-,9855285634
34438,Arjun Sharma,33,Female,A+,9701842843
34439,Rahul Sharma,43,Female,O+,9852924471
34440,Aditya Gupta,23,Female,AB+,9193275407
34441,Anjali Mehta,45,Female,AB-,9211059950
34442,Sahil Singh,29,Male,O-,9399489399
34443,Divya Reddy,60,Female,O-,9162039521
34444,Aditya Patel,47,Male,AB+,9988882474
34445,Priya Singh,55,Female,A+,9968999907
34446,Rahul Sharma,40,Female,A-,9706744528
34447,Riya Kapoor,42,Male,B-,9342040860
34448,Arjun Singh,34,Male,AB+,9981357339
34449,Rohan Reddy,49,Male,B-,9566349281
34450,Pooja Sharma,38,Female,O+,9853594113
34451,Kavya Reddy,48,Female,B+,9410202304
34452,Divya Sharma,55,Male,A+,9856942616
34453,Divya Gupta,56,Female,AB-,9405409426
34454,Karan Gupta,23,Male,A-,9698447307
34455,Kavya Gupta,52,Male,A+,9596142719
34456,Rohan Kapoor,58,Male,B+,9211038865
34457,Arjun Sharma,44,Female,B+,9907923531
34458,Rahul Kapoor,54,Female,O-,9371734772
34459,Karan Mehta,20,Male,B-,9678495231
34460,Riya Kapoor,19,Male,O+,9753199429
34461,Anjali Gupta,50,Male,A-,9944074095
34462,Rohan Gupta,32,Female,AB+,9499659416
34463,Vikram Gupta,32,Male,O+,9874506303
34464,Vikram Singh,35,Female,A-,9515767720
34465,Aman Singh,32,Female,O+,9218719087
34466,Neha Singh,21,Male,B+,9277781390
34467,Sahil Sharma,28,Female,AB+,9233620004
34468,Rahul Sharma,59,Female,A-,9227967837
34469,Priya Verma,26,Female,O-,9363266988
34470,Divya Reddy,58,Male,B+,9779667009
34471,Rahul Sharma,45,Female,B-,9493352367
34472,Riya Verma,48,Male,A-,9160712407
34473,Karan Reddy,42,Male,B-,9673940924
34474,Karan Verma,18,Male,B+,9226672068
34475,Riya Reddy,19,Male,B-,9958082536
34476,Sneha Reddy,58,Female,B-,9874215232
34477,Anjali Singh,29,Male,A+,9528664022
34478,Riya Reddy,50,Female,AB-,9977350508
34479,Pooja Kapoor,52,Female,B-,9428083806
34480,Vikram Patel,44,Male,A+,9411256583
34481,Anjali Verma,21,Female,A-,9325534671
34482,Aditya Patel,59,Female,AB-,9832355701
34483,Karan Verma,58,Female,B-,9142903598
34484,Vikram Reddy,44,Female,AB-,9774885517
34485,Riya Singh,26,Male,AB-,9689650750
34486,Aditya Reddy,29,Female,A+,9301049847
34487,Divya Verma,28,Male,AB-,9212977186
34488,Anjali Singh,27,Female,O-,9871678999
34489,Rahul Mehta,20,Female,AB-,9444174998
34490,Karan Mehta,45,Male,B+,9568228733
34491,Sahil Sharma,39,Male,AB-,9338027397
34492,Karan Singh,41,Male,O+,9458375345
34493,Anjali Reddy,25,Male,O+,9668148742
34494,Pooja Kapoor,24,Male,A-,9251699963
34495,Vikram Verma,34,Male,A+,9911921872
34496,Aditya Sharma,37,Male,A-,9118310738
34497,Anjali Reddy,45,Female,AB-,9750172189
34498,Divya Reddy,30,Male,O+,9423939572
34499,Aman Sharma,19,Female,O-,9675675288
34500,Priya Gupta,32,Female,O+,9557586211
34501,Aman Reddy,57,Male,AB-,9901710095
34502,Arjun Kapoor,45,Female,A-,9552344182
34503,Sahil Sharma,31,Female,A+,9743647938
34504,Riya Singh,36,Female,A-,9276176820
34505,Kavya Patel,50,Female,B+,9697885599
34506,Karan Sharma,52,Female,A-,9521255663
34507,Priya Singh,47,Female,O-,9933808149
34508,Pooja Gupta,53,Female,O-,9453246417
34509,Vikram Sharma,57,Female,A-,9360870859
34510,Karan Sharma,43,Male,O-,9339304296
34511,Priya Verma,39,Male,AB+,9485791175
34512,Divya Singh,49,Male,AB+,9399391826
34513,Pooja Mehta,45,Female,AB+,9217344256
34514,Arjun Sharma,28,Male,O+,9933774528
34515,Vikram Gupta,30,Female,A-,9609970904
34516,Kavya Reddy,35,Male,B+,9228579228
34517,Sahil Verma,37,Male,B-,9579342255
34518,Rahul Mehta,30,Male,B+,9689434377
34519,Arjun Sharma,39,Male,O+,9334750923
34520,Riya Mehta,37,Male,A-,9859547242
34521,Divya Reddy,47,Male,O+,9980797318
34522,Kavya Mehta,54,Female,A+,9806549657
34523,Divya Kapoor,19,Male,AB-,9540643943
34524,Pooja Patel,54,Female,B-,9289360506
34525,Priya Sharma,52,Female,A-,9335772735
34526,Sahil Sharma,30,Male,A-,9670408658
34527,Riya Mehta,60,Female,O-,9281585806
34528,Aman Gupta,54,Female,AB+,9544438366
34529,Divya Verma,32,Male,O-,9540795202
34530,Divya Sharma,27,Female,O-,9457391176
34531,Divya Mehta,41,Female,B-,9488482720
34532,Arjun Verma,33,Female,B+,9469110688
34533,Karan Singh,22,Female,A+,9791775759
34534,Riya Sharma,39,Male,AB+,9489667687
34535,Pooja Reddy,30,Female,A-,9607886554
34536,Aditya Sharma,40,Female,A+,9247076992
34537,Vikram Kapoor,27,Female,B-,9823869088
34538,Arjun Mehta,33,Male,AB+,9288071330
34539,Aman Patel,34,Male,A-,9971415011
34540,Sneha Reddy,23,Female,AB+,9368927960
34541,Divya Singh,29,Female,A+,9102025501
34542,Anjali Singh,46,Male,B-,9587779952
34543,Aman Mehta,40,Female,AB-,9505111174
34544,Priya Patel,39,Female,A-,9384189812
34545,Sahil Sharma,23,Female,A-,9528055637
34546,Sneha Kapoor,38,Female,AB-,9148322424
34547,Anjali Patel,21,Male,B+,9275163635
34548,Riya Gupta,43,Female,A+,9156410238
34549,Pooja Verma,36,Female,O+,9522171165
34550,Divya Verma,37,Male,B+,9726342129
34551,Divya Mehta,25,Male,O+,9794384638
34552,Aman Patel,43,Female,A-,9741073440
34553,Rohan Gupta,32,Male,B-,9174558365
34554,Pooja Sharma,35,Female,A-,9437162040
34555,Anjali Patel,42,Female,O-,9187645556
34556,Riya Gupta,18,Female,AB+,9721983131
34557,Rahul Gupta,32,Female,B-,9207927610
34558,Neha Verma,44,Male,B-,9725051560
34559,Anjali Gupta,51,Female,O+,9668211063
34560,Rohan Gupta,53,Male,O-,9617733799
34561,Neha Gupta,35,Female,O-,9948344219
34562,Divya Gupta,40,Male,AB+,9435662951
34563,Anjali Verma,36,Male,A-,9123984054
34564,Pooja Sharma,43,Male,O-,9922948549
34565,Arjun Mehta,20,Male,O-,9523295165
34566,Aman Sharma,37,Male,B-,9195632610
34567,Sneha Mehta,24,Male,A+,9429878342
34568,Vikram Sharma,21,Male,A+,9601335790
34569,Vikram Singh,21,Female,O+,9214994999
34570,Kavya Mehta,38,Female,B-,9205662090
34571,Kavya Sharma,30,Male,AB+,9303806684
34572,Riya Mehta,53,Female,B+,9694929874
34573,Sneha Sharma,22,Male,B+,9270498497
34574,Aditya Sharma,56,Male,O+,9235224015
34575,Sahil Verma,20,Male,AB-,9102682562
34576,Rohan Gupta,42,Male,A-,9836517551
34577,Kavya Gupta,29,Male,O-,9207356660
34578,Riya Patel,40,Male,AB+,9799303249
34579,Riya Singh,22,Female,B-,9497090865
34580,Rohan Verma,21,Male,B+,9289027472
34581,Kavya Mehta,59,Male,B+,9134895256
34582,Rohan Kapoor,23,Male,O+,9505935600
34583,Riya Reddy,57,Male,B-,9499583681
34584,Sahil Gupta,57,Female,O-,9542407283
34585,Rohan Gupta,46,Male,A-,9162719874
34586,Priya Kapoor,31,Female,AB-,9595450151
34587,Aman Verma,47,Male,O+,9150032845
34588,Vikram Patel,27,Male,AB-,9658188600
34589,Sneha Kapoor,53,Female,AB+,9883067985
34590,Kavya Singh,41,Male,AB-,9365315209
34591,Kavya Patel,47,Female,AB-,9584388850
34592,Vikram Singh,31,Male,B-,9433378132
34593,Pooja Mehta,26,Female,B-,9343708233
34594,Anjali Patel,47,Female,O-,9147485956
34595,Karan Gupta,18,Female,A-,9503548536
34596,Sneha Reddy,27,Female,A+,9273083556
34597,Pooja Gupta,41,Female,O-,9818982664
34598,Pooja Singh,36,Male,A-,9849302452
34599,Aditya Gupta,42,Male,O+,9112290774
34600,Sneha Sharma,24,Male,A-,9740444127
34601,Sneha Reddy,48,Male,O-,9553711730
34602,Divya Reddy,58,Male,B-,9332834039
34603,Rahul Singh,48,Male,AB-,9122006415
34604,Rohan Patel,54,Male,AB+,9296680958
34605,Arjun Sharma,52,Male,AB+,9390856119
34606,Aditya Sharma,33,Male,B-,9863714050
34607,Sahil Sharma,60,Female,AB+,9187948245
34608,Priya Singh,55,Female,A-,9389328580
34609,Kavya Patel,60,Female,B-,9315356155
34610,Kavya Patel,36,Female,AB-,9309048492
34611,Kavya Patel,34,Female,AB+,9495604199
34612,Anjali Sharma,40,Male,A+,9168016207
34613,Pooja Gupta,33,Male,AB-,9551067131
34614,Priya Mehta,39,Female,B+,9522285027
34615,Karan Singh,33,Male,AB-,9347737837
34616,Anjali Mehta,27,Male,B+,9604033738
34617,Riya Mehta,39,Female,B-,9817570057
34618,Anjali Patel,54,Male,AB+,9963905791
34619,Karan Mehta,54,Male,B-,9757620283
34620,Sneha Mehta,52,Male,AB-,9490890860
34621,Arjun Singh,21,Female,A-,9416752093
34622,Divya Kapoor,58,Male,AB-,9548929673
34623,Arjun Patel,59,Male,O-,9131853035
34624,Priya Mehta,39,Female,O-,9268148177
34625,Aman Sharma,46,Male,AB-,9841185469
34626,Vikram Mehta,36,Female,AB+,9915250670
34627,Aditya Mehta,60,Male,A-,9813553430
34628,Karan Reddy,26,Male,O+,9936130339
34629,Karan Kapoor,59,Female,O-,9630919095
34630,Aditya Kapoor,35,Female,AB+,9594367396
34631,Pooja Verma,25,Female,A+,9957887116
34632,Sneha Patel,20,Female,B+,9832908800
34633,Priya Singh,21,Male,B+,9514850183
34634,Pooja Sharma,23,Female,B-,9866663190
34635,Aditya Verma,28,Male,A+,9375425327
34636,Divya Mehta,34,Male,B-,9692985083
34637,Sahil Kapoor,32,Male,B-,9338334272
34638,Pooja Sharma,56,Female,A-,9681099060
34639,Rohan Verma,31,Male,O+,9615946765
34640,Vikram Mehta,24,Female,A+,9488610704
34641,Rohan Kapoor,53,Female,B-,9495307353
34642,Arjun Gupta,22,Female,A-,9571777795
34643,Priya Singh,34,Male,AB+,9955855726
34644,Vikram Kapoor,30,Male,B-,9301607572
34645,Kavya Sharma,42,Female,B+,9779539682
34646,Pooja Mehta,49,Male,A+,9625151050
34647,Aditya Verma,58,Female,O+,9847767681
34648,Anjali Verma,33,Male,O+,9521937009
34649,Pooja Verma,25,Female,A-,9339791604
34650,Karan Reddy,41,Male,AB+,9992046159
34651,Sneha Patel,58,Female,A+,9695557651
34652,Rahul Reddy,25,Male,B+,9114497990
34653,Aditya Singh,25,Female,A-,9190035654
34654,Divya Verma,56,Male,B-,9460509271
34655,Divya Singh,49,Female,A-,9859328460
34656,Vikram Kapoor,28,Female,A+,9469918850
34657,Priya Reddy,43,Male,O+,9216373979
34658,Priya Kapoor,23,Female,O-,9195781844
34659,Divya Mehta,28,Male,A+,9920666512
34660,Neha Kapoor,33,Female,B+,9170893180
34661,Neha Reddy,46,Male,O+,9637177837
34662,Sneha Verma,21,Male,AB-,9804937727
34663,Aditya Gupta,53,Male,A-,9342099605
34664,Rahul Sharma,26,Male,O-,9854508595
34665,Sneha Patel,21,Female,O+,9449899436
34666,Vikram Singh,38,Male,O+,9753561597
34667,Divya Kapoor,50,Male,O-,9193982656
34668,Anjali Gupta,22,Male,A+,9288083480
34669,Kavya Singh,41,Female,A-,9960071341
34670,Pooja Mehta,58,Female,O+,9659490799
34671,Aman Patel,23,Male,AB+,9769229794
34672,Divya Mehta,24,Male,A-,9634942148
34673,Priya Sharma,60,Male,AB-,9424518101
34674,Priya Verma,56,Female,AB-,9369196068
34675,Rahul Mehta,30,Male,O-,9987911526
34676,Divya Patel,18,Female,A-,9471656007
34677,Sahil Verma,50,Male,A-,9961841100
34678,Divya Verma,36,Female,O-,9369163031
34679,Kavya Reddy,47,Female,A+,9840539471
34680,Karan Gupta,20,Female,A+,9717652164
34681,Neha Mehta,43,Male,B-,9198832724
34682,Sneha Mehta,31,Female,O-,9981156570
34683,Rahul Patel,25,Male,AB-,9224099144
34684,Arjun Mehta,35,Female,O+,9290012165
34685,Riya Kapoor,45,Male,AB+,9471756928
34686,Kavya Verma,54,Female,B-,9136741044
34687,Divya Singh,43,Female,O+,9247123705
34688,Vikram Reddy,53,Female,O+,9569676114
34689,Karan Gupta,23,Female,A-,9180774521
34690,Priya Mehta,44,Male,B-,9501866896
34691,Priya Mehta,51,Male,AB+,9471693679
34692,Sahil Verma,58,Male,A-,9426648247
34693,Riya Verma,31,Female,O+,9243659231
34694,Sneha Gupta,38,Male,B-,9765872761
34695,Priya Sharma,60,Male,O-,9399478569
34696,Kavya Kapoor,26,Male,B+,9531548756
34697,Aditya Patel,50,Male,O-,9484958781
34698,Kavya Kapoor,51,Female,A-,9296800664
34699,Rahul Patel,28,Male,O+,9348113018
34700,Arjun Reddy,34,Female,A+,9383616927
34701,Kavya Singh,26,Male,AB+,9485241221
34702,Vikram Verma,32,Male,AB+,9466962744
34703,Pooja Sharma,36,Male,B-,9991506597
34704,Rohan Kapoor,39,Female,O+,9899411601
34705,Aman Mehta,25,Female,A-,9915567065
34706,Divya Sharma,56,Male,B+,9825078101
34707,Sneha Gupta,56,Male,B+,9755629953
34708,Neha Singh,47,Female,AB+,9370564062
34709,Arjun Patel,25,Female,AB-,9474927004
34710,Sahil Mehta,45,Female,O+,9481758350
34711,Rohan Reddy,23,Female,AB+,9327702387
34712,Vikram Verma,40,Male,B-,9864830990
34713,Riya Verma,56,Male,AB+,9397047794
34714,Riya Gupta,33,Male,O-,9139833010
34715,Sneha Singh,33,Male,O+,9750495856
34716,Vikram Reddy,60,Female,A+,9948377568
34717,Aditya Verma,52,Female,AB-,9948567079
34718,Karan Verma,51,Female,A-,9364936533
34719,Kavya Singh,51,Male,AB-,9905287154
34720,Divya Patel,36,Male,AB+,9791849501
34721,Neha Verma,54,Male,A-,9214368117
34722,Neha Mehta,20,Male,B-,9792468730
34723,Neha Mehta,18,Female,A+,9240102927
34724,Karan Reddy,44,Male,AB+,9590427612
34725,Rohan Reddy,35,Female,AB+,9364654260
34726,Riya Reddy,60,Male,O-,9183023336
34727,Neha Patel,49,Female,B-,9632322766
34728,Riya Kapoor,52,Male,A+,9444481799
34729,Aman Kapoor,27,Male,O-,9547068755
34730,Anjali Singh,18,Female,B+,9638988623
34731,Kavya Patel,50,Female,B+,9395617107
34732,Vikram Patel,36,Male,A+,9710476907
34733,Rohan Mehta,47,Male,O-,9683657399
34734,Priya Kapoor,34,Female,O-,9195151249
34735,Riya Sharma,54,Female,B-,9387579983
34736,Divya Mehta,30,Female,AB+,9946673858
34737,Rohan Sharma,30,Male,A-,9125242484
34738,Rahul Gupta,46,Male,O-,9865048887
34739,Arjun Gupta,58,Female,O-,9387594573
34740,Karan Sharma,32,Male,A+,9454827858
34741,Rahul Mehta,52,Female,AB-,9972994884
34742,Anjali Patel,31,Male,AB-,9924222536
34743,Divya Sharma,49,Male,B+,9604511795
34744,Divya Sharma,28,Female,AB-,9223590256
34745,Priya Reddy,32,Female,O-,9707875720
34746,Divya Gupta,30,Female,AB-,9267042365
34747,Rahul Mehta,36,Female,A+,9427119626
34748,Divya Sharma,30,Female,B-,9856586645
34749,Rahul Kapoor,59,Male,A-,9961994287
34750,Sahil Gupta,21,Female,O-,9251362387
34751,Anjali Sharma,58,Female,O-,9471308496
34752,Kavya Gupta,25,Female,A-,9428134085
34753,Vikram Singh,21,Male,AB-,9428919297
34754,Vikram Kapoor,29,Male,AB+,9422352959
34755,Sahil Singh,59,Male,B-,9634071630
34756,Vikram Singh,58,Female,O-,9915889689
34757,Sneha Kapoor,55,Female,B+,9138270389
34758,Aditya Reddy,35,Female,AB-,9709791659
34759,Sahil Patel,34,Female,A-,9610583659
34760,Rahul Mehta,25,Male,AB+,9393260517
34761,Kavya Mehta,48,Female,B-,9297239901
34762,Rahul Verma,49,Female,A+,9361711718
34763,Sneha Patel,58,Female,O-,9281411860
34764,Riya Kapoor,37,Female,O+,9520140363
34765,Karan Mehta,41,Male,AB-,9406904280
34766,Divya Patel,28,Male,AB+,9495276535
34767,Sneha Kapoor,39,Female,A-,9450924006
34768,Sahil Kapoor,33,Male,B-,9189203157
34769,Rohan Sharma,53,Female,O+,9353495817
34770,Aditya Reddy,30,Female,A-,9595460695
34771,Aditya Reddy,46,Male,B-,9903560765
34772,Rahul Patel,37,Female,AB-,9873816331
34773,Divya Sharma,30,Female,B+,9851085819
34774,Rahul Mehta,33,Female,O-,9267006995
34775,Divya Patel,59,Male,A-,9648496433
34776,Neha Patel,59,Male,A-,9396001102
34777,Aditya Mehta,55,Male,A+,9927905171
34778,Kavya Kapoor,49,Female,O-,9186428297
34779,Riya Sharma,44,Female,A+,9408724397
34780,Priya Verma,42,Female,A+,9469187158
34781,Aman Gupta,37,Female,AB-,9883549221
34782,Vikram Mehta,33,Male,B+,9721988110
34783,Anjali Patel,58,Female,A-,9762891495
34784,Sneha Verma,52,Female,B+,9252613093
34785,Karan Sharma,25,Female,O-,9975110314
34786,Priya Gupta,25,Female,AB+,9556367153
34787,Pooja Patel,30,Male,B+,9203850776
34788,Pooja Kapoor,55,Female,B+,9788802645
34789,Karan Singh,48,Female,A-,9352203289
34790,Anjali Singh,29,Male,O+,9728218175
34791,Aman Reddy,23,Female,AB-,9517564692
34792,Aditya Verma,47,Female,A+,9786519862
34793,Divya Singh,35,Male,AB-,9388255935
34794,Vikram Singh,52,Female,AB+,9939326189
34795,Rohan Sharma,41,Male,B+,9845165402
34796,Divya Verma,51,Female,O-,9484684486
34797,Sahil Verma,27,Female,B+,9513664468
34798,Rahul Singh,23,Male,A-,9135027514
34799,Riya Verma,38,Male,AB+,9775518655
34800,Riya Gupta,24,Female,AB+,9301375026
34801,Kavya Singh,32,Male,AB-,9161083124
34802,Divya Verma,60,Female,O-,9261856136
34803,Pooja Kapoor,60,Female,B+,9931423614
34804,Pooja Gupta,27,Male,B-,9469603272
34805,Rahul Verma,48,Male,AB+,9626374597
34806,Kavya Kapoor,22,Female,O-,9164970685
34807,Karan Mehta,38,Female,A+,9389561974
34808,Riya Mehta,24,Female,AB+,9876048356
34809,Sahil Kapoor,50,Male,A-,9774216318
34810,Neha Verma,35,Female,AB+,9680694970
34811,Riya Patel,46,Female,A+,9258136607
34812,Rohan Sharma,42,Male,O-,9806276225
34813,Arjun Gupta,35,Female,B-,9303523386
34814,Rohan Singh,45,Male,B-,9431230494
34815,Vikram Mehta,21,Female,A-,9402497197
34816,Kavya Verma,59,Male,O-,9749549266
34817,Aditya Singh,48,Female,A-,9245001135
34818,Riya Sharma,21,Female,A+,9696081163
34819,Aditya Kapoor,37,Female,B+,9760300423
34820,Arjun Gupta,22,Male,O+,9987263800
34821,Rohan Patel,30,Male,AB-,9339901422
34822,Pooja Verma,55,Female,A+,9510528420
34823,Kavya Sharma,56,Male,A-,9947680893
34824,Rahul Singh,55,Female,AB+,9163239061
34825,Sahil Patel,36,Female,A-,9802243641
34826,Rohan Patel,42,Female,B+,9653950526
34827,Aman Sharma,45,Female,AB-,9951847510
34828,Pooja Reddy,57,Male,B-,9889641933
34829,Pooja Singh,39,Female,B-,9209302472
34830,Riya Patel,55,Male,B+,9868843225
34831,Pooja Gupta,41,Male,O-,9107932990
34832,Aditya Kapoor,43,Female,AB+,9315893617
34833,Aditya Mehta,60,Male,O-,9737765427
34834,Kavya Reddy,27,Female,AB+,9865566327
34835,Rahul Reddy,59,Male,O+,9381429065
34836,Rohan Kapoor,42,Male,AB-,9834977504
34837,Neha Gupta,55,Female,B+,9718789826
34838,Sahil Patel,39,Female,A+,9978089737
34839,Anjali Sharma,41,Male,AB+,9150650637
34840,Priya Mehta,18,Female,AB+,9301045773
34841,Aman Gupta,58,Female,A+,9319428473
34842,Rahul Verma,25,Male,AB-,9707741686
34843,Aditya Gupta,32,Female,A-,9188873448
34844,Rahul Reddy,54,Female,A+,9735980214
34845,Neha Singh,33,Male,B-,9391396139
34846,Neha Reddy,55,Male,O+,9645817600
34847,Aditya Kapoor,58,Female,O-,9706418252
34848,Arjun Mehta,29,Male,A-,9982448359
34849,Divya Singh,37,Male,B+,9863515890
34850,Rohan Singh,60,Male,A+,9494453602
34851,Rahul Singh,53,Female,A+,9919668515
34852,Arjun Sharma,43,Female,B+,9759653268
34853,Divya Kapoor,42,Female,AB+,9875820281
34854,Rohan Sharma,58,Female,A+,9474875675
34855,Sahil Patel,31,Female,AB-,9687002182
34856,Riya Kapoor,23,Female,B+,9771631174
34857,Neha Kapoor,25,Male,B-,9993227479
34858,Rohan Sharma,47,Male,B+,9278315655
34859,Aman Sharma,34,Female,AB+,9865497691
34860,Neha Kapoor,50,Male,B-,9773138161
34861,Karan Reddy,37,Male,A-,9122464500
34862,Divya Verma,50,Male,A+,9951712606
34863,Pooja Kapoor,30,Male,AB-,9334554780
34864,Karan Patel,31,Male,A+,9512867855
34865,Riya Sharma,42,Male,AB-,9624788922
34866,Sahil Patel,40,Male,O+,9130224486
34867,Neha Gupta,48,Male,AB-,9861062934
34868,Pooja Patel,29,Female,A+,9861230195
34869,Karan Singh,56,Male,O+,9310939806
34870,Riya Patel,37,Female,AB-,9173365988
34871,Karan Reddy,51,Female,B+,9142516649
34872,Priya Kapoor,22,Female,AB-,9454127036
34873,Karan Patel,22,Female,A-,9241669061
34874,Rohan Mehta,60,Female,B-,9141485040
34875,Rohan Singh,45,Male,A-,9261036181
34876,Neha Patel,34,Male,O-,9390030453
34877,Neha Singh,51,Male,AB+,9652842203
34878,Rohan Gupta,21,Male,B+,9870061021
34879,Aditya Singh,60,Female,B-,9539348754
34880,Kavya Kapoor,24,Female,AB-,9156782152
34881,Divya Singh,53,Female,AB-,9964639171
34882,Vikram Singh,22,Male,B+,9686023611
34883,Priya Mehta,36,Female,A-,9796209338
34884,Karan Mehta,47,Female,O-,9482794366
34885,Riya Singh,46,Female,B+,9495211062
34886,Pooja Verma,53,Male,B-,9116897020
34887,Kavya Verma,24,Female,B+,9617130864
34888,Arjun Singh,39,Male,AB-,9662982300
34889,Aditya Mehta,50,Male,O+,9899835406
34890,Sahil Verma,44,Male,B+,9495641855
34891,Arjun Mehta,38,Female,O+,9513427366
34892,Pooja Sharma,51,Female,A+,9549278457
34893,Neha Kapoor,24,Male,A+,9860390078
34894,Rahul Reddy,25,Female,A-,9199017369
34895,Anjali Verma,29,Female,B-,9663481734
34896,Rahul Singh,58,Female,O-,9960745441
34897,Rohan Mehta,25,Male,O+,9163049237
34898,Neha Sharma,29,Female,B+,9499563565
34899,Karan Patel,37,Male,A+,9590121215
34900,Pooja Gupta,19,Male,O+,9368278952
34901,Rahul Sharma,29,Female,B-,9302568246
34902,Vikram Sharma,54,Female,B-,9813836380
34903,Karan Mehta,43,Female,A+,9305260775
34904,Neha Gupta,60,Male,AB-,9637836786
34905,Vikram Gupta,56,Female,AB-,9858260334
34906,Aditya Gupta,40,Female,AB-,9571340401
34907,Rahul Sharma,21,Female,A-,9545836525
34908,Kavya Kapoor,25,Male,O-,9404751903
34909,Arjun Gupta,51,Female,O+,9838079952
34910,Divya Sharma,20,Male,AB+,9262374855
34911,Rahul Verma,21,Female,A-,9457666214
34912,Sneha Verma,28,Female,O-,9337854026
34913,Aman Patel,28,Female,O+,9991760612
34914,Kavya Sharma,60,Female,B+,9977976324
34915,Sahil Singh,32,Female,AB-,9604253044
34916,Riya Kapoor,27,Male,A+,9305432464
34917,Pooja Mehta,27,Female,B+,9696976659
34918,Kavya Patel,52,Male,B-,9260979425
34919,Kavya Reddy,33,Female,A+,9149136051
34920,Pooja Kapoor,43,Female,A+,9559891718
34921,Arjun Verma,29,Female,AB-,9103916505
34922,Neha Verma,38,Male,AB+,9273442586
34923,Sneha Verma,50,Female,O-,9486649299
34924,Arjun Reddy,28,Female,AB-,9278247165
34925,Rohan Patel,31,Male,AB+,9287529457
34926,Kavya Singh,43,Male,A+,9234864955
34927,Arjun Singh,32,Male,O+,9480875342
34928,Pooja Verma,30,Female,AB-,9574686190
34929,Aman Gupta,49,Male,O-,9729062050
34930,Priya Kapoor,48,Male,B-,9234251887
34931,Anjali Verma,18,Male,O-,9444523461
34932,Sneha Patel,37,Female,B-,9666782312
34933,Sahil Kapoor,38,Male,O-,9317731568
34934,Anjali Gupta,32,Female,A+,9701114824
34935,Sneha Reddy,27,Male,AB+,9212991596
34936,Anjali Kapoor,54,Male,O+,9521600316
34937,Karan Singh,41,Female,AB+,9928810906
34938,Rohan Verma,48,Male,A+,9977852577
34939,Kavya Gupta,25,Female,A-,9962070739
34940,Sahil Kapoor,42,Female,O+,9370308580
34941,Sneha Gupta,59,Female,AB-,9539386312
34942,Aditya Reddy,25,Male,B+,9114606805
34943,Neha Sharma,52,Female,B+,9156307838
34944,Arjun Patel,55,Female,A-,9584558491
34945,Karan Kapoor,44,Female,B-,9524652025
34946,Arjun Mehta,60,Female,AB+,9337829864
34947,Sneha Verma,39,Female,O+,9246007128
34948,Kavya Sharma,22,Male,O-,9834628836
34949,Arjun Verma,57,Male,A+,9161532214
34950,Divya Patel,59,Male,AB-,9244486366
34951,Divya Mehta,28,Male,O+,9155581727
34952,Aditya Patel,28,Male,O+,9857079013
34953,Neha Kapoor,44,Female,B+,9326997354
34954,Rohan Mehta,52,Female,A+,9667858365
34955,Arjun Kapoor,46,Male,AB-,9389986628
34956,Anjali Reddy,45,Female,O-,9732036932
34957,Karan Sharma,51,Female,B+,9288426487
34958,Riya Sharma,38,Male,O-,9385265270
34959,Riya Reddy,18,Female,AB+,9793812811
34960,Sneha Sharma,59,Female,AB+,9902311991
34961,Pooja Mehta,44,Male,AB+,9706176765
34962,Neha Verma,35,Female,B-,9473402388
34963,Karan Kapoor,55,Male,O-,9912060771
34964,Priya Verma,21,Female,A-,9354733735
34965,Pooja Singh,33,Female,A-,9147891261
34966,Anjali Mehta,56,Female,O-,9398428292
34967,Pooja Kapoor,44,Female,AB+,9213903377
34968,Divya Reddy,33,Female,A-,9822571683
34969,Aman Patel,22,Female,A+,9272354258
34970,Divya Sharma,37,Male,A-,9465483020
34971,Arjun Mehta,27,Female,A-,9220941669
34972,Karan Mehta,48,Female,B-,9926408534
34973,Neha Sharma,60,Female,B+,9530407905
34974,Priya Sharma,57,Male,A-,9744085765
34975,Aman Reddy,47,Male,B+,9633466721
34976,Sneha Mehta,53,Female,A+,9505958500
34977,Rahul Sharma,58,Female,B-,9332490933
34978,Neha Verma,56,Female,B+,9411564051
34979,Rahul Patel,27,Female,A-,9403590540
34980,Sneha Sharma,35,Female,B-,9216011163
34981,Anjali Sharma,57,Male,O+,9298264886
34982,Sahil Reddy,51,Female,AB+,9977990822
34983,Karan Kapoor,23,Female,AB-,9114470901
34984,Rohan Gupta,31,Female,A-,9922701883
34985,Neha Kapoor,54,Male,AB-,9705771915
34986,Anjali Singh,60,Male,AB-,9473740799
34987,Rahul Singh,57,Female,B-,9803306098
34988,Riya Gupta,18,Male,B-,9847151632
34989,Divya Mehta,45,Male,O+,9734036164
34990,Vikram Mehta,54,Male,AB-,9408833331
34991,Riya Kapoor,52,Male,O-,9535683747
34992,Sahil Mehta,24,Female,AB-,9710010040
34993,Divya Gupta,54,Male,AB-,9862760690
34994,Rahul Patel,21,Female,B-,9344327748
34995,Rohan Verma,57,Female,AB+,9184125361
34996,Rahul Patel,18,Male,B-,9737555396
34997,Sneha Verma,37,Male,O+,9433476763
34998,Riya Sharma,45,Male,A+,9621231089
34999,Sneha Singh,29,Male,AB-,9823967786
35000,Karan Sharma,34,Male,B+,9788273775
35001,Vikram Singh,31,Male,AB-,9430158674
35002,Kavya Mehta,35,Female,AB+,9521461003
35003,Pooja Reddy,45,Male,AB-,9126743262
35004,Priya Sharma,50,Female,AB-,9179682126
35005,Aman Reddy,33,Male,B-,9168765614
35006,Aman Reddy,19,Male,B-,9432215124
35007,Priya Singh,22,Female,AB+,9764415880
35008,Sneha Singh,47,Female,A+,9657495217
35009,Rohan Gupta,48,Male,A-,9273837933
35010,Aditya Gupta,34,Male,AB+,9917287401
35011,Vikram Kapoor,29,Female,B-,9530741264
35012,Aman Patel,33,Male,A-,9134886223
35013,Arjun Kapoor,32,Male,B+,9216261844
35014,Priya Mehta,23,Male,B-,9843639351
35015,Arjun Sharma,29,Female,B+,9458178936
35016,Arjun Verma,20,Male,AB-,9321825758
35017,Sneha Singh,18,Female,AB+,9847461162
35018,Divya Mehta,45,Female,O+,9627273363
35019,Divya Singh,21,Male,AB+,9631998187
35020,Divya Singh,58,Female,B-,9721830086
35021,Neha Sharma,41,Female,AB-,9211586994
35022,Anjali Kapoor,27,Female,A-,9303045577
35023,Sneha Sharma,52,Female,O+,9676454617
35024,Kavya Patel,59,Female,B-,9899399484
35025,Sahil Sharma,39,Female,AB+,9854699230
35026,Kavya Kapoor,51,Female,B-,9969030564
35027,Karan Kapoor,58,Male,B+,9991045599
35028,Riya Verma,32,Male,B+,9445988818
35029,Priya Mehta,43,Male,AB+,9290025402
35030,Sneha Gupta,23,Female,O-,9235084661
35031,Neha Reddy,40,Male,O-,9599595615
35032,Divya Sharma,25,Female,A-,9765682619
35033,Priya Mehta,57,Male,A-,9709255509
35034,Sahil Singh,33,Male,AB-,9170252264
35035,Rahul Mehta,21,Female,A+,9427920489
35036,Sneha Mehta,50,Female,B-,9377764543
35037,Aman Reddy,39,Male,B+,9210745843
35038,Anjali Mehta,25,Female,AB+,9213152219
35039,Karan Kapoor,30,Male,B+,9609386077
35040,Sneha Kapoor,43,Female,B+,9818242574
35041,Priya Reddy,19,Female,O+,9570266314
35042,Divya Mehta,27,Male,AB+,9855087117
35043,Kavya Patel,42,Female,A-,9610065020
35044,Aman Singh,31,Male,O+,9588163395
35045,Kavya Singh,48,Male,A+,9132671797
35046,Priya Patel,39,Male,B-,9472014695
35047,Kavya Singh,33,Female,B+,9422456553
35048,Anjali Verma,32,Male,AB-,9760822602
35049,Neha Reddy,33,Male,B+,9673666995
35050,Aditya Gupta,25,Female,AB-,9588481700
35051,Vikram Sharma,56,Female,O+,9337253792
35052,Sneha Mehta,21,Male,A+,9683696013
35053,Rohan Verma,25,Male,B-,9718390552
35054,Rohan Gupta,42,Male,A-,9988292557
35055,Sahil Mehta,53,Female,B+,9540450714
35056,Rohan Mehta,39,Female,AB-,9812878113
35057,Rohan Reddy,54,Female,O+,9634719506
35058,Priya Gupta,58,Male,B-,9193628598
35059,Priya Reddy,60,Male,O-,9971841439
35060,Pooja Gupta,29,Male,A+,9659806274
35061,Anjali Verma,41,Male,A+,9175916831
35062,Aman Gupta,60,Female,O+,9355470226
35063,Priya Gupta,42,Female,O-,9264877398
35064,Rahul Mehta,40,Male,O+,9678769076
35065,Riya Gupta,39,Female,A+,9203923889
35066,Divya Gupta,26,Female,A-,9705557906
35067,Sneha Kapoor,21,Male,A-,9369244136
35068,Kavya Sharma,35,Male,B+,9372879697
35069,Karan Mehta,39,Male,B-,9988354333
35070,Anjali Patel,58,Male,B+,9262119117
35071,Rohan Verma,52,Female,B+,9335985869
35072,Pooja Gupta,36,Female,O-,9438285952
35073,Aditya Kapoor,39,Male,AB-,9850855982
35074,Kavya Reddy,34,Female,O+,9908655425
35075,Divya Singh,27,Female,A-,9898994379
35076,Sahil Singh,33,Male,A-,9231920930
35077,Priya Mehta,45,Male,B+,9560806137
35078,Anjali Sharma,55,Female,AB+,9855230159
35079,Riya Kapoor,36,Female,O+,9150588328
35080,Aman Verma,55,Female,B-,9944350882
35081,Karan Singh,27,Female,A-,9612490206
35082,Kavya Patel,46,Female,AB-,9529132932
35083,Sneha Kapoor,30,Male,A+,9169316363
35084,Riya Verma,32,Female,A+,9360453418
35085,Riya Singh,54,Male,A-,9997657253
35086,Sneha Gupta,44,Male,O-,9484592890
35087,Pooja Patel,45,Male,A+,9592347109
35088,Sahil Verma,31,Male,AB+,9993566435
35089,Rahul Mehta,36,Female,B-,9182047929
35090,Kavya Sharma,46,Female,B+,9165928466
35091,Vikram Mehta,32,Male,B+,9966462362
35092,Anjali Kapoor,37,Female,A+,9510306282
35093,Riya Kapoor,39,Female,A+,9388863453
35094,Pooja Sharma,27,Female,O+,9478277969
35095,Karan Singh,39,Female,O-,9788196170
35096,Kavya Gupta,41,Male,O+,9630938108
35097,Priya Verma,37,Male,A+,9201155324
35098,Priya Sharma,29,Female,AB-,9820476720
35099,Karan Verma,18,Female,AB+,9835957891
35100,Sahil Gupta,39,Female,O-,9599470845
35101,Rahul Gupta,33,Male,AB+,9915882229
35102,Aditya Mehta,49,Female,B+,9442484297
35103,Rohan Sharma,56,Male,B+,9795248685
35104,Neha Singh,32,Female,A-,9433699779
35105,Sneha Verma,40,Female,AB+,9143941647
35106,Pooja Singh,42,Male,O+,9601859844
35107,Kavya Mehta,19,Female,AB-,9533784543
35108,Pooja Mehta,23,Female,AB-,9413650308
35109,Pooja Verma,23,Female,A-,9536752101
35110,Aman Kapoor,23,Female,A-,9546580486
35111,Riya Sharma,58,Female,AB+,9680077618
35112,Aman Gupta,20,Male,AB+,9924865021
35113,Divya Sharma,20,Male,AB+,9739656959
35114,Aman Gupta,42,Female,O+,9653756680
35115,Anjali Singh,54,Female,A-,9537152338
35116,Neha Mehta,36,Female,O-,9849792324
35117,Aditya Patel,31,Male,B-,9125148158
35118,Rahul Patel,48,Female,B-,9222725234
35119,Kavya Kapoor,53,Female,AB-,9445119881
35120,Priya Mehta,36,Male,AB-,9759320101
35121,Sahil Singh,60,Female,O+,9105628868
35122,Karan Verma,57,Male,O-,9562444821
35123,Rohan Patel,27,Male,B-,9810292596
35124,Arjun Mehta,38,Female,B-,9963632498
35125,Neha Verma,53,Female,O+,9797323033
35126,Sneha Verma,53,Male,O+,9483500414
35127,Vikram Mehta,37,Male,O+,9717189568
35128,Vikram Mehta,45,Female,A+,9165379354
35129,Anjali Sharma,25,Female,O+,9333775410
35130,Aditya Reddy,21,Male,AB-,9669737773
35131,Rahul Sharma,53,Female,B-,9447648165
35132,Aman Verma,30,Male,B+,9642782589
35133,Kavya Verma,59,Female,AB-,9393365785
35134,Aman Patel,55,Female,O-,9906925915
35135,Aman Reddy,49,Male,A+,9809112856
35136,Karan Verma,60,Male,AB-,9805735930
35137,Rahul Singh,29,Female,AB+,9923620281
35138,Aditya Gupta,30,Male,AB+,9784820756
35139,Sahil Reddy,21,Male,O+,9999497818
35140,Vikram Gupta,59,Female,B-,9761023782
35141,Pooja Mehta,40,Female,O+,9616179863
35142,Rohan Mehta,42,Male,A-,9572937771
35143,Riya Mehta,30,Female,B+,9247113953
35144,Sneha Verma,19,Male,B-,9419173724
35145,Arjun Gupta,31,Male,O+,9965878886
35146,Karan Mehta,50,Female,AB-,9543450372
35147,Divya Singh,33,Male,O-,9641363319
35148,Aman Sharma,43,Male,AB+,9339325887
35149,Aman Sharma,22,Male,B+,9830773750
35150,Rohan Kapoor,29,Male,AB+,9424660275
35151,Rohan Verma,44,Female,AB-,9155238644
35152,Pooja Kapoor,33,Male,AB-,9432039999
35153,Karan Singh,29,Female,O-,9310875762
35154,Sahil Singh,50,Male,A+,9824921046
35155,Arjun Sharma,46,Female,AB+,9253393970
35156,Priya Singh,39,Male,B-,9101914627
35157,Vikram Patel,27,Male,A-,9315637450
35158,Priya Sharma,43,Male,AB+,9890820764
35159,Rohan Gupta,60,Male,B+,9155210806
35160,Karan Verma,20,Male,O+,9653166332
35161,Arjun Kapoor,55,Male,B-,9756059078
35162,Neha Kapoor,45,Female,AB+,9771752419
35163,Aditya Kapoor,19,Female,A+,9770816873
35164,Aman Sharma,55,Female,B+,9605896724
35165,Divya Reddy,48,Female,O+,9105911740
35166,Rohan Sharma,32,Female,B+,9143647054
35167,Aman Singh,21,Female,O+,9370113023
35168,Riya Verma,27,Female,O-,9239846787
35169,Karan Mehta,28,Female,B-,9810979298
35170,Aman Patel,26,Male,A+,9345016175
35171,Aman Patel,55,Male,AB-,9668423379
35172,Rohan Mehta,39,Female,AB-,9167224386
35173,Sneha Patel,27,Male,O+,9745238118
35174,Divya Patel,44,Female,B-,9241011461
35175,Neha Kapoor,42,Female,AB+,9352502703
35176,Sahil Kapoor,58,Female,A-,9732463665
35177,Kavya Gupta,52,Male,B-,9189770574
35178,Riya Reddy,21,Female,A+,9609112664
35179,Kavya Verma,60,Male,O+,9471298056
35180,Neha Patel,25,Female,A-,9499347996
35181,Pooja Verma,40,Female,A-,9289719827
35182,Neha Gupta,32,Female,A+,9276975987
35183,Rohan Gupta,28,Female,AB-,9453247888
35184,Neha Verma,29,Male,B+,9597121640
35185,Riya Sharma,31,Male,B+,9709981546
35186,Neha Gupta,52,Female,AB-,9997823565
35187,Arjun Patel,55,Male,AB-,9661120819
35188,Aman Sharma,45,Male,AB+,9125785111
35189,Sahil Gupta,43,Female,O+,9299535232
35190,Neha Gupta,26,Male,A-,9824089689
35191,Pooja Sharma,38,Male,AB+,9914774567
35192,Rohan Mehta,59,Male,B+,9958462730
35193,Rahul Singh,28,Female,O-,9619614489
35194,Rohan Verma,50,Female,A-,9123917891
35195,Kavya Verma,52,Male,B+,9233444282
35196,Karan Gupta,32,Male,B+,9876726036
35197,Arjun Sharma,57,Female,O+,9910589204
35198,Aditya Gupta,32,Female,AB-,9481269201
35199,Rahul Patel,24,Male,B+,9559716109
35200,Rahul Sharma,50,Male,AB-,9729201214
35201,Priya Singh,40,Female,B+,9780784016
35202,Aman Patel,39,Male,O-,9373180186
35203,Aditya Mehta,26,Male,O-,9310626092
35204,Rohan Sharma,19,Male,AB-,9430317160
35205,Rohan Reddy,38,Male,A-,9869977590
35206,Sahil Gupta,21,Female,AB+,9437705713
35207,Sahil Singh,40,Male,O+,9380003641
35208,Vikram Kapoor,21,Male,B+,9393195624
35209,Pooja Mehta,32,Female,AB-,9335569977
35210,Sahil Kapoor,36,Female,O-,9660588849
35211,Riya Mehta,31,Male,O+,9852814819
35212,Riya Singh,34,Female,AB+,9490771633
35213,Arjun Verma,41,Male,A+,9955294061
35214,Arjun Reddy,55,Male,O+,9346810340
35215,Pooja Reddy,55,Male,B-,9909969083
35216,Priya Reddy,59,Female,A-,9880311078
35217,Neha Sharma,57,Female,B-,9496933569
35218,Vikram Verma,26,Female,O+,9731413869
35219,Rohan Gupta,35,Female,AB+,9144175073
35220,Priya Patel,49,Female,O+,9214879178
35221,Divya Verma,31,Female,A+,9210159593
35222,Riya Reddy,36,Female,AB-,9933560515
35223,Aman Singh,49,Female,AB-,9814296720
35224,Neha Sharma,42,Female,A+,9419281428
35225,Riya Singh,40,Female,B+,9270826395
35226,Rohan Singh,23,Female,O-,9526481122
35227,Aditya Verma,18,Female,A-,9462672842
35228,Neha Patel,57,Female,A-,9418924968
35229,Kavya Mehta,27,Male,B-,9450470049
35230,Riya Mehta,50,Male,B-,9137277524
35231,Rohan Patel,36,Female,A-,9729702947
35232,Sahil Gupta,32,Female,B-,9574933296
35233,Kavya Gupta,24,Male,O-,9607992655
35234,Rahul Reddy,53,Female,A+,9950665734
35235,Rahul Verma,19,Male,AB+,9268749895
35236,Kavya Mehta,49,Female,AB+,9425858042
35237,Aditya Verma,52,Male,A+,9351216822
35238,Neha Mehta,33,Male,A+,9945294235
35239,Neha Gupta,52,Female,B+,9677706416
35240,Rahul Sharma,46,Female,B-,9128654275
35241,Pooja Singh,20,Female,A-,9754082242
35242,Arjun Mehta,24,Female,A-,9107562161
35243,Pooja Gupta,30,Female,O-,9209531016
35244,Rohan Mehta,24,Female,AB+,9619463392
35245,Riya Gupta,33,Male,B-,9964180012
35246,Pooja Verma,36,Male,O+,9939771404
35247,Vikram Gupta,46,Female,AB-,9314128144
35248,Sahil Kapoor,24,Male,A+,9512289973
35249,Aman Verma,32,Male,A-,9536165268
35250,Rahul Patel,41,Male,B-,9579815955
35251,Vikram Verma,44,Male,B-,9510716244
35252,Anjali Kapoor,45,Female,AB-,9327205294
35253,Anjali Gupta,27,Female,B+,9606601809
35254,Arjun Verma,36,Female,O+,9527382030
35255,Karan Kapoor,24,Female,AB+,9245372502
35256,Rahul Gupta,46,Female,AB+,9650845523
35257,Divya Mehta,44,Female,AB-,9278906101
35258,Sahil Gupta,48,Male,B+,9455542601
35259,Riya Sharma,52,Male,O+,9213306032
35260,Aditya Verma,45,Female,O+,9799736579
35261,Aditya Patel,45,Female,AB-,9240839502
35262,Arjun Sharma,33,Female,AB-,9737872889
35263,Neha Patel,54,Male,AB-,9653979096
35264,Priya Singh,57,Female,O+,9255690206
35265,Sneha Patel,53,Male,AB+,9713069952
35266,Karan Mehta,45,Female,A+,9124226283
35267,Aditya Kapoor,23,Male,AB+,9463315631
35268,Karan Sharma,53,Female,B+,9195593289
35269,Anjali Verma,59,Male,B+,9725255093
35270,Priya Kapoor,35,Male,AB+,9286668521
35271,Karan Patel,31,Female,AB+,9961851367
35272,Karan Mehta,53,Female,B+,9202815359
35273,Aditya Reddy,58,Female,A+,9383326811
35274,Pooja Kapoor,30,Male,B-,9192674639
35275,Anjali Verma,31,Female,AB+,9582349066
35276,Divya Sharma,30,Male,AB+,9824360189
35277,Sahil Gupta,31,Female,A+,9649190319
35278,Vikram Verma,30,Female,B+,9680602408
35279,Sneha Singh,49,Male,AB-,9665439883
35280,Pooja Sharma,23,Male,AB+,9218047375
35281,Arjun Sharma,57,Male,A+,9859209824
35282,Sahil Patel,19,Female,B+,9883104978
35283,Riya Reddy,38,Male,B+,9410348869
35284,Aditya Verma,22,Female,B+,9448296278
35285,Pooja Reddy,21,Male,O-,9498725392
35286,Kavya Verma,29,Female,O+,9429917973
35287,Aman Mehta,59,Female,AB-,9282038075
35288,Aman Singh,24,Female,O+,9949252812
35289,Riya Singh,34,Female,A+,9942044752
35290,Anjali Verma,60,Female,O+,9197197038
35291,Rahul Singh,24,Female,B-,9510038902
35292,Pooja Singh,34,Male,O+,9748636988
35293,Anjali Sharma,37,Female,O+,9362289473
35294,Kavya Gupta,51,Female,B-,9911691566
35295,Anjali Kapoor,40,Female,A-,9857254235
35296,Pooja Singh,22,Male,B+,9840708363
35297,Riya Gupta,45,Female,A-,9615570771
35298,Priya Singh,35,Female,AB+,9157480218
35299,Riya Verma,28,Female,B+,9429987496
35300,Rohan Verma,51,Male,A+,9160321079
35301,Divya Verma,34,Male,AB+,9112056051
35302,Priya Singh,52,Male,B-,9855712011
35303,Vikram Kapoor,34,Female,B+,9502798009
35304,Aman Mehta,34,Female,AB-,9736410819
35305,Karan Verma,36,Female,O+,9706299129
35306,Rohan Patel,46,Male,B+,9624689886
35307,Neha Verma,32,Female,A-,9678108768
35308,Divya Gupta,60,Male,A-,9913693611
35309,Pooja Kapoor,31,Male,B+,9899127932
35310,Vikram Reddy,24,Male,A-,9573364921
35311,Vikram Verma,47,Male,O+,9134581994
35312,Arjun Mehta,19,Male,B+,9684656765
35313,Riya Gupta,22,Male,AB+,9188764455
35314,Sahil Reddy,19,Male,O+,9991213052
35315,Aditya Patel,27,Female,AB+,9586053403
35316,Priya Verma,21,Female,A-,9453615135
35317,Rahul Sharma,34,Female,A-,9374916278
35318,Sneha Patel,36,Female,A-,9641866805
35319,Anjali Gupta,51,Male,B+,9236361086
35320,Neha Verma,30,Male,B-,9435165640
35321,Sahil Kapoor,34,Male,O+,9108415437
35322,Kavya Singh,34,Female,B-,9525352694
35323,Arjun Singh,60,Female,O-,9456728484
35324,Karan Patel,57,Female,AB+,9995203985
35325,Vikram Sharma,22,Male,A-,9391126296
35326,Vikram Kapoor,27,Female,O-,9607946204
35327,Sneha Verma,30,Male,A+,9117299654
35328,Rahul Reddy,35,Male,B+,9495948668
35329,Anjali Patel,29,Male,O-,9572395670
35330,Sahil Reddy,46,Female,B+,9882800158
35331,Karan Gupta,23,Male,B-,9309380720
35332,Karan Gupta,34,Male,O+,9358934960
35333,Sneha Mehta,51,Female,A+,9695932924
35334,Divya Gupta,59,Female,AB-,9935024899
35335,Sneha Reddy,33,Female,O-,9961404432
35336,Sneha Kapoor,41,Male,O+,9961394341
35337,Rahul Patel,31,Female,AB-,9936480848
35338,Karan Gupta,21,Male,A+,9979890807
35339,Aditya Verma,43,Male,AB-,9809765693
35340,Sahil Sharma,54,Female,A+,9817938532
35341,Aditya Sharma,34,Male,B+,9283163222
35342,Aman Mehta,31,Female,B+,9636420475
35343,Anjali Gupta,33,Female,O+,9771726580
35344,Karan Gupta,38,Female,B+,9721852635
35345,Sneha Singh,28,Female,AB+,9365733344
35346,Rohan Reddy,20,Male,B-,9754509060
35347,Aditya Verma,24,Male,A-,9981858277
35348,Priya Mehta,22,Male,A-,9957804712
35349,Anjali Gupta,20,Male,B-,9589079227
35350,Anjali Patel,55,Male,A-,9343367359
35351,Divya Sharma,39,Female,B-,9466519483
35352,Arjun Kapoor,52,Male,O+,9623933294
35353,Aman Sharma,34,Female,O+,9185704339
35354,Aman Singh,18,Female,B+,9943656789
35355,Anjali Mehta,37,Male,AB-,9225069129
35356,Sneha Mehta,32,Female,AB+,9503058576
35357,Pooja Gupta,55,Male,AB-,9778186557
35358,Priya Mehta,32,Female,B-,9854596129
35359,Pooja Verma,50,Male,AB+,9506641246
35360,Divya Singh,45,Male,AB-,9956367846
35361,Vikram Patel,46,Male,AB+,9431963897
35362,Neha Sharma,38,Male,O-,9558332755
35363,Karan Gupta,27,Female,A-,9624257364
35364,Vikram Kapoor,41,Male,A-,9918767664
35365,Priya Patel,21,Male,B+,9922114332
35366,Aman Singh,39,Male,O-,9172073901
35367,Aman Gupta,27,Male,A-,9317234610
35368,Aman Verma,31,Female,B+,9232507343
35369,Karan Kapoor,40,Female,B-,9445055057
35370,Sahil Gupta,54,Male,AB+,9708212530
35371,Priya Singh,27,Female,AB-,9665658372
35372,Priya Kapoor,25,Female,AB+,9735352900
35373,Divya Patel,51,Male,AB+,9985700127
35374,Aditya Kapoor,30,Male,AB-,9156593796
35375,Aman Gupta,34,Male,O+,9102513491
35376,Rahul Reddy,37,Female,O-,9925050702
35377,Aditya Sharma,22,Female,A-,9272318811
35378,Aditya Reddy,26,Female,A-,9822578166
35379,Riya Reddy,22,Female,O-,9985382523
35380,Riya Kapoor,19,Male,AB-,9523648183
35381,Riya Sharma,31,Male,A-,9673466238
35382,Karan Singh,56,Female,AB-,9948828131
35383,Riya Gupta,48,Male,AB-,9372702613
35384,Divya Singh,59,Female,A+,9709476185
35385,Rahul Verma,29,Male,O-,9308749743
35386,Vikram Reddy,41,Male,B+,9383164853
35387,Pooja Sharma,53,Male,AB-,9685198940
35388,Arjun Verma,24,Male,B+,9679929653
35389,Divya Kapoor,31,Female,B-,9716191710
35390,Pooja Gupta,48,Male,B-,9229626686
35391,Kavya Gupta,27,Female,A+,9189593781
35392,Kavya Gupta,20,Male,O-,9547616392
35393,Aditya Sharma,57,Male,A+,9277765435
35394,Neha Mehta,30,Male,A-,9843169259
35395,Aditya Gupta,49,Female,AB+,9693852056
35396,Priya Mehta,37,Female,B-,9451888739
35397,Aditya Reddy,31,Female,O+,9711911679
35398,Kavya Singh,33,Female,B-,9617598474
35399,Rohan Mehta,29,Male,O-,9172087004
35400,Sahil Sharma,43,Male,AB+,9182403449
35401,Kavya Sharma,22,Female,A-,9205239193
35402,Arjun Verma,25,Female,A-,9534119014
35403,Arjun Mehta,56,Male,O-,9396081286
35404,Rahul Sharma,45,Female,AB-,9395773748
35405,Anjali Reddy,57,Female,O+,9839485893
35406,Kavya Reddy,22,Male,B+,9781881106
35407,Aditya Kapoor,48,Female,B+,9465686453
35408,Anjali Reddy,52,Female,B-,9665696829
35409,Rahul Verma,24,Male,O-,9692147771
35410,Aditya Gupta,60,Male,B+,9261713561
35411,Anjali Singh,37,Female,AB+,9183065201
35412,Arjun Singh,31,Male,B+,9886387958
35413,Pooja Verma,57,Female,AB-,9448207290
35414,Sneha Patel,27,Female,AB-,9200161137
35415,Sneha Singh,23,Female,A+,9802671387
35416,Divya Kapoor,41,Male,AB+,9146875906
35417,Pooja Verma,49,Female,AB+,9101586978
35418,Vikram Sharma,35,Female,A-,9746365578
35419,Karan Gupta,57,Male,A+,9615002581
35420,Pooja Patel,44,Female,A+,9505484891
35421,Neha Sharma,59,Male,O+,9365592587
35422,Neha Kapoor,32,Male,B-,9291691929
35423,Rohan Sharma,23,Female,B+,9126346127
35424,Sneha Sharma,23,Male,B+,9854963328
35425,Arjun Mehta,23,Female,A-,9899487566
35426,Sahil Kapoor,39,Male,AB-,9347945168
35427,Divya Kapoor,53,Female,AB+,9629037381
35428,Rahul Kapoor,35,Female,AB-,9420863464
35429,Aditya Kapoor,49,Male,B-,9853127004
35430,Karan Mehta,60,Female,B-,9303744536
35431,Anjali Gupta,59,Female,B-,9389226094
35432,Priya Gupta,30,Male,AB+,9474985039
35433,Vikram Kapoor,39,Male,O+,9430287500
35434,Pooja Mehta,23,Male,B+,9602853369
35435,Rahul Patel,25,Male,B+,9975803055
35436,Aditya Patel,38,Male,O+,9715767915
35437,Riya Singh,46,Male,A-,9941321985
35438,Arjun Kapoor,32,Male,B+,9540530120
35439,Sneha Patel,49,Male,O+,9381570058
35440,Aman Reddy,49,Male,AB+,9957756222
35441,Karan Sharma,28,Female,O-,9630027512
35442,Anjali Kapoor,27,Female,AB+,9417872342
35443,Vikram Mehta,32,Male,AB-,9115060203
35444,Sneha Gupta,39,Female,B-,9267730869
35445,Pooja Singh,37,Female,A-,9856395257
35446,Rohan Kapoor,39,Female,B-,9588989377
35447,Kavya Verma,29,Male,A+,9873137832
35448,Rahul Kapoor,50,Female,O-,9136241013
35449,Rahul Patel,30,Female,B+,9790620579
35450,Rahul Patel,41,Male,AB-,9878337940
35451,Riya Mehta,58,Male,AB+,9573357984
35452,Vikram Sharma,42,Female,B-,9644081056
35453,Neha Singh,25,Female,AB+,9840205948
35454,Aditya Mehta,49,Female,AB+,9221803703
35455,Rohan Singh,38,Male,B+,9126672320
35456,Riya Verma,20,Female,B+,9216333151
35457,Aditya Kapoor,24,Male,B+,9988667828
35458,Arjun Mehta,28,Female,O+,9915236936
35459,Vikram Gupta,34,Male,O-,9481582647
35460,Riya Reddy,34,Female,A+,9240362539
35461,Divya Sharma,43,Female,AB-,9274606183
35462,Divya Kapoor,39,Male,AB-,9245603463
35463,Kavya Singh,35,Female,AB-,9493864419
35464,Sneha Gupta,53,Male,B-,9362648832
35465,Arjun Kapoor,39,Male,AB+,9137926125
35466,Pooja Patel,46,Male,AB-,9175880763
35467,Anjali Patel,59,Male,AB+,9571275086
35468,Priya Mehta,49,Male,A+,9962166880
35469,Sahil Singh,57,Male,A+,9144993745
35470,Kavya Gupta,25,Female,A-,9210918961
35471,Sneha Gupta,58,Female,B+,9942671781
35472,Aman Singh,58,Female,B+,9412216188
35473,Karan Kapoor,21,Female,AB+,9633208643
35474,Kavya Mehta,37,Male,O-,9476381519
35475,Sneha Sharma,60,Female,B+,9151134593
35476,Priya Singh,27,Male,A+,9444258513
35477,Sahil Sharma,51,Male,B-,9708875427
35478,Aman Singh,44,Female,A-,9378829083
35479,Vikram Verma,55,Male,O-,9192344546
35480,Priya Sharma,21,Male,A+,9248836497
35481,Sahil Verma,42,Female,A-,9700884915
35482,Aman Gupta,42,Female,A-,9350594609
35483,Karan Reddy,57,Female,AB+,9434080976
35484,Anjali Mehta,58,Female,A-,9170954907
35485,Anjali Mehta,24,Male,B-,9427288536
35486,Arjun Sharma,48,Male,A+,9158512115
35487,Kavya Mehta,35,Female,A+,9622153761
35488,Divya Gupta,37,Female,O-,9501262203
35489,Neha Mehta,51,Female,O+,9895398355
35490,Kavya Kapoor,46,Male,AB-,9896213104
35491,Aman Patel,30,Male,AB-,9910255701
35492,Karan Singh,24,Female,AB+,9717127347
35493,Riya Patel,34,Male,AB-,9810050094
35494,Pooja Mehta,42,Female,B+,9844210106
35495,Priya Singh,59,Female,O-,9778144425
35496,Sahil Reddy,58,Female,B+,9278826296
35497,Kavya Sharma,19,Female,A-,9148278266
35498,Karan Verma,50,Female,O-,9637934179
35499,Karan Verma,33,Male,O+,9858809345
35500,Anjali Verma,45,Male,AB-,9449227329
35501,Neha Patel,27,Male,A-,9872272597
35502,Rahul Verma,56,Female,O-,9806311344
35503,Kavya Patel,42,Female,O+,9463550933
35504,Aman Reddy,55,Male,B+,9784916983
35505,Sahil Kapoor,18,Male,AB+,9265249874
35506,Sneha Patel,54,Female,AB-,9601717432
35507,Rohan Verma,42,Female,AB+,9476520588
35508,Riya Singh,25,Male,B+,9585073016
35509,Riya Verma,32,Male,O-,9214257080
35510,Rahul Mehta,18,Male,B-,9737096544
35511,Pooja Kapoor,24,Male,O+,9660245920
35512,Pooja Verma,41,Female,A+,9117961074
35513,Karan Verma,25,Male,AB+,9979498088
35514,Karan Verma,29,Male,A+,9719727951
35515,Sahil Reddy,53,Male,AB-,9138688128
35516,Aditya Mehta,54,Male,O+,9309279653
35517,Divya Kapoor,33,Male,AB+,9693195790
35518,Karan Mehta,60,Female,A+,9635502921
35519,Rahul Sharma,48,Female,AB-,9843234130
35520,Aman Singh,25,Male,AB-,9869343278
35521,Pooja Mehta,18,Male,B-,9781404416
35522,Sneha Verma,40,Female,B+,9718750314
35523,Aditya Mehta,23,Female,AB+,9960424398
35524,Rahul Reddy,24,Male,A-,9289792830
35525,Karan Singh,43,Female,A-,9518793654
35526,Kavya Mehta,41,Male,A+,9853636994
35527,Vikram Singh,52,Female,AB-,9346920687
35528,Aditya Mehta,31,Female,AB+,9706171820
35529,Rohan Reddy,29,Male,B+,9477628183
35530,Divya Verma,50,Male,AB-,9682404997
35531,Anjali Kapoor,45,Male,AB-,9523887441
35532,Kavya Gupta,54,Female,O-,9236763279
35533,Rohan Gupta,38,Male,AB-,9187657530
35534,Rahul Kapoor,57,Female,B-,9965787458
35535,Pooja Kapoor,60,Female,AB+,9263456146
35536,Pooja Reddy,60,Female,AB+,9632165354
35537,Kavya Mehta,40,Female,AB+,9109451946
35538,Aman Patel,26,Female,O-,9499514014
35539,Rohan Kapoor,36,Female,A+,9972986758
35540,Sahil Sharma,25,Male,A-,9301802819
35541,Aman Mehta,29,Male,B+,9336148007
35542,Neha Sharma,37,Male,A+,9968474940
35543,Aditya Singh,47,Female,O+,9609895772
35544,Arjun Reddy,51,Male,AB+,9778336605
35545,Priya Patel,60,Female,B+,9762838447
35546,Rahul Gupta,20,Female,B+,9977968677
35547,Neha Mehta,31,Male,A+,9794764137
35548,Neha Gupta,60,Male,AB-,9197823029
35549,Anjali Kapoor,54,Female,AB+,9197029692
35550,Aditya Patel,55,Male,AB+,9319179040
35551,Karan Singh,47,Female,B+,9435185677
35552,Anjali Mehta,23,Female,A-,9444536492
35553,Sneha Reddy,49,Female,AB+,9497043013
35554,Arjun Mehta,46,Female,A+,9401623722
35555,Vikram Verma,30,Male,O-,9834307245
35556,Riya Mehta,51,Male,AB+,9524696669
35557,Rahul Mehta,20,Female,B-,9427576255
35558,Karan Sharma,44,Female,A+,9285579860
35559,Priya Reddy,49,Male,B-,9881593028
35560,Priya Gupta,35,Female,B+,9353018535
35561,Riya Gupta,28,Female,B-,9669450605
35562,Arjun Gupta,50,Female,A-,9416253298
35563,Sahil Sharma,27,Male,O+,9210985043
35564,Aditya Gupta,21,Male,AB-,9357879025
35565,Anjali Mehta,42,Female,B+,9993161780
35566,Priya Gupta,34,Male,AB+,9640741746
35567,Anjali Sharma,46,Female,A-,9986093104
35568,Kavya Sharma,48,Male,O+,9890428002
35569,Priya Singh,47,Male,B+,9273065308
35570,Sahil Kapoor,56,Male,AB+,9956852645
35571,Vikram Kapoor,29,Male,B-,9293628417
35572,Priya Patel,36,Male,B-,9849660624
35573,Karan Kapoor,35,Male,AB+,9760829068
35574,Anjali Reddy,22,Female,AB+,9613696315
35575,Riya Verma,59,Female,A+,9308583571
35576,Rahul Patel,34,Female,B-,9505097706
35577,Priya Patel,40,Female,A-,9523605171
35578,Rohan Mehta,44,Male,O-,9797723996
35579,Rahul Mehta,52,Female,AB-,9863890255
35580,Karan Sharma,24,Female,B+,9527072092
35581,Sneha Kapoor,22,Female,B-,9935357898
35582,Aman Reddy,56,Male,O+,9657868527
35583,Riya Verma,22,Male,A-,9675785346
35584,Rohan Singh,29,Male,B+,9854248973
35585,Arjun Kapoor,24,Female,AB-,9131807406
35586,Sahil Mehta,24,Female,O-,9627229170
35587,Anjali Mehta,42,Female,AB-,9780754064
35588,Rohan Patel,47,Male,AB-,9240379609
35589,Pooja Mehta,35,Male,AB+,9862470613
35590,Vikram Patel,58,Female,O-,9676830463
35591,Riya Patel,50,Male,B+,9846348942
35592,Karan Gupta,22,Female,A-,9205562840
35593,Divya Reddy,25,Female,O+,9431418646
35594,Anjali Reddy,53,Female,O+,9853399728
35595,Sneha Singh,53,Female,B+,9344451122
35596,Priya Reddy,36,Female,AB-,9866801337
35597,Rohan Mehta,52,Female,B+,9147104817
35598,Aditya Verma,48,Male,AB+,9596321061
35599,Aman Patel,21,Male,B-,9805950310
35600,Aman Singh,50,Male,A+,9958304418
35601,Sneha Gupta,28,Female,B-,9794705037
35602,Aman Mehta,22,Female,AB-,9478706762
35603,Arjun Verma,46,Female,B-,9344591128
35604,Vikram Verma,21,Female,B+,9223342815
35605,Sahil Sharma,27,Male,O-,9783095377
35606,Arjun Sharma,33,Female,A+,9398367537
35607,Pooja Sharma,29,Female,B-,9780294859
35608,Anjali Gupta,20,Male,AB+,9504101962
35609,Priya Gupta,50,Female,B+,9439936388
35610,Pooja Mehta,33,Male,O-,9513239411
35611,Pooja Mehta,24,Female,A+,9803581105
35612,Rahul Reddy,19,Female,A-,9476651751
35613,Riya Sharma,34,Male,A-,9273167282
35614,Sneha Kapoor,60,Female,O+,9988724673
35615,Rahul Patel,33,Male,B-,9449663630
35616,Aman Patel,36,Female,A+,9195044256
35617,Pooja Verma,57,Male,AB-,9587407368
35618,Anjali Singh,41,Male,O+,9719230146
35619,Divya Singh,28,Male,O+,9321771018
35620,Priya Singh,53,Male,A-,9145721649
35621,Priya Gupta,35,Male,O+,9396865981
35622,Aman Singh,51,Male,B+,9457005006
35623,Sahil Verma,31,Male,A+,9789234193
35624,Priya Sharma,47,Female,AB+,9580877368
35625,Neha Kapoor,39,Female,A-,9440603003
35626,Kavya Patel,40,Female,AB-,9829413761
35627,Rohan Sharma,54,Male,AB-,9564055628
35628,Sneha Sharma,21,Female,A+,9710282316
35629,Karan Sharma,50,Female,A+,9185498127
35630,Anjali Kapoor,27,Male,O-,9350124116
35631,Neha Sharma,56,Female,AB+,9828756856
35632,Divya Gupta,40,Male,O+,9326515356
35633,Aman Singh,20,Female,A-,9804937418
35634,Anjali Singh,26,Male,B+,9769441150
35635,Kavya Singh,25,Female,O-,9463869505
35636,Aditya Patel,21,Female,B+,9826824973
35637,Neha Patel,29,Male,B-,9787132734
35638,Vikram Sharma,20,Male,A-,9491545825
35639,Vikram Mehta,31,Female,A-,9527447542
35640,Aman Kapoor,39,Male,AB+,9213986296
35641,Pooja Reddy,49,Male,A+,9855780420
35642,Aman Reddy,42,Female,A+,9815145987
35643,Sahil Kapoor,21,Female,AB+,9696772442
35644,Aman Verma,23,Female,O+,9359943360
35645,Pooja Kapoor,58,Female,A+,9488906145
35646,Neha Kapoor,41,Female,B+,9505491634
35647,Sahil Patel,30,Female,B-,9988337093
35648,Riya Mehta,54,Male,A+,9770864575
35649,Anjali Gupta,46,Female,A-,9978374134
35650,Aditya Gupta,22,Female,AB+,9124655209
35651,Sneha Singh,22,Female,AB-,9630651772
35652,Arjun Gupta,23,Female,B+,9216621508
35653,Aman Kapoor,43,Female,O-,9729849487
35654,Vikram Kapoor,36,Male,B+,9273372412
35655,Anjali Singh,40,Male,A-,9470342689
35656,Aditya Patel,19,Male,B-,9716686954
35657,Pooja Singh,29,Female,A-,9775762037
35658,Sahil Verma,30,Male,A-,9577184713
35659,Aman Singh,50,Female,O-,9649310599
35660,Anjali Sharma,21,Female,AB-,9496865181
35661,Divya Verma,39,Male,B+,9830290576
35662,Priya Patel,58,Female,AB-,9897055400
35663,Sneha Singh,32,Male,A-,9928200701
35664,Riya Singh,59,Female,A+,9457176868
35665,Anjali Singh,56,Male,B-,9443308920
35666,Riya Kapoor,40,Male,O+,9246684762
35667,Aditya Verma,41,Male,B-,9251061461
35668,Aditya Sharma,30,Female,AB-,9592247309
35669,Sneha Kapoor,60,Male,A-,9755895082
35670,Aman Mehta,56,Male,B-,9792528328
35671,Karan Mehta,35,Female,B+,9414905273
35672,Priya Patel,57,Male,AB+,9149516632
35673,Riya Reddy,21,Female,AB-,9734133770
35674,Sneha Patel,20,Male,AB-,9588400556
35675,Kavya Verma,35,Female,O-,9754885927
35676,Vikram Reddy,47,Male,A-,9711328887
35677,Sahil Sharma,22,Male,A-,9133452153
35678,Aman Singh,57,Male,A-,9299769068
35679,Anjali Singh,20,Female,O-,9682991864
35680,Sneha Kapoor,59,Male,O+,9356672129
35681,Arjun Mehta,49,Male,A+,9793607388
35682,Arjun Gupta,18,Male,B+,9860388088
35683,Divya Patel,49,Male,A-,9707747363
35684,Aman Reddy,30,Male,A+,9881036551
35685,Arjun Patel,26,Male,B+,9517041390
35686,Sneha Patel,19,Female,A+,9709796253
35687,Riya Kapoor,34,Male,AB-,9646253714
35688,Rahul Verma,54,Male,A+,9770386545
35689,Divya Patel,58,Male,O-,9950301109
35690,Priya Singh,58,Female,O+,9544654148
35691,Neha Kapoor,52,Female,A-,9577543119
35692,Kavya Kapoor,44,Female,B-,9613928025
35693,Karan Sharma,33,Female,AB+,9887797016
35694,Anjali Gupta,59,Female,B-,9602188076
35695,Arjun Sharma,23,Male,B-,9354328668
35696,Karan Kapoor,59,Male,AB+,9833444697
35697,Divya Patel,55,Female,O-,9518520412
35698,Pooja Mehta,57,Female,B-,9400557577
35699,Anjali Singh,49,Male,AB+,9586734163
35700,Rahul Singh,57,Female,AB-,9978678906
35701,Rohan Singh,19,Male,A-,9899964600
35702,Vikram Patel,41,Male,A+,9150042878
35703,Priya Reddy,46,Male,O+,9990773508
35704,Aman Gupta,28,Female,A+,9293239863
35705,Aditya Mehta,47,Female,AB+,9733799963
35706,Neha Sharma,22,Female,A-,9590587093
35707,Neha Mehta,18,Female,B+,9881484904
35708,Pooja Patel,37,Female,AB-,9865427706
35709,Riya Reddy,35,Male,AB+,9141250347
35710,Aman Mehta,28,Male,B-,9152699149
35711,Sahil Gupta,59,Male,A+,9852361642
35712,Priya Patel,34,Female,O+,9157180776
35713,Karan Gupta,18,Female,AB-,9433805402
35714,Anjali Verma,56,Female,B+,9993545235
35715,Priya Mehta,31,Female,O+,9112114998
35716,Rahul Sharma,60,Female,AB+,9223525897
35717,Aman Mehta,26,Male,A+,9874429203
35718,Rahul Singh,29,Female,B+,9174935291
35719,Aman Mehta,48,Female,O+,9502688055
35720,Rahul Mehta,48,Female,A-,9741619655
35721,Rahul Sharma,48,Male,A+,9254134301
35722,Vikram Patel,27,Male,A+,9965418661
35723,Rohan Kapoor,29,Male,B-,9663987447
35724,Karan Reddy,57,Female,O+,9683499050
35725,Divya Patel,31,Female,A-,9286906009
35726,Rahul Singh,54,Male,AB+,9260330314
35727,Sahil Reddy,60,Female,O-,9272573823
35728,Pooja Gupta,42,Male,O-,9291360702
35729,Kavya Kapoor,41,Male,B-,9815795685
35730,Priya Mehta,22,Male,A-,9528021541
35731,Arjun Verma,39,Male,B-,9678891559
35732,Aditya Kapoor,59,Male,AB-,9969978138
35733,Neha Mehta,58,Male,B-,9552844769
35734,Karan Gupta,23,Female,A+,9449925691
35735,Rahul Singh,60,Male,AB+,9379815110
35736,Priya Gupta,47,Male,B-,9278533373
35737,Rohan Mehta,22,Female,A+,9944794527
35738,Karan Patel,35,Male,AB-,9525357660
35739,Anjali Mehta,41,Female,A+,9751531042
35740,Sneha Gupta,19,Male,O-,9653375242
35741,Pooja Sharma,33,Male,B+,9244110938
35742,Pooja Sharma,50,Male,AB+,9685876566
35743,Sahil Verma,60,Female,O-,9598343905
35744,Sahil Sharma,39,Female,AB-,9954961012
35745,Aman Verma,41,Male,B-,9743294306
35746,Rahul Patel,45,Male,B-,9579075501
35747,Pooja Patel,48,Female,AB+,9305700347
35748,Sneha Patel,30,Female,A-,9532826182
35749,Rohan Reddy,33,Female,B+,9199451157
35750,Anjali Reddy,57,Male,O-,9746133092
35751,Aditya Mehta,55,Female,A-,9679296093
35752,Kavya Sharma,51,Female,A-,9148190050
35753,Kavya Sharma,39,Female,A+,9322700340
35754,Divya Singh,55,Male,AB+,9627813460
35755,Rohan Kapoor,55,Female,A+,9347963414
35756,Aman Verma,51,Female,B-,9250106615
35757,Sahil Patel,59,Female,B-,9183515550
35758,Riya Verma,56,Male,AB-,9114204905
35759,Vikram Gupta,44,Male,B-,9698423961
35760,Riya Verma,27,Male,AB+,9903728506
35761,Aman Singh,58,Male,A+,9520614146
35762,Neha Gupta,38,Female,B+,9386911933
35763,Arjun Singh,24,Male,AB+,9606204082
35764,Vikram Kapoor,44,Female,AB-,9818826830
35765,Priya Gupta,40,Female,B-,9616706842
35766,Kavya Gupta,40,Female,O+,9985554769
35767,Kavya Sharma,40,Male,A-,9107424310
35768,Sahil Gupta,53,Male,B-,9774645561
35769,Anjali Singh,23,Male,AB-,9479207207
35770,Priya Mehta,35,Female,AB-,9727587367
35771,Sneha Verma,26,Female,AB+,9372181985
35772,Neha Reddy,57,Male,A+,9463158610
35773,Aditya Singh,59,Male,A-,9457183324
35774,Sneha Gupta,48,Female,A+,9788708191
35775,Pooja Gupta,54,Female,O-,9623139488
35776,Aman Gupta,42,Female,B-,9907933816
35777,Divya Sharma,49,Male,O-,9456082434
35778,Karan Mehta,25,Female,A+,9640735693
35779,Neha Verma,19,Female,B+,9851105980
35780,Riya Patel,18,Male,A+,9199107852
35781,Aman Mehta,59,Male,A-,9171373221
35782,Priya Kapoor,49,Female,O+,9334244499
35783,Vikram Sharma,57,Female,AB-,9791773613
35784,Kavya Sharma,25,Male,A-,9652902729
35785,Riya Gupta,31,Female,AB-,9737849042
35786,Pooja Singh,28,Female,A+,9606019358
35787,Arjun Sharma,47,Male,A+,9825757319
35788,Rahul Sharma,39,Female,AB-,9709484452
35789,Sneha Kapoor,23,Male,O+,9777473564
35790,Karan Patel,39,Male,B-,9790544489
35791,Priya Kapoor,49,Male,A+,9161184916
35792,Priya Sharma,25,Male,AB+,9434488117
35793,Aman Patel,39,Female,AB-,9763449348
35794,Kavya Sharma,57,Female,O-,9842755137
35795,Kavya Verma,36,Female,B+,9776945231
35796,Divya Reddy,23,Female,O-,9902475118
35797,Rohan Singh,20,Female,O-,9928957048
35798,Aman Mehta,22,Male,AB+,9787377707
35799,Pooja Mehta,28,Male,B+,9947680819
35800,Divya Kapoor,39,Female,A+,9893667565
35801,Sneha Kapoor,23,Male,B-,9732312671
35802,Kavya Patel,29,Female,O+,9113427496
35803,Rahul Patel,49,Male,B+,9643816345
35804,Neha Singh,59,Female,AB-,9326306837
35805,Divya Kapoor,53,Male,A-,9402519446
35806,Rohan Reddy,46,Male,A-,9468693534
35807,Divya Kapoor,22,Female,AB-,9406745639
35808,Sahil Reddy,46,Male,B+,9256701281
35809,Neha Singh,39,Female,O-,9107650349
35810,Neha Patel,40,Female,AB+,9369329910
35811,Anjali Singh,46,Male,AB-,9805268339
35812,Riya Kapoor,56,Female,AB-,9525521797
35813,Vikram Mehta,56,Female,B+,9308113289
35814,Priya Gupta,45,Male,B-,9610312086
35815,Anjali Gupta,47,Male,O+,9801578397
35816,Sahil Singh,21,Male,O-,9993707865
35817,Karan Mehta,49,Male,O-,9943077647
35818,Karan Patel,24,Female,AB+,9230171820
35819,Anjali Gupta,26,Female,A+,9297718817
35820,Sneha Gupta,52,Female,A-,9946239046
35821,Karan Singh,19,Female,A+,9684144035
35822,Neha Verma,40,Female,A+,9438429612
35823,Vikram Mehta,49,Female,AB-,9209731243
35824,Kavya Gupta,48,Male,AB-,9873495293
35825,Vikram Patel,54,Male,AB+,9910714722
35826,Divya Reddy,40,Male,A-,9207202570
35827,Aman Mehta,39,Female,B-,9638191172
35828,Sneha Kapoor,19,Female,O-,9494792608
35829,Rohan Sharma,40,Female,AB-,9802101949
35830,Priya Patel,45,Male,A-,9525285957
35831,Divya Gupta,48,Female,A+,9739619434
35832,Sahil Reddy,33,Male,A+,9652847048
35833,Vikram Gupta,57,Male,A-,9813411898
35834,Sahil Verma,51,Male,B-,9465705677
35835,Aman Patel,43,Male,O-,9617086537
35836,Anjali Sharma,55,Male,AB-,9794723861
35837,Vikram Mehta,44,Male,AB+,9434584422
35838,Arjun Sharma,36,Female,A-,9155430495
35839,Sahil Reddy,50,Female,O+,9430314733
35840,Sneha Verma,55,Male,AB+,9580525048
35841,Sahil Mehta,40,Male,A-,9505478686
35842,Sneha Patel,30,Male,B-,9398938557
35843,Rahul Kapoor,41,Female,B-,9835534723
35844,Divya Singh,43,Male,AB+,9624204024
35845,Pooja Kapoor,34,Male,B+,9729261958
35846,Anjali Kapoor,51,Male,O-,9966820894
35847,Divya Patel,38,Female,O-,9488997921
35848,Anjali Mehta,52,Male,O-,9848024127
35849,Pooja Reddy,37,Male,O-,9343526839
35850,Neha Gupta,47,Female,A-,9717035363
35851,Divya Gupta,19,Female,AB-,9154382654
35852,Aditya Kapoor,31,Male,AB-,9551957506
35853,Vikram Verma,49,Female,B+,9523525199
35854,Pooja Verma,57,Female,B-,9708336101
35855,Aditya Gupta,49,Female,AB+,9312714245
35856,Sneha Reddy,39,Male,A+,9975280983
35857,Aman Patel,27,Male,A-,9853796314
35858,Arjun Verma,54,Female,AB+,9888712159
35859,Divya Verma,46,Male,B-,9738597604
35860,Aman Mehta,60,Female,O-,9698145891
35861,Arjun Mehta,48,Male,B+,9686604004
35862,Sahil Singh,19,Male,A-,9292134252
35863,Pooja Mehta,55,Male,O+,9129987771
35864,Pooja Kapoor,18,Female,A-,9741788871
35865,Rahul Singh,58,Male,A-,9852570218
35866,Karan Reddy,25,Male,A-,9419878040
35867,Aman Verma,53,Male,O+,9484717743
35868,Anjali Kapoor,26,Male,O+,9926473688
35869,Aman Gupta,36,Female,B-,9710315659
35870,Priya Reddy,44,Female,AB+,9120412467
35871,Priya Kapoor,49,Female,B+,9839805915
35872,Aman Reddy,43,Female,AB+,9186357558
35873,Riya Sharma,23,Female,AB-,9140853132
35874,Sahil Sharma,36,Male,O+,9791646500
35875,Pooja Verma,37,Male,O-,9981843514
35876,Rahul Sharma,57,Female,A-,9973445870
35877,Sahil Reddy,57,Female,A-,9114313911
35878,Karan Gupta,49,Male,A-,9300135175
35879,Rohan Singh,43,Male,B+,9909017103
35880,Neha Patel,54,Male,AB-,9764453728
35881,Rohan Mehta,45,Female,B+,9808776458
35882,Priya Patel,42,Female,B-,9291964212
35883,Anjali Kapoor,19,Male,O-,9959382633
35884,Aditya Mehta,21,Female,O-,9446554078
35885,Priya Patel,25,Male,O+,9329869234
35886,Arjun Singh,53,Male,B+,9565221708
35887,Priya Mehta,34,Female,O+,9882430813
35888,Anjali Verma,19,Female,A+,9451968266
35889,Pooja Singh,45,Male,A+,9211834140
35890,Priya Singh,40,Male,AB+,9925734632
35891,Neha Kapoor,43,Female,A-,9482968469
35892,Karan Kapoor,40,Female,A-,9265799489
35893,Aditya Sharma,19,Female,B+,9829318356
35894,Arjun Singh,22,Male,O+,9862146746
35895,Priya Verma,51,Male,A+,9956770468
35896,Anjali Gupta,55,Female,O+,9356086303
35897,Karan Mehta,39,Male,O+,9233404119
35898,Kavya Sharma,31,Female,O-,9119002047
35899,Anjali Singh,30,Male,AB+,9545026641
35900,Rohan Kapoor,40,Male,B+,9799029557
35901,Aman Verma,23,Male,A-,9569741250
35902,Anjali Verma,50,Female,B+,9124794765
35903,Riya Patel,51,Female,AB+,9803862782
35904,Anjali Mehta,45,Male,O-,9411389648
35905,Neha Singh,57,Female,O+,9135231398
35906,Pooja Patel,21,Male,B-,9647229897
35907,Arjun Mehta,54,Male,B+,9973231734
35908,Rahul Mehta,42,Female,O+,9681636618
35909,Anjali Singh,26,Female,B+,9359254462
35910,Kavya Patel,35,Female,O+,9445455652
35911,Rohan Singh,24,Female,B+,9153230448
35912,Kavya Gupta,55,Female,A+,9201716428
35913,Arjun Verma,39,Male,AB-,9637450710
35914,Rohan Patel,52,Male,B-,9302312822
35915,Kavya Verma,38,Female,B-,9629516568
35916,Riya Verma,31,Male,A+,9612327874
35917,Priya Kapoor,39,Male,O+,9204885276
35918,Divya Patel,35,Female,B-,9343745164
35919,Rahul Kapoor,53,Male,AB+,9812562900
35920,Riya Sharma,52,Female,AB+,9294260640
35921,Anjali Singh,18,Male,AB-,9149317654
35922,Priya Mehta,47,Male,A+,9792691475
35923,Kavya Kapoor,31,Male,AB+,9640582086
35924,Neha Mehta,55,Male,O+,9909419369
35925,Neha Kapoor,53,Male,A+,9392269816
35926,Pooja Mehta,54,Female,B+,9443308978
35927,Arjun Patel,29,Female,B+,9207913063
35928,Aditya Patel,22,Female,AB-,9389357070
35929,Vikram Sharma,33,Female,B+,9979385140
35930,Neha Sharma,24,Male,B+,9346036220
35931,Priya Singh,53,Female,A+,9840895227
35932,Riya Kapoor,40,Female,A-,9862732028
35933,Arjun Mehta,48,Female,B+,9623406540
35934,Sneha Kapoor,52,Female,A+,9990905830
35935,Rohan Kapoor,29,Male,AB+,9261952701
35936,Riya Reddy,48,Male,B-,9656235888
35937,Riya Sharma,48,Female,A+,9767278027
35938,Anjali Sharma,55,Male,AB+,9434472562
35939,Sneha Gupta,49,Male,B+,9611638384
35940,Anjali Verma,58,Female,B+,9119629216
35941,Arjun Sharma,21,Female,B-,9100564741
35942,Kavya Gupta,51,Female,B-,9477891697
35943,Riya Singh,56,Male,O+,9187864718
35944,Neha Verma,50,Female,A-,9608691509
35945,Kavya Sharma,29,Female,O+,9107654043
35946,Rahul Mehta,57,Male,O-,9830560921
35947,Anjali Gupta,22,Male,AB+,9615231354
35948,Anjali Gupta,59,Female,B-,9937869443
35949,Rohan Patel,48,Female,A+,9631384804
35950,Aman Patel,31,Male,AB-,9550450452
35951,Rahul Patel,29,Female,A-,9926873368
35952,Sahil Kapoor,54,Female,AB+,9837970392
35953,Karan Reddy,52,Male,A+,9336661319
35954,Rohan Gupta,60,Female,A+,9454789753
35955,Karan Verma,29,Male,AB+,9249720477
35956,Neha Gupta,20,Male,AB-,9908541330
35957,Sneha Verma,32,Male,O-,9988808116
35958,Karan Gupta,53,Female,A-,9660831013
35959,Pooja Kapoor,37,Male,B+,9957366082
35960,Sneha Sharma,20,Male,AB-,9101674324
35961,Kavya Verma,60,Female,AB-,9754970195
35962,Neha Singh,58,Male,O-,9505742578
35963,Rahul Singh,21,Male,A-,9660776039
35964,Divya Gupta,30,Male,O+,9622207471
35965,Rohan Singh,50,Male,A-,9913427196
35966,Karan Gupta,58,Female,B+,9517493007
35967,Riya Patel,33,Male,AB+,9641602644
35968,Kavya Gupta,36,Female,B+,9111841528
35969,Sahil Kapoor,44,Female,A+,9232452081
35970,Rahul Verma,26,Male,O-,9407560846
35971,Riya Mehta,58,Male,AB-,9514030421
35972,Pooja Singh,51,Male,A-,9837052493
35973,Rahul Reddy,45,Female,B+,9894573669
35974,Neha Sharma,34,Male,O+,9433001313
35975,Aman Sharma,23,Male,AB-,9917942304
35976,Karan Singh,30,Female,B+,9107016752
35977,Rahul Sharma,31,Female,B-,9573697927
35978,Aditya Verma,49,Male,O-,9400765210
35979,Neha Mehta,41,Female,B-,9808408335
35980,Kavya Mehta,47,Male,O-,9921348928
35981,Neha Gupta,42,Female,B+,9905880962
35982,Kavya Mehta,57,Female,A+,9396393742
35983,Divya Sharma,24,Male,O-,9160821233
35984,Rahul Sharma,53,Male,B+,9831985969
35985,Divya Gupta,35,Male,O+,9147872598
35986,Aditya Reddy,27,Female,AB-,9900279277
35987,Aman Reddy,19,Male,AB-,9672811443
35988,Anjali Verma,43,Female,A-,9554120926
35989,Aditya Singh,19,Male,A+,9422711607
35990,Rohan Verma,24,Male,AB+,9821804957
35991,Arjun Singh,44,Male,B-,9960696591
35992,Priya Singh,57,Male,AB+,9286065616
35993,Divya Patel,19,Male,O+,9440438787
35994,Divya Kapoor,58,Male,AB-,9589150844
35995,Arjun Patel,25,Female,A-,9648290142
35996,Arjun Sharma,45,Female,A+,9104960378
35997,Rohan Sharma,37,Male,B-,9125159652
35998,Karan Singh,49,Female,AB+,9529032288
35999,Neha Patel,29,Female,A-,9692674745
36000,Sneha Reddy,31,Female,A-,9989861472
36001,Sneha Singh,27,Female,A+,9302584231
36002,Karan Singh,42,Male,O+,9780545558
36003,Kavya Sharma,50,Male,O-,9264436738
36004,Divya Patel,58,Male,A+,9836535646
36005,Arjun Patel,41,Female,B+,9324203289
36006,Riya Reddy,37,Male,AB+,9998388224
36007,Aman Mehta,18,Male,O-,9611202924
36008,Anjali Singh,21,Male,A+,9443744979
36009,Aditya Sharma,51,Male,AB+,9912377990
36010,Rahul Mehta,23,Male,O-,9332897602
36011,Riya Patel,40,Female,A-,9938698785
36012,Anjali Mehta,46,Female,A-,9856902519
36013,Vikram Gupta,19,Female,B-,9184926657
36014,Priya Sharma,50,Female,AB-,9667837492
36015,Divya Patel,20,Female,O-,9857858203
36016,Priya Mehta,57,Male,AB+,9540114526
36017,Riya Patel,38,Male,A-,9777258211
36018,Arjun Verma,43,Female,B+,9575013106
36019,Vikram Verma,23,Female,B+,9368523319
36020,Rohan Verma,49,Male,A+,9951871814
36021,Sahil Singh,26,Female,B-,9444573386
36022,Rohan Verma,25,Female,AB+,9202421380
36023,Sahil Singh,48,Male,A+,9550923390
36024,Vikram Gupta,46,Female,A-,9459702122
36025,Divya Patel,29,Male,AB-,9376251366
36026,Vikram Kapoor,31,Male,O+,9601670470
36027,Sneha Patel,22,Female,A+,9229242570
36028,Sahil Mehta,45,Male,AB+,9563630408
36029,Aditya Gupta,43,Female,O-,9987619337
36030,Vikram Kapoor,44,Female,A+,9854697770
36031,Vikram Mehta,34,Female,O+,9537998019
36032,Anjali Sharma,46,Female,B+,9385923064
36033,Divya Gupta,53,Male,AB+,9691901555
36034,Aman Kapoor,33,Female,AB-,9910720264
36035,Vikram Mehta,53,Male,AB-,9187774255
36036,Pooja Verma,33,Male,AB-,9270890710
36037,Divya Reddy,45,Female,AB+,9961404812
36038,Karan Verma,52,Male,AB-,9824993632
36039,Kavya Mehta,20,Female,AB+,9437401235
36040,Rohan Verma,40,Female,O+,9288718545
36041,Sneha Verma,44,Female,AB+,9898998888
36042,Aditya Patel,54,Female,AB-,9741004500
36043,Riya Reddy,26,Female,B-,9967585503
36044,Aditya Kapoor,37,Male,O-,9787171880
36045,Aman Patel,18,Male,B-,9335943137
36046,Arjun Singh,44,Male,AB+,9528081012
36047,Vikram Gupta,25,Female,O+,9808048665
36048,Sahil Reddy,26,Female,O+,9199246624
36049,Priya Reddy,36,Male,AB+,9204496734
36050,Divya Sharma,47,Male,A+,9823195800
36051,Vikram Mehta,44,Male,O+,9525690385
36052,Neha Singh,45,Male,O-,9526914871
36053,Sahil Patel,55,Male,O-,9286567904
36054,Sneha Singh,60,Male,B+,9737493262
36055,Kavya Reddy,40,Female,A+,9854242057
36056,Sahil Mehta,38,Male,O+,9841079257
36057,Rohan Singh,45,Female,A-,9407574457
36058,Karan Patel,52,Male,O-,9649933805
36059,Rohan Gupta,53,Male,B-,9513845015
36060,Vikram Singh,25,Male,A+,9636531600
36061,Arjun Reddy,39,Female,B-,9348228546
36062,Divya Verma,45,Male,B-,9561940014
36063,Rohan Gupta,25,Female,B-,9150826476
36064,Kavya Verma,56,Female,A+,9102391954
36065,Neha Patel,26,Male,AB+,9384015584
36066,Rohan Singh,36,Male,O+,9129593227
36067,Sahil Patel,59,Female,O+,9791924061
36068,Divya Kapoor,49,Male,A+,9359936296
36069,Karan Verma,20,Male,B+,9141328273
36070,Neha Gupta,59,Male,B+,9350302541
36071,Vikram Mehta,49,Male,A+,9444351444
36072,Anjali Reddy,22,Male,A-,9742649059
36073,Pooja Gupta,31,Male,O+,9571031541
36074,Rohan Kapoor,56,Male,B+,9279211181
36075,Pooja Singh,23,Female,O-,9267047867
36076,Kavya Verma,56,Female,B+,9238055917
36077,Priya Gupta,48,Male,O-,9602812173
36078,Vikram Singh,25,Male,O-,9630527124
36079,Pooja Verma,18,Female,O-,9220372539
36080,Rahul Kapoor,55,Female,A-,9796371178
36081,Arjun Verma,37,Male,A-,9371365729
36082,Aman Kapoor,20,Female,AB-,9582589687
36083,Kavya Kapoor,47,Male,AB+,9784045430
36084,Karan Mehta,56,Female,AB+,9942616810
36085,Aman Verma,54,Male,O-,9408127823
36086,Anjali Singh,54,Female,B+,9974280497
36087,Vikram Gupta,29,Female,A+,9419272307
36088,Arjun Reddy,40,Female,A-,9834579383
36089,Sahil Sharma,40,Male,A+,9276703684
36090,Rahul Singh,22,Male,AB+,9453103397
36091,Sneha Patel,19,Female,B-,9176868516
36092,Pooja Mehta,51,Male,B-,9947516631
36093,Karan Kapoor,33,Male,O-,9719693133
36094,Neha Mehta,24,Male,A-,9143805216
36095,Neha Sharma,30,Female,B-,9304541512
36096,Rahul Sharma,44,Female,O+,9343871414
36097,Aman Reddy,38,Male,AB+,9610605170
36098,Sahil Singh,24,Male,O-,9583712198
36099,Rahul Patel,45,Male,AB+,9661344892
36100,Karan Kapoor,53,Male,A+,9565269669
36101,Neha Sharma,18,Male,B-,9399553852
36102,Pooja Kapoor,31,Female,O+,9993875008
36103,Arjun Patel,59,Male,A-,9898544032
36104,Sneha Mehta,50,Male,AB+,9495762093
36105,Neha Mehta,60,Male,O-,9944184447
36106,Priya Patel,45,Female,A-,9946817159
36107,Anjali Sharma,18,Female,B-,9346659311
36108,Sneha Kapoor,32,Female,AB-,9678578843
36109,Riya Reddy,32,Male,O-,9813266183
36110,Divya Gupta,50,Male,AB-,9827908980
36111,Riya Mehta,52,Male,B+,9610520620
36112,Riya Gupta,37,Female,A-,9421994257
36113,Rahul Sharma,18,Female,AB-,9303439035
36114,Pooja Reddy,33,Male,AB+,9221394460
36115,Sahil Sharma,46,Male,A-,9559046736
36116,Anjali Patel,32,Male,B+,9593430206
36117,Rahul Verma,40,Female,A-,9810167058
36118,Kavya Mehta,38,Male,B-,9585620045
36119,Anjali Kapoor,23,Male,B+,9115598923
36120,Neha Patel,39,Female,B-,9309470051
36121,Divya Patel,60,Female,A-,9666993825
36122,Arjun Kapoor,42,Female,O-,9588045041
36123,Arjun Kapoor,24,Male,O-,9302744186
36124,Aman Verma,41,Male,A-,9701072330
36125,Vikram Kapoor,31,Female,A-,9603981830
36126,Riya Singh,38,Female,O+,9567351960
36127,Aman Patel,29,Female,B+,9832187633
36128,Rahul Singh,47,Female,O+,9614987991
36129,Divya Verma,55,Female,B+,9243377766
36130,Neha Gupta,30,Male,O-,9757319081
36131,Divya Patel,53,Male,O+,9778397167
36132,Kavya Reddy,55,Female,O+,9202551541
36133,Riya Gupta,48,Female,AB-,9144508393
36134,Pooja Singh,23,Male,B-,9122243043
36135,Riya Verma,18,Female,O-,9843235120
36136,Kavya Gupta,57,Female,A-,9267503612
36137,Arjun Verma,44,Female,B-,9508627516
36138,Vikram Patel,54,Male,O-,9770030471
36139,Riya Gupta,21,Male,AB-,9626551238
36140,Neha Sharma,45,Male,O+,9746372865
36141,Anjali Patel,53,Male,AB+,9128381035
36142,Arjun Patel,33,Male,B-,9262781505
36143,Vikram Sharma,37,Female,B+,9916841836
36144,Neha Mehta,27,Female,O+,9211175966
36145,Rahul Mehta,48,Male,B+,9446595340
36146,Sahil Singh,54,Female,O-,9971522074
36147,Aditya Patel,44,Female,AB+,9331120160
36148,Arjun Singh,48,Male,B+,9141365460
36149,Kavya Singh,47,Male,O-,9299531182
36150,Pooja Gupta,21,Male,AB+,9970586488
36151,Kavya Sharma,46,Male,A-,9816834548
36152,Neha Verma,18,Male,O-,9975275411
36153,Karan Singh,53,Male,B+,9895584703
36154,Pooja Singh,31,Male,O-,9269102564
36155,Vikram Singh,58,Female,AB-,9430373592
36156,Sahil Singh,27,Female,AB-,9240667063
36157,Arjun Mehta,42,Female,O-,9205028572
36158,Kavya Mehta,37,Female,B-,9334978781
36159,Rahul Verma,35,Female,B+,9742817614
36160,Aman Verma,44,Male,A+,9434439616
36161,Neha Gupta,18,Male,A-,9341475707
36162,Sneha Verma,53,Male,O+,9533915290
36163,Sahil Mehta,25,Male,B-,9111123522
36164,Pooja Patel,41,Female,B+,9858168636
36165,Rahul Reddy,59,Male,O-,9548187443
36166,Rahul Gupta,27,Male,B-,9901908883
36167,Rohan Patel,60,Male,AB-,9807134280
36168,Aman Verma,36,Female,O+,9401844393
36169,Priya Mehta,45,Female,A-,9202213583
36170,Rohan Singh,49,Female,B-,9837495014
36171,Divya Kapoor,57,Male,B-,9408627144
36172,Sneha Mehta,26,Female,B+,9252615955
36173,Kavya Singh,44,Female,O+,9126191515
36174,Vikram Gupta,48,Female,B+,9754878729
36175,Aman Kapoor,23,Male,AB+,9117991961
36176,Aditya Verma,32,Female,A+,9542149386
36177,Aman Gupta,30,Male,A-,9648972164
36178,Aman Sharma,19,Female,A-,9845877819
36179,Karan Verma,59,Male,AB+,9140535976
36180,Kavya Singh,55,Female,AB-,9214323737
36181,Aditya Sharma,35,Male,B-,9166570093
36182,Rahul Mehta,19,Female,O-,9178631377
36183,Riya Reddy,57,Male,A+,9954761883
36184,Divya Gupta,37,Female,A+,9185382043
36185,Aman Sharma,40,Female,B-,9564501861
36186,Vikram Kapoor,42,Female,O+,9971683152
36187,Neha Kapoor,42,Male,B+,9813537549
36188,Neha Kapoor,22,Male,O+,9842917067
36189,Sahil Kapoor,53,Female,O-,9668152234
36190,Sneha Mehta,57,Female,AB-,9675810277
36191,Riya Singh,22,Male,A-,9863509669
36192,Priya Verma,18,Male,AB+,9981904359
36193,Vikram Kapoor,44,Male,AB-,9715560564
36194,Vikram Verma,59,Male,B+,9662073944
36195,Rahul Verma,49,Female,A+,9893805443
36196,Kavya Kapoor,50,Male,O-,9196884384
36197,Pooja Verma,34,Female,O-,9964238505
36198,Aditya Patel,34,Female,B-,9866937615
36199,Sahil Patel,54,Male,A-,9828840076
36200,Pooja Kapoor,20,Male,A+,9288250610
36201,Rahul Gupta,29,Male,A-,9392194233
36202,Priya Patel,47,Female,AB-,9689010366
36203,Vikram Kapoor,36,Female,O+,9213361628
36204,Riya Patel,21,Female,AB+,9498247834
36205,Pooja Reddy,34,Female,O-,9658459037
36206,Arjun Singh,58,Male,O+,9566552928
36207,Pooja Verma,59,Female,B+,9815560784
36208,Neha Verma,56,Male,A-,9375241186
36209,Sahil Patel,20,Male,A-,9887607311
36210,Divya Kapoor,51,Female,O+,9976164095
36211,Aditya Kapoor,27,Male,B-,9591990884
36212,Karan Reddy,50,Male,O+,9747525824
36213,Karan Mehta,37,Male,AB+,9325893031
36214,Aman Gupta,33,Male,A+,9573458933
36215,Riya Gupta,27,Female,B+,9838398594
36216,Arjun Singh,26,Male,O+,9720219280
36217,Karan Mehta,30,Male,A-,9957551792
36218,Anjali Reddy,38,Male,AB-,9675414351
36219,Kavya Mehta,32,Male,O-,9389182080
36220,Rohan Kapoor,25,Male,B+,9612702697
36221,Aman Patel,55,Male,O-,9162167423
36222,Neha Sharma,35,Female,B-,9383883201
36223,Pooja Gupta,47,Male,AB+,9322598613
36224,Aditya Reddy,39,Female,B+,9758712365
36225,Anjali Mehta,57,Female,B-,9863765010
36226,Karan Singh,42,Male,B+,9946769257
36227,Divya Kapoor,55,Male,O-,9878533077
36228,Aditya Patel,52,Female,O+,9740678135
36229,Sahil Mehta,55,Male,A+,9800667294
36230,Riya Kapoor,32,Female,B+,9704618508
36231,Kavya Singh,44,Female,AB+,9182861565
36232,Kavya Reddy,51,Male,AB+,9281065128
36233,Priya Gupta,25,Female,B-,9644032118
36234,Rohan Kapoor,51,Male,AB-,9161928670
36235,Rohan Patel,37,Male,O-,9477983813
36236,Aditya Kapoor,35,Female,AB+,9166636519
36237,Priya Patel,47,Female,AB+,9470330736
36238,Arjun Singh,23,Female,A+,9881715859
36239,Divya Patel,36,Male,B+,9181310472
36240,Riya Kapoor,29,Female,AB+,9475334247
36241,Anjali Gupta,19,Female,O-,9716847739
36242,Riya Mehta,42,Female,B+,9879919396
36243,Anjali Kapoor,58,Male,A+,9520802113
36244,Anjali Kapoor,47,Male,A+,9183873285
36245,Divya Gupta,36,Female,AB-,9485891040
36246,Arjun Singh,52,Female,AB-,9440467914
36247,Anjali Verma,28,Female,O+,9241627081
36248,Divya Mehta,24,Male,B-,9184509489
36249,Divya Verma,27,Male,A+,9898320030
36250,Rahul Patel,20,Male,AB-,9335050542
36251,Karan Sharma,47,Male,O-,9769542486
36252,Anjali Verma,32,Female,B-,9120461419
36253,Sahil Kapoor,21,Female,A-,9522827136
36254,Anjali Verma,59,Male,B+,9560749724
36255,Anjali Sharma,23,Male,AB-,9338221359
36256,Aditya Kapoor,31,Female,AB+,9988914640
36257,Vikram Kapoor,58,Male,AB+,9552773612
36258,Neha Verma,28,Female,B+,9267524224
36259,Sneha Kapoor,45,Female,A+,9826242310
36260,Anjali Reddy,48,Male,B-,9978248114
36261,Sahil Singh,18,Female,O+,9206418493
36262,Sneha Verma,21,Female,B+,9475488602
36263,Riya Patel,56,Female,B+,9798089555
36264,Rohan Verma,50,Female,AB-,9877838316
36265,Priya Singh,27,Female,B+,9992479559
36266,Priya Sharma,33,Female,AB+,9310088975
36267,Anjali Reddy,27,Male,B+,9721009619
36268,Arjun Singh,47,Female,A+,9498968473
36269,Priya Mehta,18,Male,O-,9688156080
36270,Karan Reddy,48,Male,A-,9224344520
36271,Vikram Verma,26,Male,AB-,9752945404
36272,Riya Kapoor,36,Male,A-,9234645809
36273,Arjun Gupta,45,Male,O-,9181783261
36274,Divya Gupta,50,Female,B-,9696320976
36275,Sahil Reddy,31,Female,AB+,9651744397
36276,Pooja Sharma,47,Male,A+,9610825009
36277,Aditya Patel,19,Male,O+,9511587026
36278,Riya Singh,38,Male,O-,9135107423
36279,Aditya Sharma,55,Female,AB+,9583926712
36280,Priya Reddy,52,Female,O+,9340873321
36281,Karan Sharma,60,Female,B-,9579399952
36282,Priya Sharma,56,Female,B+,9431733573
36283,Priya Gupta,25,Female,A+,9907325185
36284,Aditya Kapoor,45,Male,A+,9820015343
36285,Rahul Mehta,35,Female,AB-,9775837695
36286,Riya Verma,22,Female,AB-,9626248910
36287,Vikram Singh,37,Male,B+,9479425465
36288,Karan Reddy,57,Female,O+,9110182103
36289,Karan Kapoor,52,Male,O+,9889453375
36290,Kavya Gupta,22,Male,B-,9999783198
36291,Vikram Mehta,26,Male,B+,9613796498
36292,Karan Mehta,33,Male,A+,9928952323
36293,Priya Sharma,32,Female,AB-,9292001722
36294,Rahul Patel,31,Female,B-,9458414882
36295,Anjali Sharma,23,Female,O-,9562296401
36296,Rohan Sharma,55,Female,B+,9623580124
36297,Sahil Verma,19,Female,O-,9952239559
36298,Aman Mehta,31,Female,A-,9716197460
36299,Karan Mehta,18,Male,B+,9342643453
36300,Priya Reddy,55,Male,A-,9373209444
36301,Riya Reddy,32,Female,B+,9774227227
36302,Sahil Gupta,58,Male,O-,9231543166
36303,Karan Singh,36,Female,O-,9901782244
36304,Arjun Mehta,21,Male,AB-,9829177625
36305,Karan Gupta,21,Male,AB+,9907230284
36306,Divya Verma,52,Female,A-,9770602330
36307,Riya Sharma,48,Female,A+,9332416848
36308,Priya Mehta,49,Female,AB-,9927517947
36309,Rohan Mehta,41,Male,O+,9913934611
36310,Vikram Singh,59,Male,AB+,9842015480
36311,Aditya Mehta,42,Female,B+,9329423046
36312,Anjali Mehta,32,Female,B+,9293473480
36313,Divya Singh,47,Female,A+,9860927862
36314,Rohan Kapoor,23,Female,A-,9863907883
36315,Aman Sharma,38,Female,AB+,9559996638
36316,Rahul Singh,26,Male,A+,9393192488
36317,Vikram Reddy,42,Female,AB-,9276360962
36318,Rohan Singh,38,Male,AB-,9732374919
36319,Riya Mehta,54,Male,O-,9356541337
36320,Karan Singh,41,Female,B-,9564584262
36321,Riya Patel,59,Female,B-,9901411317
36322,Aditya Kapoor,54,Female,A+,9978358536
36323,Arjun Reddy,31,Female,B+,9812784827
36324,Anjali Patel,39,Female,A+,9882565649
36325,Rohan Reddy,38,Male,O-,9925697449
36326,Karan Mehta,48,Male,AB-,9701489756
36327,Riya Patel,20,Male,A+,9412903736
36328,Karan Sharma,27,Female,O+,9697187374
36329,Arjun Patel,34,Female,O-,9926642726
36330,Riya Sharma,59,Female,AB-,9559033154
36331,Anjali Kapoor,58,Female,O+,9880820443
36332,Kavya Patel,26,Female,O-,9478448546
36333,Anjali Kapoor,38,Female,A+,9868010372
36334,Priya Verma,31,Female,O-,9902514865
36335,Arjun Verma,43,Male,B+,9608974587
36336,Aman Sharma,22,Female,AB+,9406813472
36337,Neha Verma,59,Female,AB+,9434043859
36338,Sahil Verma,53,Female,O+,9511215217
36339,Arjun Patel,40,Female,A+,9477084444
36340,Aman Verma,36,Male,A+,9715659483
36341,Rahul Mehta,22,Female,O-,9286574717
36342,Sahil Sharma,33,Female,O-,9579281942
36343,Riya Kapoor,32,Female,O+,9910131395
36344,Riya Mehta,24,Female,AB+,9926516844
36345,Sneha Singh,19,Female,AB-,9304010480
36346,Riya Verma,49,Male,B+,9492522496
36347,Arjun Sharma,43,Male,AB+,9584316579
36348,Sneha Mehta,56,Female,B-,9727490162
36349,Sneha Singh,26,Male,AB-,9945690029
36350,Priya Singh,59,Male,O-,9870421626
36351,Sneha Verma,32,Female,A-,9312513752
36352,Riya Kapoor,53,Female,AB+,9548885976
36353,Karan Sharma,37,Female,AB+,9291846280
36354,Vikram Verma,51,Male,B+,9296678776
36355,Sahil Gupta,25,Female,B+,9278513362
36356,Rohan Gupta,49,Male,B+,9500756280
36357,Rahul Reddy,41,Female,A-,9538222530
36358,Kavya Gupta,52,Male,A+,9864283498
36359,Sahil Kapoor,45,Female,B+,9637930358
36360,Pooja Mehta,53,Male,B-,9384196207
36361,Anjali Kapoor,52,Female,A-,9988282286
36362,Priya Verma,19,Female,A+,9755650025
36363,Neha Singh,38,Male,O-,9440621079
36364,Sneha Singh,24,Male,A+,9671751263
36365,Divya Verma,43,Male,O-,9626246225
36366,Kavya Gupta,19,Male,AB+,9668647440
36367,Priya Singh,43,Female,B+,9706946409
36368,Divya Gupta,60,Male,B-,9855032392
36369,Vikram Kapoor,22,Female,B+,9997068556
36370,Vikram Patel,26,Female,AB-,9398817999
36371,Anjali Patel,41,Male,O+,9548144245
36372,Sneha Kapoor,19,Male,A-,9263021248
36373,Riya Singh,55,Male,B+,9531800287
36374,Aditya Singh,29,Female,B+,9977668467
36375,Rohan Kapoor,27,Male,AB+,9816504186
36376,Rohan Kapoor,44,Male,A-,9525289705
36377,Rahul Gupta,19,Male,B-,9590931417
36378,Aditya Verma,43,Male,O+,9304357479
36379,Karan Kapoor,30,Female,B-,9774519038
36380,Pooja Sharma,43,Male,B-,9772802216
36381,Karan Patel,20,Male,B+,9694264867
36382,Priya Patel,30,Male,AB+,9560218500
36383,Kavya Singh,21,Male,B+,9780243247
36384,Vikram Verma,46,Female,AB-,9217454989
36385,Rahul Gupta,20,Male,AB-,9286086997
36386,Priya Mehta,59,Male,AB-,9529692072
36387,Sahil Patel,38,Male,AB+,9852551290
36388,Aman Mehta,34,Female,AB+,9912991837
36389,Arjun Reddy,26,Male,O+,9114237255
36390,Priya Reddy,40,Female,AB-,9548074028
36391,Arjun Verma,48,Female,B+,9781069943
36392,Sneha Kapoor,40,Female,A+,9913289885
36393,Aman Reddy,45,Female,B+,9520959517
36394,Divya Patel,21,Male,B+,9249781493
36395,Kavya Verma,58,Male,B+,9636795561
36396,Arjun Sharma,42,Female,B+,9972342137
36397,Karan Verma,24,Male,B-,9155857054
36398,Karan Kapoor,49,Male,B+,9495339340
36399,Neha Patel,27,Male,B+,9869259780
36400,Divya Verma,24,Male,O+,9569296175
36401,Priya Reddy,52,Male,O-,9148584896
36402,Rahul Sharma,19,Male,AB-,9772525711
36403,Sahil Reddy,25,Female,A+,9850755113
36404,Priya Gupta,50,Male,A+,9731285050
36405,Sahil Mehta,35,Male,A-,9240771872
36406,Aman Sharma,21,Female,AB+,9131279683
36407,Aman Singh,31,Male,A-,9863887805
36408,Pooja Patel,22,Male,B+,9845222876
36409,Aman Patel,24,Female,O+,9333528033
36410,Karan Reddy,36,Female,AB+,9938996622
36411,Sahil Sharma,55,Male,B+,9939181435
36412,Pooja Kapoor,55,Female,AB+,9494941751
36413,Neha Verma,42,Male,A-,9122194900
36414,Anjali Kapoor,49,Female,A+,9284627289
36415,Rahul Verma,43,Male,A-,9779581914
36416,Kavya Verma,37,Male,AB+,9335458689
36417,Sneha Patel,50,Male,AB+,9820745286
36418,Anjali Reddy,40,Female,O-,9890108142
36419,Priya Sharma,54,Female,O-,9387014073
36420,Karan Reddy,51,Female,A-,9507452503
36421,Priya Singh,48,Male,AB-,9840769445
36422,Sneha Singh,50,Male,O+,9125980742
36423,Sahil Verma,42,Female,O-,9576973412
36424,Rohan Singh,41,Female,AB+,9337066216
36425,Aman Sharma,39,Female,B+,9505735116
36426,Anjali Singh,23,Male,AB-,9563898804
36427,Rahul Sharma,41,Male,B+,9182767755
36428,Rahul Kapoor,49,Male,A+,9749746694
36429,Karan Gupta,56,Male,A-,9943766401
36430,Sahil Singh,21,Female,O-,9135101515
36431,Aman Gupta,57,Female,AB+,9442347537
36432,Kavya Verma,52,Male,AB-,9338916718
36433,Divya Reddy,18,Male,AB+,9223141777
36434,Sneha Gupta,26,Male,AB+,9363542859
36435,Sneha Kapoor,38,Female,AB+,9562906738
36436,Arjun Reddy,29,Male,B+,9360798923
36437,Sneha Sharma,46,Female,O+,9585363536
36438,Neha Kapoor,38,Female,AB+,9724154039
36439,Priya Verma,36,Male,B-,9410485435
36440,Sahil Patel,25,Female,O+,9758706535
36441,Rohan Verma,52,Male,AB-,9706642729
36442,Sahil Gupta,29,Female,B+,9217283725
36443,Priya Kapoor,24,Female,AB+,9534606911
36444,Kavya Mehta,45,Female,AB+,9747339824
36445,Sahil Verma,43,Male,AB+,9256216872
36446,Riya Verma,53,Female,O-,9930267430
36447,Arjun Singh,58,Male,A-,9108460566
36448,Pooja Mehta,56,Male,A-,9146198008
36449,Priya Sharma,34,Female,A+,9947583513
36450,Kavya Singh,37,Male,AB+,9542740089
36451,Karan Sharma,48,Female,O+,9870993470
36452,Arjun Singh,33,Male,B-,9917484746
36453,Sahil Sharma,51,Female,O+,9532900676
36454,Anjali Reddy,45,Male,B-,9793547572
36455,Riya Kapoor,52,Male,AB-,9313495781
36456,Priya Sharma,51,Male,B-,9408951278
36457,Arjun Kapoor,60,Male,A+,9473595269
36458,Vikram Patel,57,Male,AB+,9492215416
36459,Rahul Verma,22,Male,O+,9858401419
36460,Sneha Kapoor,28,Female,B-,9483959344
36461,Divya Patel,30,Female,AB+,9724450591
36462,Divya Reddy,28,Male,AB-,9476227611
36463,Anjali Mehta,33,Male,O-,9816870165
36464,Divya Verma,20,Female,O-,9268368445
36465,Riya Patel,26,Male,A-,9176805466
36466,Riya Singh,43,Male,A+,9997758361
36467,Kavya Sharma,59,Female,B+,9860785304
36468,Rohan Mehta,43,Female,B+,9174786784
36469,Sneha Sharma,25,Male,B-,9376784919
36470,Rahul Verma,32,Male,O+,9865372209
36471,Rohan Verma,30,Male,AB+,9636091614
36472,Sneha Sharma,43,Female,B-,9634169415
36473,Divya Patel,48,Female,AB+,9405968104
36474,Karan Gupta,57,Female,B-,9480228914
36475,Karan Gupta,21,Male,A-,9789784093
36476,Priya Singh,32,Female,O+,9823209795
36477,Rahul Kapoor,37,Male,AB+,9484836996
36478,Rohan Verma,24,Female,O+,9779601405
36479,Rohan Reddy,44,Male,A+,9979832469
36480,Riya Patel,35,Female,O+,9238504110
36481,Priya Mehta,28,Male,AB+,9297600691
36482,Kavya Sharma,20,Male,B+,9611666615
36483,Anjali Patel,37,Male,A-,9362766259
36484,Neha Patel,47,Female,O+,9900359677
36485,Kavya Reddy,30,Female,AB-,9934708304
36486,Neha Reddy,58,Male,O-,9144229461
36487,Sneha Singh,50,Female,AB-,9560773104
36488,Sneha Reddy,18,Male,O+,9289386060
36489,Karan Gupta,32,Male,B+,9171860572
36490,Anjali Verma,49,Male,AB+,9573403722
36491,Riya Mehta,49,Male,A-,9182896274
36492,Divya Mehta,32,Female,A+,9200297370
36493,Vikram Gupta,20,Male,O+,9330954242
36494,Rohan Kapoor,29,Female,O-,9325739118
36495,Riya Kapoor,29,Male,O+,9758756027
36496,Aditya Patel,45,Male,AB+,9142011016
36497,Neha Kapoor,33,Male,B+,9446300913
36498,Aman Kapoor,18,Female,A-,9225214261
36499,Rohan Verma,39,Male,AB-,9209492346
36500,Divya Singh,60,Female,A+,9340422319
36501,Vikram Mehta,36,Female,B+,9611757898
36502,Rahul Mehta,41,Male,A-,9924563370
36503,Anjali Reddy,57,Female,A+,9818143772
36504,Arjun Sharma,42,Male,AB+,9734780012
36505,Aman Gupta,19,Female,AB+,9244003548
36506,Sahil Mehta,47,Female,B-,9974891197
36507,Divya Patel,22,Female,AB+,9232028558
36508,Rohan Patel,31,Female,AB-,9298086620
36509,Arjun Kapoor,50,Female,A-,9840728162
36510,Rohan Mehta,46,Female,A-,9686564195
36511,Rahul Sharma,23,Male,B+,9525249491
36512,Aditya Kapoor,48,Female,O+,9525318918
36513,Karan Reddy,47,Male,O+,9586524821
36514,Sneha Patel,59,Female,O-,9356795507
36515,Vikram Gupta,43,Male,O+,9911600663
36516,Pooja Gupta,58,Male,AB+,9833062644
36517,Pooja Reddy,40,Female,O+,9790958497
36518,Vikram Singh,30,Female,A+,9580695401
36519,Kavya Patel,23,Male,A-,9408863376
36520,Kavya Kapoor,36,Female,O-,9546661842
36521,Karan Kapoor,19,Male,A-,9901577363
36522,Aman Reddy,27,Female,B-,9371382404
36523,Riya Mehta,59,Female,B-,9354861636
36524,Vikram Kapoor,45,Female,B+,9214598363
36525,Aditya Verma,25,Female,A-,9589978553
36526,Pooja Gupta,59,Female,B+,9559940130
36527,Anjali Gupta,32,Male,B+,9510108717
36528,Pooja Patel,53,Female,A-,9274787880
36529,Kavya Sharma,50,Female,B+,9651944700
36530,Aditya Mehta,31,Male,A+,9411207437
36531,Vikram Gupta,57,Female,A-,9619338597
36532,Neha Kapoor,23,Female,B-,9986804039
36533,Rohan Reddy,21,Female,B+,9836338159
36534,Vikram Kapoor,27,Male,A+,9496288068
36535,Aditya Reddy,53,Male,B+,9783980320
36536,Rahul Verma,39,Male,AB-,9565691941
36537,Anjali Sharma,46,Female,O-,9538520014
36538,Kavya Reddy,19,Male,B-,9367807613
36539,Neha Verma,57,Female,B+,9369405195
36540,Vikram Reddy,18,Male,A-,9913176862
36541,Vikram Reddy,47,Male,B-,9191785990
36542,Pooja Sharma,51,Female,AB+,9125087203
36543,Rahul Reddy,45,Male,A-,9873487243
36544,Rahul Reddy,27,Male,O-,9299814781
36545,Divya Patel,22,Female,AB-,9949100676
36546,Pooja Sharma,59,Female,B-,9240173366
36547,Arjun Verma,59,Female,O-,9500775614
36548,Rahul Patel,25,Male,AB+,9821120482
36549,Aman Gupta,48,Female,A-,9433541783
36550,Aditya Gupta,27,Male,B+,9572900646
36551,Aditya Verma,36,Male,AB+,9681033995
36552,Sneha Verma,49,Male,AB-,9875710058
36553,Karan Verma,49,Female,B+,9789964237
36554,Rahul Gupta,41,Female,A-,9653269566
36555,Divya Kapoor,22,Male,O+,9693362475
36556,Neha Kapoor,49,Female,A+,9143887617
36557,Vikram Gupta,29,Male,B-,9144021522
36558,Arjun Gupta,22,Female,B+,9967545601
36559,Rahul Gupta,53,Female,B+,9830918263
36560,Priya Gupta,27,Male,AB-,9975650103
36561,Rohan Gupta,42,Female,B-,9189269470
36562,Anjali Sharma,21,Female,AB+,9726691542
36563,Pooja Verma,40,Male,AB-,9308713065
36564,Aditya Patel,31,Female,O+,9910595103
36565,Rahul Gupta,50,Female,B+,9565209561
36566,Neha Singh,60,Female,O+,9942489845
36567,Neha Patel,42,Male,A-,9534296127
36568,Rohan Gupta,26,Female,A+,9247151474
36569,Anjali Singh,19,Male,O-,9790720563
36570,Pooja Verma,59,Male,O-,9264027714
36571,Aditya Patel,23,Male,AB-,9225364499
36572,Anjali Verma,38,Male,O-,9302495337
36573,Kavya Kapoor,53,Female,B+,9148824604
36574,Karan Sharma,20,Male,AB+,9859382906
36575,Priya Gupta,20,Female,A-,9599966013
36576,Divya Gupta,43,Female,AB-,9752285328
36577,Kavya Sharma,34,Male,A+,9108308396
36578,Priya Patel,18,Male,AB+,9353110953
36579,Anjali Reddy,25,Male,B-,9147548234
36580,Anjali Sharma,51,Male,B+,9871220792
36581,Karan Reddy,31,Female,O+,9802797428
36582,Priya Gupta,46,Male,A+,9295210102
36583,Rahul Patel,51,Male,O-,9340245702
36584,Karan Mehta,36,Male,AB+,9770727032
36585,Neha Mehta,60,Male,B+,9225916485
36586,Riya Verma,49,Female,B+,9752694428
36587,Divya Kapoor,46,Male,B-,9758388443
36588,Karan Gupta,30,Female,O-,9165640116
36589,Vikram Sharma,21,Male,AB+,9601738944
36590,Neha Kapoor,51,Female,O+,9799387995
36591,Karan Gupta,32,Male,AB+,9994977425
36592,Kavya Patel,29,Male,A-,9709937850
36593,Karan Patel,55,Female,AB+,9696797067
36594,Rohan Reddy,37,Male,O-,9743791089
36595,Vikram Gupta,52,Male,O+,9664373198
36596,Sneha Patel,26,Male,B-,9601144207
36597,Neha Reddy,53,Male,B+,9103548412
36598,Vikram Verma,48,Female,A+,9390355957
36599,Aditya Patel,48,Female,B+,9968122275
36600,Divya Gupta,23,Female,A+,9523537899
36601,Sneha Kapoor,56,Male,O-,9450748156
36602,Vikram Reddy,25,Female,A-,9933497624
36603,Aditya Verma,44,Female,A-,9173000852
36604,Rahul Gupta,26,Female,A+,9549371639
36605,Karan Kapoor,31,Female,B-,9434638797
36606,Rahul Singh,37,Male,AB-,9140132776
36607,Anjali Gupta,19,Male,O+,9605449443
36608,Neha Verma,60,Female,AB-,9358218527
36609,Sahil Patel,26,Male,O+,9568157242
36610,Karan Mehta,31,Female,B-,9148577115
36611,Pooja Reddy,49,Male,O-,9841297987
36612,Sneha Gupta,32,Male,AB-,9980794660
36613,Vikram Gupta,51,Male,O-,9286281658
36614,Anjali Reddy,54,Female,AB-,9404569254
36615,Kavya Patel,29,Female,O+,9890929507
36616,Arjun Mehta,60,Female,AB+,9758082939
36617,Aditya Verma,54,Male,O-,9112996707
36618,Vikram Sharma,56,Female,A-,9984840305
36619,Divya Kapoor,24,Female,AB+,9707471749
36620,Kavya Mehta,28,Female,B+,9784561682
36621,Sneha Singh,58,Female,A+,9454011528
36622,Divya Gupta,21,Male,O-,9944597605
36623,Sahil Singh,23,Female,B+,9209826788
36624,Sneha Sharma,30,Male,A+,9329839858
36625,Pooja Verma,33,Male,O-,9734311158
36626,Rahul Reddy,56,Male,O-,9495094189
36627,Pooja Reddy,32,Male,B-,9125975962
36628,Pooja Mehta,54,Female,B-,9595676808
36629,Arjun Mehta,30,Female,B-,9531778545
36630,Aman Gupta,19,Female,A-,9449581065
36631,Sneha Gupta,59,Male,O-,9613664500
36632,Karan Singh,23,Female,O-,9907607492
36633,Arjun Kapoor,43,Male,B-,9278762841
36634,Sahil Reddy,21,Female,O-,9129177958
36635,Riya Patel,39,Female,O+,9949430609
36636,Kavya Singh,33,Male,A-,9351516963
36637,Arjun Kapoor,53,Male,B-,9294995041
36638,Rahul Reddy,31,Male,A+,9959129131
36639,Pooja Mehta,46,Female,B+,9723413418
36640,Rohan Verma,24,Male,B+,9529601556
36641,Riya Verma,24,Female,B+,9477806519
36642,Divya Verma,57,Male,AB-,9765474107
36643,Anjali Sharma,34,Female,AB-,9776781318
36644,Pooja Reddy,31,Male,B-,9545690396
36645,Kavya Gupta,33,Female,O-,9485037100
36646,Aditya Gupta,30,Female,O+,9593304970
36647,Rahul Verma,26,Female,B-,9204583405
36648,Rohan Reddy,29,Female,A-,9166757760
36649,Priya Gupta,24,Male,O+,9423085519
36650,Aditya Mehta,26,Male,O-,9987835704
36651,Divya Kapoor,60,Female,AB+,9113109580
36652,Divya Patel,50,Female,AB-,9748805747
36653,Kavya Gupta,56,Male,A-,9475581474
36654,Priya Kapoor,36,Female,AB-,9121600450
36655,Kavya Reddy,43,Male,O-,9661433184
36656,Sahil Sharma,22,Female,O+,9215144071
36657,Rahul Gupta,46,Male,O+,9110661283
36658,Rahul Sharma,20,Female,B-,9527938881
36659,Neha Mehta,44,Male,B-,9778054186
36660,Divya Mehta,20,Female,B+,9491767359
36661,Aman Singh,29,Male,O+,9714639947
36662,Aditya Gupta,55,Male,O+,9712014692
36663,Aditya Mehta,30,Female,A+,9641807754
36664,Priya Gupta,58,Male,AB-,9567521095
36665,Anjali Verma,43,Female,AB+,9718107506
36666,Sneha Kapoor,21,Female,A+,9439281840
36667,Arjun Mehta,46,Male,B-,9363158322
36668,Divya Sharma,32,Female,AB+,9580977988
36669,Anjali Patel,28,Male,B-,9991743642
36670,Vikram Singh,38,Female,AB-,9384701093
36671,Divya Verma,58,Female,O-,9198454324
36672,Arjun Patel,30,Female,A+,9847243697
36673,Priya Verma,38,Male,O-,9983920645
36674,Rohan Kapoor,46,Female,A+,9813666583
36675,Rahul Kapoor,60,Female,AB+,9924564310
36676,Divya Gupta,46,Male,B+,9769565444
36677,Neha Mehta,28,Female,B-,9256559942
36678,Sahil Mehta,41,Male,B-,9319594410
36679,Karan Patel,32,Female,O-,9462504925
36680,Divya Verma,55,Male,AB-,9430923080
36681,Karan Kapoor,32,Female,O-,9552251273
36682,Sneha Sharma,34,Male,A+,9939085992
36683,Pooja Patel,30,Female,AB+,9342643096
36684,Kavya Patel,54,Male,O+,9778197934
36685,Aman Patel,43,Male,B+,9864352773
36686,Kavya Singh,53,Male,B-,9224721336
36687,Divya Kapoor,23,Female,B+,9280071950
36688,Sneha Patel,33,Male,AB+,9700845732
36689,Rohan Gupta,36,Female,B+,9418377102
36690,Sneha Kapoor,41,Female,AB+,9336357101
36691,Anjali Mehta,36,Male,O-,9949087950
36692,Aditya Patel,36,Male,B-,9469137171
36693,Pooja Patel,45,Male,A+,9928069549
36694,Riya Sharma,58,Female,O+,9698093585
36695,Anjali Reddy,53,Female,AB+,9974207905
36696,Sneha Reddy,44,Male,AB+,9851211119
36697,Vikram Patel,33,Female,AB+,9592184798
36698,Pooja Sharma,19,Male,O-,9682752990
36699,Aditya Sharma,43,Male,O+,9130408647
36700,Vikram Kapoor,33,Female,AB-,9784946078
36701,Pooja Mehta,54,Female,AB+,9672710899
36702,Priya Patel,37,Male,A+,9564796123
36703,Sneha Mehta,52,Male,AB-,9492571346
36704,Karan Sharma,44,Male,B-,9203304392
36705,Rohan Patel,42,Female,A-,9880331118
36706,Karan Singh,36,Male,AB-,9899908351
36707,Vikram Reddy,50,Male,B-,9812242480
36708,Riya Patel,18,Female,O-,9131528281
36709,Anjali Patel,37,Female,AB+,9565031318
36710,Aditya Patel,41,Female,B-,9812106860
36711,Sahil Patel,37,Male,B+,9948329551
36712,Anjali Gupta,21,Male,AB+,9238942519
36713,Rahul Singh,29,Male,O-,9806074774
36714,Rahul Reddy,25,Female,B+,9494763506
36715,Karan Verma,58,Male,AB-,9909717605
36716,Rahul Reddy,34,Female,A-,9841403694
36717,Vikram Sharma,32,Male,O-,9360823562
36718,Neha Singh,41,Female,B-,9804514164
36719,Vikram Patel,20,Male,O+,9648020999
36720,Karan Sharma,19,Male,A-,9769485966
36721,Rahul Mehta,47,Female,AB+,9783503288
36722,Sahil Patel,27,Male,AB+,9925855435
36723,Karan Singh,33,Female,B+,9758928132
36724,Pooja Verma,33,Female,O+,9995005842
36725,Riya Singh,44,Male,B+,9158246758
36726,Rahul Patel,47,Female,A-,9299812832
36727,Karan Sharma,50,Female,A+,9381287535
36728,Rohan Sharma,35,Male,B-,9743251743
36729,Karan Reddy,20,Female,O-,9572757893
36730,Kavya Verma,51,Female,A+,9323427368
36731,Vikram Singh,31,Male,O+,9669321589
36732,Riya Gupta,32,Male,O-,9191205976
36733,Karan Verma,41,Female,A-,9252239962
36734,Kavya Gupta,21,Male,B-,9386595773
36735,Rohan Verma,23,Female,O+,9526981793
36736,Priya Reddy,50,Male,O+,9419599031
36737,Rohan Patel,21,Male,B-,9895839765
36738,Arjun Verma,40,Female,O+,9552115919
36739,Kavya Verma,21,Male,AB+,9861211288
36740,Rohan Reddy,55,Male,A-,9167336426
36741,Neha Reddy,34,Male,O-,9605958195
36742,Neha Reddy,20,Female,A+,9195806881
36743,Vikram Kapoor,60,Male,A+,9151935507
36744,Rohan Patel,29,Male,O-,9995446184
36745,Rohan Gupta,49,Female,O-,9453489826
36746,Rahul Kapoor,60,Male,O-,9243692545
36747,Aditya Gupta,42,Male,AB-,9833313077
36748,Priya Kapoor,41,Male,B-,9779784854
36749,Anjali Kapoor,32,Female,O+,9854184322
36750,Arjun Gupta,48,Male,AB-,9176367118
36751,Neha Reddy,43,Male,A-,9117308162
36752,Neha Mehta,40,Male,AB+,9596634046
36753,Aman Verma,51,Female,O+,9694806823
36754,Pooja Singh,18,Female,B+,9971844246
36755,Aman Mehta,27,Female,A+,9148209999
36756,Rohan Sharma,40,Male,AB+,9122337839
36757,Aman Reddy,33,Male,O-,9771367193
36758,Arjun Gupta,51,Male,A-,9612509725
36759,Vikram Kapoor,39,Female,B+,9354147805
36760,Riya Singh,44,Male,A-,9406241146
36761,Sahil Patel,28,Female,A+,9883942896
36762,Vikram Patel,49,Male,AB-,9604657540
36763,Rahul Singh,44,Male,A+,9569364712
36764,Pooja Patel,21,Male,O-,9880878041
36765,Aditya Sharma,36,Female,A-,9702531533
36766,Arjun Mehta,58,Female,O+,9620091338
36767,Rahul Verma,29,Female,O-,9121530473
36768,Rahul Mehta,48,Female,A+,9328001008
36769,Aditya Patel,34,Female,B-,9830467330
36770,Kavya Patel,23,Female,B+,9790608670
36771,Sahil Reddy,18,Male,O-,9406657672
36772,Karan Singh,41,Male,B+,9976092157
36773,Rahul Gupta,60,Female,B-,9471680965
36774,Karan Patel,20,Female,AB+,9719462599
36775,Sneha Patel,57,Male,O+,9950368131
36776,Aman Singh,57,Male,A+,9291068426
36777,Rahul Gupta,36,Female,A-,9934424704
36778,Pooja Sharma,21,Male,AB+,9781941792
36779,Rohan Reddy,53,Female,AB-,9924236688
36780,Sahil Gupta,34,Female,AB-,9216218306
36781,Aman Patel,47,Male,O-,9882291771
36782,Anjali Kapoor,32,Female,A+,9633812324
36783,Aditya Patel,43,Female,AB-,9158409341
36784,Aman Reddy,46,Female,B+,9159347177
36785,Priya Singh,26,Male,B+,9903188034
36786,Neha Kapoor,48,Female,B-,9644997444
36787,Vikram Gupta,60,Female,O-,9923080340
36788,Pooja Singh,59,Female,AB+,9603261903
36789,Priya Singh,60,Male,A+,9741390641
36790,Pooja Gupta,18,Female,AB-,9625466986
36791,Divya Gupta,32,Male,O-,9567557569
36792,Neha Verma,40,Male,A+,9594242713
36793,Pooja Kapoor,22,Female,A-,9860939630
36794,Neha Gupta,51,Male,O-,9286667760
36795,Pooja Reddy,58,Male,O-,9632304281
36796,Arjun Kapoor,45,Female,B-,9959717080
36797,Divya Patel,20,Female,O-,9272643832
36798,Aman Sharma,39,Female,B-,9801865148
36799,Riya Sharma,18,Female,AB-,9164013810
36800,Aman Gupta,41,Female,B-,9879021625
36801,Sahil Gupta,35,Female,A-,9599454098
36802,Anjali Sharma,55,Female,A+,9960497337
36803,Priya Singh,39,Male,AB+,9761407777
36804,Sneha Sharma,34,Male,A-,9921077151
36805,Neha Reddy,39,Female,A-,9110500608
36806,Kavya Kapoor,34,Male,O+,9917699172
36807,Pooja Patel,56,Female,O-,9138194518
36808,Divya Gupta,23,Male,AB+,9731887043
36809,Arjun Sharma,36,Female,O+,9920969133
36810,Anjali Sharma,32,Female,A+,9627843423
36811,Kavya Gupta,45,Female,O+,9672304911
36812,Neha Sharma,42,Female,O+,9312064544
36813,Kavya Singh,48,Female,AB+,9716301943
36814,Neha Sharma,23,Male,O-,9805572758
36815,Divya Sharma,46,Female,B-,9357690461
36816,Sahil Singh,36,Female,O+,9317381877
36817,Karan Singh,22,Male,O+,9654770906
36818,Karan Kapoor,34,Female,B-,9800388347
36819,Sahil Kapoor,35,Female,O-,9712847345
36820,Divya Kapoor,22,Male,AB-,9765071168
36821,Rohan Reddy,31,Male,B-,9791127124
36822,Sahil Verma,31,Male,O+,9981159815
36823,Vikram Verma,44,Female,O+,9538750046
36824,Anjali Verma,51,Female,AB+,9784140047
36825,Rohan Patel,56,Male,B-,9939920707
36826,Sahil Singh,44,Female,B+,9924721108
36827,Arjun Patel,50,Female,O+,9946923323
36828,Anjali Reddy,53,Female,B-,9247128622
36829,Riya Verma,57,Female,AB-,9225563467
36830,Riya Mehta,27,Female,AB-,9314604081
36831,Sahil Mehta,29,Male,AB+,9310372234
36832,Pooja Mehta,44,Male,AB-,9506247906
36833,Sahil Mehta,41,Female,B+,9194557496
36834,Aman Patel,37,Male,AB-,9969636796
36835,Rohan Sharma,54,Female,B-,9619460806
36836,Priya Sharma,48,Male,B+,9669355717
36837,Priya Kapoor,21,Female,A-,9909940801
36838,Anjali Mehta,34,Female,B-,9186300073
36839,Aditya Gupta,39,Female,A-,9227248057
36840,Neha Reddy,44,Male,O+,9110614220
36841,Pooja Mehta,45,Female,B-,9322655541
36842,Vikram Sharma,46,Female,O-,9892722378
36843,Priya Singh,56,Female,A+,9440936542
36844,Sahil Verma,43,Male,O-,9445764730
36845,Aditya Mehta,51,Female,AB-,9747492799
36846,Anjali Verma,59,Male,O+,9249082827
36847,Vikram Verma,22,Female,A+,9343423485
36848,Sahil Sharma,33,Male,O+,9854390842
36849,Anjali Sharma,20,Male,AB-,9814797799
36850,Sneha Singh,20,Male,O-,9850397925
36851,Divya Gupta,25,Male,AB-,9910912668
36852,Sahil Verma,47,Female,AB+,9849606765
36853,Arjun Mehta,42,Male,B-,9234410554
36854,Sneha Reddy,28,Female,AB-,9752253299
36855,Rohan Singh,34,Female,AB-,9602126015
36856,Rahul Verma,20,Male,A+,9967453328
36857,Rahul Singh,21,Female,B-,9828406228
36858,Karan Verma,23,Male,A+,9908251435
36859,Aditya Patel,43,Female,O-,9207433466
36860,Riya Verma,18,Female,B-,9227042744
36861,Aman Singh,39,Female,AB+,9791095378
36862,Priya Gupta,21,Female,O-,9603122949
36863,Neha Sharma,44,Female,O-,9713827197
36864,Kavya Kapoor,32,Male,O-,9598543677
36865,Vikram Singh,52,Male,AB+,9977013806
36866,Sahil Sharma,29,Male,B-,9895250514
36867,Sahil Patel,58,Male,AB+,9516301756
36868,Aditya Patel,30,Male,O-,9232802834
36869,Sneha Singh,48,Male,A+,9353716272
36870,Aditya Gupta,56,Male,B-,9658044907
36871,Sahil Mehta,28,Male,AB-,9304384381
36872,Priya Reddy,18,Male,A-,9473799620
36873,Priya Patel,40,Female,A-,9358480385
36874,Aman Reddy,53,Female,A-,9580806096
36875,Sneha Verma,18,Female,A+,9692293415
36876,Rohan Mehta,24,Female,B-,9888455302
36877,Vikram Verma,55,Male,O+,9844916828
36878,Aditya Verma,37,Female,O+,9111987441
36879,Sneha Mehta,53,Male,AB-,9664896896
36880,Rahul Sharma,54,Female,A-,9507891229
36881,Rahul Singh,55,Female,O+,9170436773
36882,Priya Mehta,46,Male,AB+,9753404399
36883,Aditya Mehta,39,Male,A+,9713540767
36884,Neha Sharma,26,Female,AB+,9211798161
36885,Arjun Patel,19,Female,AB+,9933905133
36886,Rahul Reddy,18,Female,B+,9976104461
36887,Rahul Mehta,29,Male,A+,9528076936
36888,Rohan Sharma,35,Male,A-,9829574149
36889,Arjun Gupta,49,Male,O+,9620285081
36890,Neha Kapoor,60,Male,O-,9552659212
36891,Pooja Sharma,55,Male,B-,9151792654
36892,Pooja Mehta,19,Female,O+,9573568634
36893,Priya Kapoor,39,Male,B+,9729703082
36894,Karan Kapoor,19,Male,AB-,9857384554
36895,Riya Verma,56,Female,B-,9494275674
36896,Pooja Mehta,31,Female,A+,9959906950
36897,Rohan Singh,31,Female,B+,9623971608
36898,Rahul Sharma,52,Male,A+,9493868568
36899,Pooja Sharma,48,Female,O-,9781944933
36900,Sneha Sharma,35,Male,AB-,9316647416
36901,Pooja Kapoor,27,Male,O+,9465769641
36902,Arjun Singh,59,Female,A-,9700878284
36903,Vikram Reddy,29,Female,O+,9989228740
36904,Arjun Kapoor,19,Female,AB-,9329513546
36905,Neha Patel,45,Female,A+,9703866276
36906,Karan Mehta,39,Female,B+,9167456268
36907,Priya Sharma,56,Female,O+,9200309016
36908,Karan Sharma,38,Female,B+,9900035497
36909,Divya Patel,40,Female,O+,9879907533
36910,Sneha Reddy,51,Male,B+,9674084808
36911,Pooja Reddy,24,Female,B+,9575133228
36912,Karan Patel,34,Female,O-,9352993747
36913,Divya Singh,55,Female,B+,9918883297
36914,Karan Verma,28,Female,O+,9553890111
36915,Neha Mehta,30,Female,AB-,9553912213
36916,Sahil Gupta,26,Female,A-,9864628511
36917,Rohan Verma,28,Male,AB+,9507779440
36918,Aditya Verma,31,Male,AB+,9385468863
36919,Sahil Verma,22,Male,AB-,9548049296
36920,Vikram Verma,29,Male,A-,9993269488
36921,Karan Patel,58,Male,O-,9365265259
36922,Rahul Mehta,21,Female,AB+,9862824300
36923,Rohan Reddy,59,Male,B-,9294465555
36924,Rohan Gupta,42,Female,AB-,9680706317
36925,Rohan Singh,47,Female,B-,9635376449
36926,Divya Patel,38,Female,B+,9337447035
36927,Kavya Sharma,32,Male,AB-,9354756451
36928,Arjun Reddy,36,Male,A-,9828667801
36929,Divya Gupta,57,Female,A+,9200936410
36930,Riya Mehta,35,Female,A+,9612748453
36931,Anjali Patel,21,Female,A+,9160812654
36932,Rohan Patel,25,Male,AB-,9329427016
36933,Neha Patel,29,Female,A+,9255695369
36934,Riya Kapoor,57,Male,B+,9845590325
36935,Pooja Reddy,19,Male,A+,9469975892
36936,Karan Gupta,60,Female,B+,9226320908
36937,Rahul Verma,43,Male,A-,9341922169
36938,Pooja Mehta,48,Female,AB+,9602100689
36939,Kavya Mehta,19,Male,AB+,9672808951
36940,Neha Gupta,21,Female,AB+,9486004103
36941,Rahul Mehta,57,Male,AB+,9580723409
36942,Sahil Reddy,47,Male,B-,9448782261
36943,Anjali Singh,40,Female,A-,9363374279
36944,Neha Kapoor,33,Female,A-,9637427876
36945,Anjali Sharma,22,Female,O-,9417185610
36946,Rahul Reddy,23,Male,A-,9898656685
36947,Aditya Gupta,46,Male,AB+,9693067380
36948,Pooja Kapoor,58,Male,AB+,9553927837
36949,Kavya Sharma,24,Male,B+,9209638616
36950,Aman Patel,20,Female,A-,9202532747
36951,Rahul Kapoor,60,Female,AB-,9297913033
36952,Aditya Patel,38,Male,AB+,9467852140
36953,Anjali Verma,60,Male,O-,9935816489
36954,Priya Kapoor,50,Male,AB-,9446862092
36955,Pooja Sharma,21,Male,B+,9259225542
36956,Riya Patel,28,Female,O+,9757517227
36957,Aditya Verma,39,Female,B-,9551358146
36958,Arjun Kapoor,19,Female,B+,9196658904
36959,Aman Gupta,21,Female,O-,9218692071
36960,Vikram Sharma,37,Male,AB-,9962606114
36961,Arjun Reddy,40,Male,AB+,9815421999
36962,Priya Sharma,24,Female,A+,9563859902
36963,Vikram Verma,44,Female,AB-,9775205207
36964,Riya Reddy,58,Male,B+,9939369365
36965,Arjun Sharma,26,Female,A+,9768934876
36966,Neha Singh,29,Female,AB+,9261967851
36967,Neha Singh,38,Female,AB+,9473038957
36968,Priya Sharma,43,Male,O-,9705377076
36969,Divya Singh,53,Male,O+,9510129820
36970,Kavya Mehta,26,Male,O+,9863477919
36971,Karan Verma,38,Female,O+,9934489714
36972,Karan Kapoor,40,Male,O+,9633801119
36973,Sahil Verma,57,Male,B-,9152755168
36974,Neha Singh,22,Female,B-,9491697576
36975,Sneha Mehta,41,Female,B-,9853207186
36976,Arjun Reddy,42,Female,O+,9178141810
36977,Anjali Patel,28,Male,B-,9382438877
36978,Karan Kapoor,56,Male,A+,9743191642
36979,Aman Kapoor,45,Male,B-,9946174918
36980,Rohan Kapoor,33,Male,A+,9417024910
36981,Neha Gupta,36,Male,A-,9282846999
36982,Aditya Mehta,28,Female,A+,9362470103
36983,Rohan Singh,34,Female,AB-,9786112900
36984,Anjali Gupta,46,Male,B+,9265520342
36985,Aditya Reddy,22,Male,AB+,9831544818
36986,Aditya Singh,58,Female,A-,9742302023
36987,Karan Verma,24,Male,AB-,9632615372
36988,Karan Mehta,33,Female,A+,9530859705
36989,Sneha Mehta,34,Female,B+,9958386629
36990,Priya Verma,18,Female,O+,9200776588
36991,Divya Gupta,56,Male,O-,9456127112
36992,Vikram Sharma,46,Female,AB-,9236341729
36993,Riya Gupta,56,Female,B-,9196669021
36994,Rohan Sharma,60,Male,AB+,9663240320
36995,Vikram Gupta,40,Female,B-,9786922343
36996,Rahul Patel,35,Male,AB-,9240392395
36997,Sneha Gupta,44,Male,B+,9889991168
36998,Karan Sharma,60,Female,O+,9263988671
36999,Aman Verma,27,Female,O+,9404189557
37000,Priya Sharma,43,Female,B-,9597205158
37001,Divya Gupta,60,Male,O+,9885444962
37002,Neha Singh,60,Male,O-,9300519750
37003,Divya Singh,26,Male,AB-,9753750253
37004,Anjali Verma,43,Female,O-,9295226571
37005,Riya Mehta,43,Female,B+,9747620654
37006,Rahul Sharma,26,Female,AB+,9142189744
37007,Anjali Kapoor,38,Male,AB+,9539687250
37008,Sneha Patel,44,Female,AB-,9359925480
37009,Vikram Gupta,32,Female,AB-,9918112824
37010,Rahul Sharma,40,Male,O-,9690579045
37011,Karan Singh,26,Female,A-,9178467356
37012,Kavya Gupta,45,Male,B+,9192050201
37013,Kavya Gupta,25,Female,O-,9133183470
37014,Kavya Reddy,42,Female,O-,9256822276
37015,Priya Mehta,37,Female,A+,9261109204
37016,Anjali Reddy,43,Female,O+,9405242347
37017,Divya Gupta,57,Male,B-,9194150743
37018,Neha Sharma,29,Female,B-,9132620411
37019,Riya Gupta,52,Male,AB-,9661764560
37020,Sneha Mehta,34,Female,AB+,9493273065
37021,Rahul Reddy,42,Female,A-,9552418404
37022,Sahil Singh,58,Female,A-,9878031685
37023,Sneha Mehta,54,Female,A-,9317742624
37024,Arjun Reddy,39,Male,A+,9279371733
37025,Neha Kapoor,45,Female,A-,9830313657
37026,Arjun Singh,33,Male,AB+,9921271777
37027,Riya Sharma,55,Female,AB+,9420890886
37028,Anjali Sharma,40,Male,B-,9341060667
37029,Aman Verma,18,Male,AB-,9691121873
37030,Rahul Mehta,31,Female,B-,9733598265
37031,Pooja Reddy,28,Male,O+,9553346884
37032,Anjali Gupta,26,Female,A-,9529713401
37033,Karan Reddy,25,Male,AB+,9228672396
37034,Kavya Verma,26,Male,O-,9124773590
37035,Priya Singh,20,Male,O+,9380527438
37036,Rohan Sharma,50,Female,B+,9376119009
37037,Priya Singh,29,Male,A-,9691576321
37038,Pooja Verma,59,Male,AB+,9573104807
37039,Riya Verma,37,Female,A+,9845941878
37040,Sahil Mehta,36,Male,B+,9696301012
37041,Sneha Kapoor,19,Male,B-,9540772607
37042,Rohan Patel,21,Male,AB+,9454820360
37043,Vikram Sharma,19,Male,A-,9609856943
37044,Priya Reddy,33,Male,O-,9977094933
37045,Riya Sharma,48,Male,AB-,9875691896
37046,Vikram Reddy,34,Male,AB+,9471593845
37047,Priya Mehta,33,Female,O-,9522746560
37048,Priya Gupta,46,Female,O+,9998822717
37049,Neha Singh,48,Female,B+,9753274082
37050,Anjali Gupta,41,Male,B-,9438028892
37051,Neha Singh,25,Male,B-,9207540327
37052,Priya Gupta,26,Male,A+,9840391247
37053,Priya Patel,42,Male,B-,9880829332
37054,Sahil Kapoor,29,Male,B-,9883199590
37055,Rohan Reddy,30,Female,O+,9288707051
37056,Neha Kapoor,51,Female,A+,9551403708
37057,Aman Mehta,43,Male,A-,9739776761
37058,Divya Kapoor,37,Female,AB-,9351269423
37059,Vikram Patel,27,Male,AB-,9905032200
37060,Anjali Verma,55,Male,O-,9540872707
37061,Divya Singh,31,Male,AB-,9833496307
37062,Priya Kapoor,31,Female,B+,9345980309
37063,Sneha Gupta,53,Female,AB+,9266209674
37064,Priya Mehta,56,Female,A+,9164046931
37065,Divya Kapoor,42,Female,AB+,9960505243
37066,Rohan Reddy,39,Female,AB+,9734969100
37067,Aman Verma,21,Male,AB-,9820817227
37068,Pooja Mehta,33,Female,O-,9610521111
37069,Priya Sharma,23,Male,B+,9550347693
37070,Arjun Sharma,58,Female,B+,9894884361
37071,Riya Reddy,23,Male,B-,9709004895
37072,Kavya Verma,51,Male,AB+,9677667647
37073,Anjali Singh,47,Female,B+,9167243772
37074,Aditya Sharma,25,Female,AB-,9202555715
37075,Pooja Gupta,33,Female,O-,9590123558
37076,Sahil Singh,27,Female,AB-,9459833120
37077,Pooja Kapoor,19,Female,O+,9157304173
37078,Kavya Mehta,18,Male,AB-,9872057186
37079,Aditya Gupta,26,Female,O-,9947428174
37080,Aman Patel,47,Male,B-,9836017330
37081,Vikram Gupta,52,Female,B-,9126889940
37082,Divya Verma,40,Male,A+,9857001049
37083,Rohan Verma,28,Male,AB-,9597253374
37084,Aman Kapoor,21,Female,B-,9347968217
37085,Sahil Singh,24,Female,A-,9451730550
37086,Rohan Singh,52,Female,B-,9465840808
37087,Divya Reddy,41,Female,AB+,9211625870
37088,Aditya Sharma,49,Male,B-,9692433111
37089,Sahil Verma,46,Male,B+,9155659745
37090,Kavya Patel,50,Male,B-,9599481186
37091,Pooja Sharma,47,Male,A+,9860371379
37092,Arjun Mehta,54,Male,O+,9433652373
37093,Neha Sharma,42,Female,B-,9801758262
37094,Karan Kapoor,49,Male,A+,9857507076
37095,Karan Kapoor,47,Male,O+,9529437102
37096,Sahil Reddy,42,Male,B-,9301154718
37097,Sneha Mehta,43,Male,O+,9766405101
37098,Sahil Singh,59,Female,O-,9475178447
37099,Neha Mehta,27,Male,A-,9823444963
37100,Karan Gupta,42,Male,A-,9517483038
37101,Aditya Patel,25,Male,O-,9164522302
37102,Anjali Patel,38,Female,A-,9113311880
37103,Kavya Reddy,31,Male,A+,9504668922
37104,Vikram Patel,35,Male,B+,9269692053
37105,Rohan Sharma,41,Male,AB-,9270206154
37106,Rohan Kapoor,24,Male,A+,9588246980
37107,Aditya Singh,43,Female,O-,9877251355
37108,Aditya Gupta,18,Female,A+,9990667275
37109,Aman Gupta,34,Female,AB-,9763351644
37110,Aditya Mehta,54,Female,AB-,9955051228
37111,Sahil Gupta,36,Female,AB-,9711775849
37112,Arjun Kapoor,28,Male,AB+,9726087234
37113,Riya Gupta,45,Female,B+,9518144221
37114,Neha Gupta,36,Female,B-,9460208351
37115,Sneha Reddy,55,Female,AB-,9632108501
37116,Aman Singh,27,Female,O-,9253640751
37117,Aditya Gupta,47,Female,A-,9917923536
37118,Sneha Sharma,32,Male,B+,9854121851
37119,Priya Sharma,48,Female,A+,9560352425
37120,Priya Gupta,38,Female,AB-,9741445278
37121,Vikram Kapoor,27,Female,AB-,9127602492
37122,Anjali Sharma,35,Male,B-,9157373881
37123,Arjun Mehta,46,Female,AB-,9331649433
37124,Vikram Gupta,60,Male,AB+,9688583300
37125,Aditya Mehta,29,Male,AB-,9257437929
37126,Neha Verma,21,Male,B+,9830269949
37127,Rohan Patel,42,Male,B+,9991981361
37128,Vikram Singh,51,Male,O-,9335656820
37129,Rahul Verma,35,Female,B-,9572980683
37130,Anjali Mehta,55,Female,O-,9565944751
37131,Kavya Kapoor,19,Male,B-,9952522538
37132,Riya Kapoor,36,Male,O-,9641861285
37133,Priya Reddy,29,Female,A+,9844515973
37134,Rahul Patel,26,Male,AB-,9989143689
37135,Divya Verma,59,Female,O-,9196427975
37136,Neha Kapoor,30,Male,AB+,9753285985
37137,Kavya Singh,48,Female,A-,9707538666
37138,Arjun Singh,31,Female,A-,9683982344
37139,Vikram Kapoor,30,Male,AB+,9867415253
37140,Vikram Patel,20,Male,B+,9260478735
37141,Aman Singh,52,Female,A-,9418980612
37142,Aman Verma,60,Male,B-,9227683226
37143,Riya Singh,48,Female,O-,9462477267
37144,Riya Gupta,56,Male,O-,9485388784
37145,Anjali Singh,53,Female,A-,9751780574
37146,Arjun Reddy,52,Male,AB-,9173025967
37147,Rohan Sharma,49,Female,AB+,9153759201
37148,Sahil Reddy,36,Male,O-,9183373296
37149,Priya Kapoor,41,Female,AB+,9839569403
37150,Rahul Singh,43,Male,O-,9337818130
37151,Rohan Gupta,20,Male,A-,9859360802
37152,Aman Singh,23,Female,B-,9455367031
37153,Divya Reddy,34,Male,B+,9958215767
37154,Arjun Patel,43,Male,A-,9481379667
37155,Priya Singh,43,Female,A-,9130926672
37156,Pooja Gupta,53,Female,AB+,9268473977
37157,Anjali Singh,39,Female,B+,9330550596
37158,Vikram Sharma,45,Male,A+,9660674687
37159,Pooja Gupta,30,Male,O+,9279030992
37160,Neha Reddy,33,Male,A-,9628911070
37161,Divya Gupta,50,Female,A-,9739949562
37162,Sahil Gupta,24,Male,AB-,9251193122
37163,Vikram Patel,31,Female,O-,9208425522
37164,Neha Mehta,19,Female,O-,9411947097
37165,Vikram Mehta,33,Female,O+,9570939323
37166,Divya Reddy,25,Male,AB+,9890997902
37167,Rahul Patel,31,Female,O-,9961959271
37168,Neha Sharma,37,Male,A+,9722356310
37169,Rohan Gupta,46,Female,B-,9994288319
37170,Anjali Kapoor,56,Female,A+,9944540395
37171,Aman Kapoor,38,Male,AB-,9301963481
37172,Arjun Patel,32,Male,O+,9943755219
37173,Priya Verma,60,Female,B+,9353284964
37174,Neha Singh,32,Female,B+,9181905706
37175,Divya Verma,42,Female,O+,9928264201
37176,Anjali Sharma,51,Male,A-,9862743830
37177,Neha Mehta,44,Male,A+,9335117259
37178,Kavya Sharma,60,Male,B+,9303456084
37179,Riya Verma,45,Female,B+,9965460554
37180,Neha Verma,20,Male,AB-,9393100507
37181,Karan Singh,38,Male,B-,9227860594
37182,Rahul Mehta,47,Male,AB-,9566627922
37183,Rahul Reddy,25,Female,B+,9352082994
37184,Pooja Sharma,52,Female,B-,9658296698
37185,Sneha Singh,42,Female,A+,9664330791
37186,Rahul Reddy,30,Female,AB+,9460630269
37187,Kavya Verma,50,Male,A+,9798546536
37188,Rohan Sharma,26,Female,AB+,9552405837
37189,Riya Kapoor,28,Male,B+,9237771445
37190,Neha Singh,46,Female,B+,9933979900
37191,Rahul Sharma,33,Male,A+,9974569064
37192,Priya Singh,47,Male,AB+,9626685708
37193,Vikram Singh,18,Male,AB+,9352450606
37194,Priya Verma,45,Female,O+,9759815503
37195,Sneha Verma,26,Male,AB+,9192529435
37196,Kavya Verma,59,Male,B-,9773587657
37197,Anjali Sharma,55,Female,B-,9168163604
37198,Rohan Reddy,38,Female,A+,9661928378
37199,Vikram Gupta,24,Male,A+,9535662803
37200,Aditya Verma,49,Male,B-,9510339900
37201,Vikram Verma,39,Male,AB+,9826905856
37202,Divya Reddy,58,Female,O-,9535097621
37203,Arjun Kapoor,38,Male,A+,9971631095
37204,Rohan Patel,56,Female,AB-,9626439104
37205,Aman Reddy,21,Male,AB+,9477716843
37206,Kavya Reddy,33,Female,AB+,9933605122
37207,Divya Patel,18,Female,O+,9173104176
37208,Arjun Reddy,26,Female,O-,9911593027
37209,Priya Gupta,28,Female,AB-,9424742505
37210,Vikram Kapoor,48,Female,O+,9329065420
37211,Arjun Reddy,57,Female,O-,9934303981
37212,Divya Reddy,43,Male,A-,9809714870
37213,Pooja Verma,24,Female,O+,9220191245
37214,Riya Reddy,26,Female,B-,9834621776
37215,Aman Verma,21,Male,O+,9239500635
37216,Sneha Reddy,32,Male,AB+,9626587989
37217,Sneha Verma,37,Male,O-,9439382947
37218,Neha Verma,23,Male,A-,9789876185
37219,Pooja Kapoor,48,Female,A+,9578149299
37220,Neha Sharma,31,Male,AB+,9290568264
37221,Kavya Gupta,38,Female,O+,9146176816
37222,Sahil Gupta,40,Male,AB-,9679042023
37223,Anjali Reddy,59,Female,A+,9135008307
37224,Karan Mehta,53,Male,B+,9384427866
37225,Vikram Patel,57,Male,AB+,9235431805
37226,Priya Sharma,44,Male,A+,9304328418
37227,Sneha Singh,39,Female,B+,9304363726
37228,Rohan Patel,48,Male,B-,9262948622
37229,Sneha Kapoor,45,Male,B-,9971060678
37230,Neha Sharma,33,Male,B+,9688932828
37231,Anjali Reddy,21,Male,AB-,9603235290
37232,Sahil Kapoor,29,Female,O-,9381391055
37233,Priya Mehta,29,Male,O+,9189577895
37234,Riya Mehta,33,Male,B-,9753187939
37235,Karan Patel,30,Male,O-,9917285944
37236,Vikram Patel,22,Female,A+,9555354389
37237,Aman Gupta,55,Male,B+,9347998337
37238,Karan Mehta,36,Male,A+,9508204975
37239,Aditya Patel,35,Male,A+,9558408397
37240,Divya Singh,25,Female,AB-,9813720754
37241,Rohan Patel,30,Female,A-,9784017849
37242,Divya Gupta,52,Male,O-,9715230962
37243,Vikram Singh,40,Female,AB-,9119636749
37244,Arjun Singh,48,Female,A-,9698984326
37245,Sneha Singh,40,Female,B-,9775304354
37246,Neha Mehta,39,Female,O-,9485901005
37247,Karan Singh,55,Female,O-,9155962365
37248,Priya Mehta,51,Female,AB+,9530337011
37249,Divya Mehta,37,Male,AB-,9346813792
37250,Anjali Singh,57,Female,A-,9637415359
37251,Kavya Mehta,53,Female,AB+,9935739918
37252,Rohan Reddy,46,Male,A+,9167582521
37253,Rahul Singh,37,Female,O-,9496207772
37254,Sahil Sharma,24,Male,A-,9980714955
37255,Arjun Patel,33,Male,B-,9716683377
37256,Divya Verma,35,Male,O+,9833325717
37257,Sahil Verma,36,Male,B-,9536327168
37258,Neha Reddy,52,Female,O-,9130292947
37259,Aditya Kapoor,44,Female,AB-,9317508118
37260,Pooja Verma,44,Female,A-,9524145331
37261,Neha Gupta,45,Male,B+,9324472000
37262,Rohan Gupta,45,Male,B-,9341776468
37263,Rahul Reddy,18,Female,B-,9611586508
37264,Vikram Sharma,56,Male,B+,9135605446
37265,Sahil Reddy,41,Female,B+,9189399221
37266,Aman Gupta,35,Male,B+,9252338670
37267,Sahil Sharma,36,Male,O+,9842485737
37268,Arjun Reddy,43,Male,O+,9871406013
37269,Aman Sharma,56,Male,B+,9605590888
37270,Divya Sharma,26,Female,A-,9732599229
37271,Karan Gupta,59,Male,AB+,9757149046
37272,Rohan Singh,48,Male,B+,9451065434
37273,Vikram Gupta,47,Male,AB+,9749520402
37274,Rohan Gupta,50,Female,A+,9689666194
37275,Kavya Verma,53,Male,B-,9303759520
37276,Rohan Gupta,35,Female,B-,9769200951
37277,Aman Verma,39,Male,A+,9122927097
37278,Divya Kapoor,45,Female,B+,9389126701
37279,Rahul Mehta,34,Male,B+,9477743056
37280,Karan Patel,37,Male,B-,9807995636
37281,Pooja Singh,57,Male,O+,9549034558
37282,Anjali Singh,35,Male,B-,9250016238
37283,Karan Verma,33,Female,B-,9899386493
37284,Riya Verma,57,Female,B+,9915487593
37285,Pooja Verma,21,Male,A-,9222466768
37286,Riya Kapoor,49,Male,AB-,9646373843
37287,Anjali Kapoor,19,Female,O+,9224632362
37288,Pooja Mehta,20,Female,AB-,9449314113
37289,Aman Reddy,57,Female,O-,9715920812
37290,Sahil Mehta,42,Female,A-,9432243982
37291,Vikram Gupta,38,Male,AB-,9107848082
37292,Anjali Verma,36,Female,B-,9130468855
37293,Priya Patel,34,Female,B-,9499394437
37294,Vikram Singh,41,Female,B-,9885272870
37295,Kavya Gupta,27,Male,O+,9263757439
37296,Karan Verma,38,Female,A-,9426033823
37297,Rohan Sharma,41,Female,O-,9200840663
37298,Priya Patel,59,Male,B+,9697454185
37299,Anjali Singh,59,Female,O-,9532420486
37300,Sneha Patel,18,Female,A-,9554975226
37301,Divya Singh,30,Male,AB+,9373226004
37302,Riya Gupta,55,Female,AB+,9287635425
37303,Kavya Kapoor,21,Male,A+,9912860423
37304,Anjali Mehta,22,Female,O-,9771615510
37305,Anjali Gupta,21,Male,A+,9405815653
37306,Anjali Sharma,33,Female,O-,9712444647
37307,Kavya Patel,23,Female,A-,9550265724
37308,Arjun Reddy,54,Female,B+,9378266457
37309,Sneha Kapoor,59,Female,O-,9311358238
37310,Aman Patel,25,Female,B-,9877822383
37311,Aditya Kapoor,36,Male,AB-,9584821013
37312,Rohan Verma,52,Female,A-,9781898623
37313,Anjali Reddy,40,Male,A-,9731097174
37314,Rahul Sharma,44,Male,AB+,9346123664
37315,Riya Singh,45,Male,A-,9677535926
37316,Aman Sharma,35,Female,A-,9558923899
37317,Karan Kapoor,54,Female,O+,9468913406
37318,Aman Kapoor,59,Female,A-,9769459307
37319,Vikram Verma,36,Female,A+,9715251516
37320,Rahul Gupta,35,Male,A-,9337559261
37321,Anjali Sharma,23,Female,A+,9423159872
37322,Rahul Patel,24,Male,A+,9743777035
37323,Kavya Singh,42,Female,B-,9106747336
37324,Sahil Patel,19,Female,B+,9173448402
37325,Neha Mehta,32,Male,A+,9697096048
37326,Riya Singh,28,Male,AB-,9568433172
37327,Divya Mehta,51,Male,AB-,9984422285
37328,Sneha Patel,41,Female,O+,9410283524
37329,Rahul Patel,18,Female,AB+,9687135631
37330,Divya Patel,28,Male,AB-,9981122930
37331,Neha Verma,55,Male,B-,9620267989
37332,Neha Singh,23,Male,A+,9620118622
37333,Anjali Sharma,22,Male,A-,9257053864
37334,Karan Sharma,33,Male,B-,9133744827
37335,Pooja Gupta,42,Female,A+,9926755596
37336,Rahul Kapoor,47,Female,A-,9520483312
37337,Neha Sharma,28,Female,A-,9376611003
37338,Aman Verma,49,Male,O-,9194708895
37339,Divya Sharma,42,Female,O-,9453234810
37340,Sahil Patel,33,Female,AB-,9679379006
37341,Arjun Reddy,33,Female,A+,9411237945
37342,Aditya Gupta,49,Male,A+,9451328656
37343,Priya Patel,35,Male,B+,9232514677
37344,Riya Verma,40,Male,A-,9983190701
37345,Neha Singh,49,Male,B-,9571260540
37346,Aditya Singh,23,Female,O+,9681362462
37347,Priya Mehta,56,Male,B-,9869750320
37348,Pooja Reddy,18,Female,AB-,9120126702
37349,Kavya Gupta,43,Male,B+,9285359730
37350,Karan Patel,53,Female,AB+,9642876337
37351,Arjun Singh,31,Male,AB+,9229663529
37352,Divya Kapoor,58,Male,AB-,9466415846
37353,Kavya Reddy,51,Female,A-,9902242923
37354,Priya Singh,26,Female,B+,9568034271
37355,Sneha Mehta,45,Male,B-,9673470283
37356,Aditya Sharma,25,Male,A-,9590562118
37357,Pooja Verma,23,Male,B+,9883158429
37358,Aman Gupta,39,Female,O-,9233806690
37359,Riya Sharma,59,Female,B+,9890297237
37360,Divya Sharma,50,Female,AB+,9366676487
37361,Vikram Verma,22,Female,B-,9369426473
37362,Kavya Sharma,33,Male,O+,9410970137
37363,Karan Mehta,30,Female,O-,9543077232
37364,Karan Verma,57,Female,B-,9656683005
37365,Vikram Gupta,24,Female,B+,9854703709
37366,Sneha Patel,45,Female,O+,9179096416
37367,Riya Mehta,30,Male,B+,9979121067
37368,Arjun Patel,35,Male,O+,9487120438
37369,Aman Verma,29,Male,O+,9831249256
37370,Sahil Singh,60,Male,O-,9723337866
37371,Sahil Mehta,31,Female,AB+,9266568044
37372,Sneha Gupta,50,Female,O-,9513172668
37373,Aman Gupta,49,Female,A-,9594770284
37374,Rohan Verma,42,Male,O-,9348407686
37375,Vikram Mehta,23,Female,O-,9442491389
37376,Anjali Gupta,37,Male,O-,9750756805
37377,Aditya Mehta,20,Male,B-,9616518725
37378,Arjun Mehta,60,Female,A-,9180985409
37379,Riya Mehta,38,Male,O-,9742665994
37380,Divya Sharma,28,Female,A+,9423264733
37381,Sahil Reddy,58,Female,A-,9142784308
37382,Riya Gupta,19,Male,O-,9687309459
37383,Riya Verma,53,Male,B-,9155130402
37384,Vikram Verma,39,Male,A+,9872409139
37385,Divya Reddy,53,Male,A-,9286657169
37386,Aditya Kapoor,42,Male,B+,9274225685
37387,Arjun Verma,55,Female,AB-,9190934703
37388,Pooja Kapoor,60,Female,A-,9657237457
37389,Riya Verma,56,Male,A+,9956411110
37390,Anjali Gupta,57,Female,A-,9730941011
37391,Priya Reddy,43,Female,O-,9869658333
37392,Pooja Singh,33,Male,O-,9862457246
37393,Pooja Singh,59,Female,AB-,9873236673
37394,Riya Sharma,59,Male,B-,9890991061
37395,Anjali Sharma,21,Male,O-,9528654116
37396,Neha Gupta,38,Female,A+,9827504599
37397,Riya Kapoor,20,Male,B-,9140841832
37398,Pooja Kapoor,58,Male,A+,9941295562
37399,Anjali Singh,36,Male,A-,9494502848
37400,Aman Mehta,22,Female,O+,9291890629
37401,Sneha Patel,49,Female,B+,9392381637
37402,Sahil Patel,24,Female,AB-,9491557696
37403,Anjali Singh,41,Male,B+,9664236731
37404,Sneha Verma,38,Male,O+,9556627991
37405,Kavya Gupta,51,Female,A+,9467259122
37406,Pooja Gupta,37,Male,A-,9413067712
37407,Anjali Verma,31,Female,B+,9959195199
37408,Sahil Verma,25,Male,O-,9676919211
37409,Arjun Mehta,35,Male,A+,9192718943
37410,Pooja Reddy,51,Female,AB+,9987802220
37411,Kavya Reddy,31,Female,A-,9281771131
37412,Sahil Sharma,44,Male,A+,9858684455
37413,Pooja Sharma,31,Male,AB+,9760216712
37414,Sahil Singh,31,Male,B-,9757612011
37415,Vikram Kapoor,21,Female,AB-,9273570551
37416,Sneha Verma,52,Female,B-,9850138447
37417,Aman Sharma,41,Male,A+,9902440666
37418,Rohan Singh,35,Male,AB-,9817391344
37419,Rahul Mehta,43,Female,AB-,9397728414
37420,Aman Singh,56,Male,A-,9729968375
37421,Arjun Sharma,39,Male,AB+,9134174445
37422,Rahul Mehta,35,Male,O+,9917721138
37423,Karan Reddy,42,Male,O+,9979478165
37424,Divya Reddy,41,Female,A+,9528385956
37425,Sneha Sharma,50,Female,O-,9499510974
37426,Vikram Sharma,33,Female,O+,9969787144
37427,Rohan Reddy,19,Female,B-,9372977573
37428,Sneha Reddy,21,Female,B-,9247076596
37429,Aman Gupta,47,Female,B+,9372099418
37430,Aman Kapoor,55,Female,O-,9679018649
37431,Neha Patel,49,Female,O+,9453838699
37432,Riya Sharma,37,Female,B-,9174296551
37433,Aditya Gupta,23,Male,O-,9358162115
37434,Sneha Reddy,58,Female,A+,9612594733
37435,Priya Reddy,49,Male,AB-,9550728595
37436,Sneha Mehta,50,Male,B+,9648815081
37437,Priya Verma,37,Female,AB-,9696832236
37438,Anjali Mehta,41,Male,B+,9969661314
37439,Riya Reddy,21,Female,A-,9929100888
37440,Arjun Gupta,26,Male,B+,9752579664
37441,Sneha Mehta,39,Female,B-,9217928580
37442,Neha Verma,47,Male,A-,9804859266
37443,Rohan Singh,58,Female,O+,9747151530
37444,Sneha Singh,24,Female,A+,9831858793
37445,Sahil Mehta,18,Male,A+,9131071560
37446,Sneha Mehta,46,Male,B+,9220143651
37447,Karan Reddy,37,Female,O-,9287481355
37448,Karan Sharma,23,Female,A-,9531132186
37449,Sahil Gupta,34,Male,A+,9105854414
37450,Arjun Mehta,35,Male,AB+,9140778205
37451,Anjali Sharma,29,Female,B-,9640171691
37452,Karan Kapoor,30,Male,AB+,9195391747
37453,Priya Patel,38,Male,B+,9793581878
37454,Vikram Mehta,22,Female,A+,9653463062
37455,Karan Kapoor,44,Female,B-,9617080628
37456,Sahil Gupta,50,Female,O-,9896939727
37457,Rohan Mehta,54,Female,AB-,9450495322
37458,Rohan Kapoor,47,Male,AB-,9822012318
37459,Riya Sharma,54,Male,O-,9263367143
37460,Aditya Patel,31,Female,AB-,9995910869
37461,Sneha Patel,37,Female,AB+,9952692124
37462,Rahul Sharma,30,Male,AB-,9900318258
37463,Vikram Gupta,50,Male,AB-,9263056406
37464,Sneha Patel,21,Female,AB-,9984742946
37465,Vikram Sharma,30,Male,O-,9399910042
37466,Aman Kapoor,35,Male,B+,9766482158
37467,Aditya Singh,37,Female,AB-,9992740523
37468,Neha Singh,21,Male,B+,9124154768
37469,Aman Kapoor,41,Male,B-,9996328118
37470,Pooja Verma,37,Male,AB+,9865042316
37471,Anjali Kapoor,44,Male,AB-,9478674646
37472,Vikram Mehta,55,Male,A+,9557450418
37473,Vikram Sharma,45,Male,O-,9459437069
37474,Sahil Mehta,38,Female,O+,9772220292
37475,Anjali Singh,27,Male,O+,9502608776
37476,Anjali Patel,54,Female,B-,9862743068
37477,Neha Kapoor,21,Female,O-,9669972246
37478,Neha Mehta,41,Male,AB-,9362400523
37479,Priya Mehta,58,Female,O+,9371911681
37480,Divya Patel,52,Male,A+,9731660392
37481,Karan Mehta,50,Female,AB+,9357067021
37482,Divya Mehta,39,Female,O+,9584795232
37483,Neha Verma,23,Female,AB+,9356761933
37484,Pooja Patel,21,Male,A+,9618945447
37485,Kavya Mehta,33,Female,B-,9447658671
37486,Karan Kapoor,25,Female,AB-,9284021462
37487,Arjun Singh,53,Female,O-,9587010939
37488,Aditya Mehta,36,Female,AB-,9915620165
37489,Rohan Verma,32,Male,A-,9760108074
37490,Rahul Sharma,32,Male,A+,9338551676
37491,Arjun Singh,59,Male,AB+,9603469035
37492,Rahul Reddy,25,Male,AB-,9207226731
37493,Divya Verma,27,Male,A+,9568136758
37494,Rohan Verma,25,Female,A-,9659842089
37495,Vikram Reddy,23,Male,O+,9370929548
37496,Aman Mehta,27,Female,AB-,9131204870
37497,Karan Singh,31,Female,B-,9474479941
37498,Kavya Gupta,23,Female,B+,9224262012
37499,Riya Patel,36,Male,O+,9900207038
37500,Divya Reddy,51,Male,O+,9995290636
37501,Aman Kapoor,33,Female,AB-,9421510875
37502,Neha Patel,24,Female,B-,9768562959
37503,Rahul Mehta,57,Male,AB+,9265392492
37504,Rahul Verma,57,Male,O-,9746113946
37505,Sneha Patel,49,Male,O-,9614440859
37506,Anjali Sharma,31,Male,AB-,9909713593
37507,Arjun Sharma,59,Male,B-,9789783010
37508,Divya Mehta,25,Male,A-,9809516070
37509,Vikram Mehta,39,Female,B-,9269350649
37510,Aditya Kapoor,31,Male,A+,9235421007
37511,Rahul Mehta,45,Female,B+,9748633504
37512,Vikram Verma,31,Female,A+,9909773710
37513,Kavya Mehta,57,Female,AB+,9190205101
37514,Rahul Kapoor,55,Male,O-,9775077738
37515,Pooja Kapoor,35,Female,O+,9893222084
37516,Sneha Kapoor,44,Male,A-,9175382675
37517,Rahul Mehta,37,Female,O-,9757277180
37518,Priya Kapoor,42,Male,A-,9161991805
37519,Rohan Mehta,18,Female,O+,9436297314
37520,Sneha Mehta,21,Female,B-,9136620494
37521,Aman Gupta,22,Male,O+,9474392281
37522,Sneha Patel,20,Male,AB+,9493257444
37523,Arjun Patel,43,Female,B+,9730690299
37524,Pooja Sharma,26,Female,AB-,9619051576
37525,Riya Gupta,58,Female,A-,9750930958
37526,Vikram Gupta,49,Female,AB-,9968507012
37527,Rahul Gupta,47,Female,B-,9968889663
37528,Karan Mehta,50,Male,A-,9275232208
37529,Neha Reddy,18,Male,O-,9817330091
37530,Anjali Sharma,47,Male,AB-,9528033980
37531,Divya Kapoor,57,Male,AB+,9254177379
37532,Neha Reddy,47,Male,B+,9214350701
37533,Rohan Gupta,59,Male,B-,9888510882
37534,Aditya Gupta,60,Female,AB-,9912375358
37535,Neha Sharma,25,Female,A-,9493061505
37536,Aditya Reddy,31,Female,A-,9351164844
37537,Aditya Kapoor,53,Male,A+,9102514737
37538,Divya Reddy,31,Female,O+,9517169156
37539,Priya Kapoor,18,Male,A-,9184903775
37540,Rahul Reddy,59,Male,A-,9278608949
37541,Divya Gupta,41,Male,A-,9895005228
37542,Arjun Gupta,55,Male,O+,9762226280
37543,Divya Singh,18,Male,B-,9202368241
37544,Karan Gupta,59,Female,B+,9544134246
37545,Sahil Sharma,34,Male,A-,9592152251
37546,Aditya Gupta,25,Female,B+,9496878880
37547,Anjali Kapoor,49,Male,A-,9759536036
37548,Rohan Sharma,42,Female,AB+,9856850340
37549,Aman Singh,22,Male,A+,9817362977
37550,Rahul Singh,21,Male,O-,9390561463
37551,Divya Mehta,25,Female,O+,9220773269
37552,Priya Mehta,49,Female,O-,9112928598
37553,Anjali Kapoor,21,Female,B+,9527271413
37554,Riya Verma,60,Male,A-,9625035241
37555,Priya Sharma,24,Female,O-,9792461126
37556,Vikram Gupta,50,Female,AB+,9414231610
37557,Divya Patel,27,Male,O+,9239251647
37558,Riya Gupta,31,Male,AB+,9556889281
37559,Sneha Mehta,19,Female,AB+,9613577724
37560,Anjali Verma,49,Female,B-,9378065126
37561,Divya Verma,58,Female,A+,9844312818
37562,Rahul Verma,54,Male,O+,9894897222
37563,Aman Reddy,24,Female,B+,9167456313
37564,Rohan Mehta,34,Male,A+,9171229890
37565,Rohan Reddy,39,Female,AB-,9884625084
37566,Riya Verma,29,Female,AB+,9303798136
37567,Sneha Sharma,31,Male,AB-,9965165567
37568,Rohan Verma,34,Female,B-,9671992167
37569,Riya Mehta,55,Male,O+,9998791028
37570,Anjali Singh,29,Female,A-,9285508360
37571,Rahul Verma,31,Male,O+,9858602692
37572,Vikram Patel,34,Male,B-,9660142319
37573,Sahil Verma,18,Female,B+,9177895235
37574,Karan Verma,23,Male,AB+,9260513968
37575,Divya Kapoor,45,Female,B-,9243510784
37576,Anjali Singh,28,Female,A+,9208210791
37577,Divya Gupta,54,Female,AB-,9191634956
37578,Aman Sharma,26,Male,B-,9109851472
37579,Rohan Verma,47,Female,B-,9279060107
37580,Karan Verma,56,Female,AB+,9481505299
37581,Sneha Singh,60,Female,O-,9820444552
37582,Vikram Mehta,21,Male,A+,9630474405
37583,Rohan Reddy,46,Female,O-,9241176393
37584,Arjun Verma,33,Female,AB-,9176341682
37585,Rohan Verma,22,Female,A-,9835251528
37586,Priya Verma,28,Female,O+,9790358007
37587,Sahil Sharma,21,Female,A+,9673912655
37588,Karan Gupta,18,Female,B+,9588485373
37589,Neha Kapoor,50,Female,O-,9638308376
37590,Kavya Verma,54,Female,A-,9431524217
37591,Rahul Mehta,52,Female,AB-,9558377136
37592,Rahul Sharma,24,Male,B+,9241339509
37593,Aman Reddy,36,Female,A-,9131974743
37594,Anjali Kapoor,22,Female,A+,9686897219
37595,Priya Patel,41,Female,B+,9413997396
37596,Riya Verma,44,Male,O+,9783752578
37597,Kavya Verma,25,Male,B-,9186030280
37598,Pooja Verma,56,Male,B-,9111354931
37599,Divya Kapoor,34,Female,A-,9303635275
37600,Riya Singh,52,Female,A-,9574590344
37601,Riya Verma,35,Female,AB+,9254304259
37602,Priya Mehta,51,Male,O+,9976961379
37603,Aditya Verma,33,Male,B-,9247073734
37604,Rahul Singh,31,Female,B+,9914556470
37605,Divya Singh,60,Male,A+,9835252743
37606,Rahul Verma,39,Female,AB-,9162702982
37607,Divya Singh,41,Male,O-,9420224722
37608,Vikram Singh,18,Male,A-,9130562696
37609,Sneha Mehta,57,Female,AB-,9285799938
37610,Riya Patel,20,Male,B+,9902501592
37611,Karan Mehta,18,Female,B-,9862451210
37612,Aditya Reddy,20,Male,A-,9460896100
37613,Aditya Gupta,40,Female,AB-,9303765220
37614,Sneha Verma,35,Male,A-,9818624076
37615,Kavya Sharma,45,Male,A-,9404372974
37616,Aditya Mehta,58,Male,B+,9680837599
37617,Vikram Mehta,56,Female,A-,9123046407
37618,Riya Gupta,18,Female,AB-,9723641725
37619,Riya Patel,35,Female,O-,9723395636
37620,Karan Reddy,20,Male,A-,9998891812
37621,Priya Singh,30,Female,O+,9758220101
37622,Sahil Reddy,48,Female,A+,9515274018
37623,Riya Patel,25,Female,A-,9544235400
37624,Arjun Kapoor,60,Male,A-,9926297329
37625,Aditya Sharma,37,Female,O+,9135673750
37626,Pooja Reddy,45,Male,O+,9273906568
37627,Anjali Kapoor,54,Male,O-,9162988723
37628,Karan Singh,21,Female,B-,9264481341
37629,Neha Singh,48,Female,B-,9359747474
37630,Neha Sharma,19,Male,B+,9449875407
37631,Rohan Sharma,53,Female,O+,9241249979
37632,Karan Reddy,43,Female,B-,9693551311
37633,Sahil Patel,31,Female,AB-,9153448591
37634,Arjun Patel,40,Female,A+,9258029521
37635,Sneha Patel,36,Male,A+,9272033028
37636,Divya Verma,36,Male,AB-,9178084283
37637,Sahil Singh,52,Male,B+,9563029493
37638,Rohan Patel,29,Male,B+,9780932420
37639,Priya Singh,45,Female,O-,9332493135
37640,Sneha Mehta,48,Male,O+,9990619196
37641,Aditya Sharma,58,Female,O-,9650268304
37642,Pooja Patel,20,Female,A-,9854012421
37643,Riya Singh,29,Male,B-,9651223936
37644,Anjali Reddy,49,Female,O-,9482135428
37645,Divya Gupta,59,Female,B+,9169428938
37646,Rahul Mehta,50,Female,A-,9186281278
37647,Pooja Patel,60,Female,O+,9678300337
37648,Karan Verma,26,Female,O-,9465271089
37649,Rahul Reddy,41,Female,AB-,9112758272
37650,Anjali Patel,23,Female,AB-,9212781388
37651,Rohan Patel,47,Male,A-,9919748406
37652,Sahil Gupta,44,Female,O-,9690607593
37653,Priya Verma,52,Female,AB-,9611032148
37654,Karan Patel,53,Male,B+,9882978925
37655,Priya Patel,54,Male,AB+,9462592924
37656,Arjun Kapoor,47,Female,B+,9523142238
37657,Pooja Sharma,45,Male,O+,9309618743
37658,Riya Patel,31,Male,A+,9405525656
37659,Pooja Patel,49,Female,O+,9230638154
37660,Rohan Reddy,25,Male,A+,9816858082
37661,Vikram Kapoor,44,Female,AB+,9168593585
37662,Neha Gupta,35,Male,A-,9330490371
37663,Aman Sharma,60,Male,B+,9996979213
37664,Rahul Singh,21,Male,AB-,9978707016
37665,Priya Reddy,34,Male,A+,9311051619
37666,Karan Sharma,43,Male,A-,9178597933
37667,Divya Gupta,41,Male,A-,9326866061
37668,Aditya Verma,47,Female,B+,9655699618
37669,Riya Patel,36,Female,O-,9722738949
37670,Riya Sharma,31,Female,O+,9824411440
37671,Kavya Sharma,40,Male,A-,9911014078
37672,Rohan Kapoor,19,Male,O+,9804837433
37673,Pooja Sharma,49,Female,AB+,9120757266
37674,Aditya Mehta,22,Female,A+,9644030409
37675,Pooja Sharma,18,Female,A+,9580409683
37676,Aman Singh,24,Female,AB-,9672344370
37677,Anjali Patel,26,Male,B+,9733086286
37678,Sahil Gupta,50,Male,B+,9795650821
37679,Kavya Gupta,44,Female,B-,9679849376
37680,Vikram Singh,52,Female,B-,9554071126
37681,Neha Verma,55,Female,AB+,9283301537
37682,Rahul Gupta,41,Female,B+,9886253913
37683,Sneha Sharma,38,Female,B-,9268350375
37684,Karan Mehta,20,Male,A-,9906753580
37685,Priya Sharma,18,Male,B+,9110389247
37686,Karan Verma,29,Male,A+,9182023662
37687,Divya Kapoor,33,Female,B+,9896353755
37688,Vikram Mehta,35,Male,B+,9273751031
37689,Divya Patel,53,Male,A+,9615880177
37690,Aditya Mehta,39,Female,B-,9388880463
37691,Vikram Singh,54,Female,O+,9645842045
37692,Aman Reddy,49,Male,O-,9490124539
37693,Kavya Singh,55,Male,A+,9192447173
37694,Arjun Gupta,54,Female,O-,9245022340
37695,Sneha Verma,53,Male,AB+,9344302548
37696,Rahul Gupta,45,Male,A-,9592939479
37697,Karan Patel,44,Female,AB+,9546590172
37698,Aditya Mehta,56,Female,B-,9536327938
37699,Anjali Verma,35,Female,O-,9297781412
37700,Priya Reddy,22,Female,B-,9995194055
37701,Sneha Patel,38,Male,A+,9596966185
37702,Kavya Gupta,25,Female,O-,9469871499
37703,Aman Reddy,55,Female,B+,9944988298
37704,Anjali Mehta,26,Male,A-,9918738519
37705,Divya Kapoor,27,Male,A-,9706104615
37706,Rohan Patel,31,Female,AB-,9686775462
37707,Kavya Mehta,34,Female,B-,9187744299
37708,Karan Sharma,31,Female,A-,9380143628
37709,Vikram Reddy,24,Female,AB-,9744561384
37710,Pooja Singh,18,Female,B+,9422168321
37711,Anjali Verma,43,Male,O-,9712745593
37712,Divya Patel,45,Male,A+,9614821083
37713,Sneha Singh,49,Female,O-,9837086623
37714,Rohan Verma,37,Male,O+,9349714065
37715,Karan Reddy,36,Female,B+,9102744164
37716,Pooja Kapoor,49,Male,O+,9918025277
37717,Priya Verma,43,Female,AB-,9911403199
37718,Riya Sharma,60,Male,AB+,9257901079
37719,Vikram Sharma,32,Female,A+,9875342071
37720,Anjali Sharma,30,Female,B-,9325933742
37721,Kavya Gupta,47,Male,AB-,9176429016
37722,Priya Mehta,45,Male,B+,9706637492
37723,Divya Singh,21,Male,AB+,9853420031
37724,Rahul Singh,50,Female,A-,9284526170
37725,Priya Sharma,30,Female,O-,9137216423
37726,Divya Gupta,38,Female,O+,9520298346
37727,Pooja Sharma,49,Male,O+,9874115992
37728,Aditya Sharma,52,Male,B-,9701748893
37729,Arjun Reddy,33,Male,AB+,9525264340
37730,Neha Mehta,27,Male,O+,9882430688
37731,Riya Mehta,27,Female,A+,9997506243
37732,Aman Singh,33,Male,AB-,9461803400
37733,Rahul Sharma,60,Female,B+,9821397594
37734,Rahul Singh,50,Female,AB+,9136257497
37735,Sahil Patel,35,Female,B-,9537431704
37736,Priya Verma,51,Male,A-,9646425606
37737,Sneha Patel,26,Female,A-,9284432690
37738,Aditya Kapoor,33,Female,O+,9493761446
37739,Priya Kapoor,20,Male,B+,9156362327
37740,Sneha Patel,24,Female,B+,9244552615
37741,Kavya Kapoor,34,Male,B+,9888936245
37742,Rohan Singh,54,Male,B+,9586007562
37743,Sahil Kapoor,55,Male,B-,9687235512
37744,Rohan Verma,54,Male,B+,9870003531
37745,Riya Gupta,59,Female,B-,9360661407
37746,Priya Mehta,34,Female,B+,9442887161
37747,Arjun Verma,23,Female,A+,9301302198
37748,Rahul Reddy,59,Male,O-,9947115322
37749,Aditya Kapoor,27,Female,A+,9387987703
37750,Priya Reddy,40,Female,B+,9487960330
37751,Kavya Sharma,51,Male,O-,9877349559
37752,Arjun Mehta,33,Male,B+,9927042017
37753,Anjali Reddy,60,Female,O-,9456938215
37754,Anjali Patel,51,Male,AB-,9982937767
37755,Divya Kapoor,39,Female,A-,9986049196
37756,Aman Kapoor,25,Male,A+,9254641779
37757,Riya Sharma,58,Male,O+,9830802368
37758,Neha Sharma,50,Female,O+,9977164882
37759,Karan Singh,48,Male,A+,9808032405
37760,Rahul Patel,38,Male,O-,9317121246
37761,Sahil Gupta,43,Male,AB+,9291427305
37762,Kavya Reddy,44,Female,O-,9321222664
37763,Kavya Reddy,40,Female,AB-,9430685597
37764,Vikram Singh,18,Male,O-,9156434183
37765,Aman Sharma,58,Male,AB-,9316310115
37766,Sahil Gupta,27,Male,B+,9484561433
37767,Anjali Patel,40,Male,O-,9776398561
37768,Sahil Kapoor,38,Male,AB-,9718043242
37769,Sneha Patel,37,Male,B-,9750578642
37770,Neha Verma,40,Male,AB-,9985263200
37771,Pooja Singh,56,Male,O-,9520599039
37772,Anjali Singh,51,Male,O+,9159371074
37773,Neha Kapoor,18,Male,AB-,9489480014
37774,Aman Mehta,49,Male,O+,9650409663
37775,Aman Mehta,57,Female,B+,9541279290
37776,Aman Mehta,54,Male,O+,9947542837
37777,Rohan Reddy,51,Male,O-,9870430908
37778,Anjali Kapoor,36,Female,AB+,9473803857
37779,Pooja Sharma,33,Male,AB+,9610703194
37780,Aditya Singh,18,Female,A-,9541751357
37781,Pooja Patel,24,Female,O+,9884350419
37782,Pooja Patel,23,Male,B-,9885933963
37783,Sahil Patel,37,Female,O-,9488311560
37784,Kavya Mehta,39,Male,AB-,9902228281
37785,Rahul Kapoor,58,Male,B+,9631076658
37786,Sahil Patel,32,Male,AB+,9241163535
37787,Karan Sharma,33,Male,AB-,9590324360
37788,Aditya Patel,48,Female,O-,9872269903
37789,Divya Gupta,48,Male,A-,9300378111
37790,Neha Singh,54,Female,O-,9776747107
37791,Kavya Singh,27,Male,B-,9556196938
37792,Pooja Patel,37,Female,A+,9450772952
37793,Arjun Gupta,34,Female,O-,9517376435
37794,Neha Patel,25,Female,B+,9988094687
37795,Rohan Singh,54,Female,AB+,9121317550
37796,Arjun Verma,27,Male,B+,9861261759
37797,Anjali Mehta,19,Female,B+,9623970727
37798,Priya Reddy,40,Female,AB+,9937407028
37799,Rahul Reddy,26,Female,AB-,9130082996
37800,Divya Verma,58,Female,B+,9533272729
37801,Anjali Reddy,45,Male,AB-,9675739074
37802,Aditya Kapoor,51,Male,O+,9977288160
37803,Riya Gupta,19,Male,AB-,9350603296
37804,Rahul Singh,46,Female,A+,9268562861
37805,Aman Singh,59,Male,B-,9592207503
37806,Pooja Mehta,25,Female,AB+,9328608200
37807,Pooja Patel,55,Female,AB-,9548811763
37808,Sneha Patel,45,Female,A-,9645095631
37809,Neha Gupta,60,Female,O+,9596029742
37810,Aditya Mehta,60,Male,AB-,9928290644
37811,Priya Patel,18,Female,O+,9303741924
37812,Riya Kapoor,57,Female,AB+,9163162832
37813,Rahul Patel,52,Male,B+,9628223036
37814,Aman Sharma,41,Female,B-,9954812697
37815,Aditya Mehta,39,Male,A-,9419834346
37816,Kavya Singh,31,Female,O-,9863639180
37817,Aman Gupta,51,Female,A+,9393097148
37818,Aman Gupta,60,Female,AB+,9116393618
37819,Anjali Singh,56,Male,B+,9172211825
37820,Sneha Mehta,38,Female,A+,9552492916
37821,Anjali Reddy,25,Female,O-,9306181326
37822,Aditya Kapoor,45,Female,A+,9786437883
37823,Pooja Reddy,19,Female,B-,9226609696
37824,Kavya Singh,60,Male,A+,9104236566
37825,Priya Verma,45,Female,AB-,9691790898
37826,Sneha Gupta,19,Female,B-,9299754174
37827,Anjali Kapoor,21,Male,O+,9204796329
37828,Kavya Gupta,21,Male,O-,9216965432
37829,Rohan Singh,52,Male,B+,9835044155
37830,Divya Gupta,48,Male,O-,9421999245
37831,Kavya Patel,24,Female,AB+,9250971398
37832,Rahul Sharma,41,Male,AB-,9925820280
37833,Karan Gupta,18,Male,AB+,9844112860
37834,Riya Patel,50,Male,A+,9309512495
37835,Kavya Sharma,34,Male,B+,9483713102
37836,Aman Mehta,29,Female,O+,9921103555
37837,Neha Mehta,39,Male,A+,9439853527
37838,Arjun Kapoor,42,Female,A+,9763977879
37839,Divya Patel,44,Female,B-,9514832127
37840,Rohan Singh,58,Female,O-,9143967213
37841,Rohan Reddy,33,Female,A-,9799421497
37842,Rahul Verma,53,Male,AB+,9534400788
37843,Anjali Patel,32,Male,B+,9308079907
37844,Anjali Kapoor,39,Female,AB-,9807151458
37845,Divya Singh,31,Male,O-,9645469365
37846,Divya Reddy,19,Female,O+,9352115530
37847,Aman Sharma,47,Female,O+,9433552133
37848,Vikram Gupta,52,Female,O+,9687741245
37849,Divya Mehta,18,Male,A+,9484124833
37850,Rahul Verma,58,Male,A+,9452542101
37851,Karan Reddy,38,Male,A-,9738065669
37852,Sahil Sharma,60,Male,O+,9752282955
37853,Vikram Singh,46,Female,A-,9321328993
37854,Kavya Mehta,24,Female,O-,9769006484
37855,Anjali Singh,36,Male,O+,9416095271
37856,Pooja Reddy,47,Female,O+,9459404540
37857,Sneha Gupta,31,Male,O+,9483924921
37858,Priya Singh,47,Male,A+,9310437802
37859,Kavya Gupta,49,Female,O-,9781243077
37860,Riya Sharma,22,Male,AB-,9493813266
37861,Rahul Reddy,40,Male,O+,9874376926
37862,Anjali Patel,24,Male,O+,9509632415
37863,Rohan Gupta,31,Male,A+,9147384111
37864,Rohan Patel,22,Male,B-,9136496030
37865,Pooja Patel,28,Male,O+,9729207092
37866,Priya Patel,53,Male,O-,9169973533
37867,Karan Sharma,35,Male,A+,9598941986
37868,Neha Singh,24,Male,B+,9862991798
37869,Arjun Gupta,23,Female,B-,9947787094
37870,Pooja Sharma,19,Female,B+,9458919629
37871,Sahil Kapoor,56,Male,AB+,9441413449
37872,Karan Kapoor,45,Female,O-,9782626700
37873,Karan Reddy,51,Female,A-,9692065584
37874,Aditya Mehta,40,Male,O-,9310629127
37875,Karan Reddy,34,Female,A+,9112056873
37876,Rahul Singh,48,Male,O+,9493526614
37877,Pooja Kapoor,35,Male,AB+,9991564833
37878,Aditya Singh,43,Male,AB+,9822919590
37879,Kavya Patel,42,Female,O-,9132839513
37880,Riya Gupta,36,Female,O+,9766644876
37881,Aditya Gupta,40,Female,AB-,9134682907
37882,Aman Reddy,25,Male,O-,9977801933
37883,Arjun Patel,35,Female,O-,9357809173
37884,Aman Mehta,27,Female,A+,9382556849
37885,Kavya Verma,20,Female,A-,9264251510
37886,Riya Reddy,54,Female,AB+,9859827059
37887,Aman Gupta,31,Male,O-,9416293312
37888,Vikram Sharma,20,Female,O+,9900782834
37889,Neha Verma,33,Female,B-,9783491510
37890,Sahil Sharma,41,Female,AB+,9189940244
37891,Aman Patel,25,Male,A+,9484848965
37892,Rohan Gupta,55,Male,A+,9470337229
37893,Sneha Reddy,33,Male,B+,9656329881
37894,Aman Verma,48,Female,AB-,9518125675
37895,Divya Reddy,43,Female,A-,9770783403
37896,Vikram Sharma,58,Male,AB+,9134194645
37897,Priya Kapoor,48,Female,O-,9766095682
37898,Rahul Reddy,48,Female,AB-,9984367370
37899,Pooja Patel,47,Male,B-,9952921324
37900,Rahul Gupta,21,Male,AB+,9173884311
37901,Vikram Mehta,27,Female,B-,9229035203
37902,Arjun Mehta,59,Female,AB+,9524608828
37903,Pooja Singh,36,Female,O-,9369441411
37904,Aditya Reddy,27,Male,AB-,9741034595
37905,Karan Patel,49,Female,B+,9815962981
37906,Riya Patel,36,Female,AB-,9371247555
37907,Divya Verma,54,Male,A+,9189253506
37908,Pooja Verma,45,Female,AB-,9789863523
37909,Divya Reddy,21,Male,A-,9860443819
37910,Rahul Singh,29,Female,B+,9183133748
37911,Aditya Singh,21,Male,AB+,9147134076
37912,Kavya Reddy,50,Male,O-,9447679201
37913,Priya Singh,44,Female,O-,9763088376
37914,Arjun Gupta,20,Male,AB+,9352792312
37915,Aditya Reddy,37,Female,B+,9826845693
37916,Neha Mehta,34,Female,AB-,9893355988
37917,Rahul Kapoor,26,Female,A-,9749465840
37918,Riya Sharma,25,Male,A+,9537521013
37919,Kavya Verma,52,Male,AB+,9730364540
37920,Priya Kapoor,29,Female,B-,9780941256
37921,Anjali Singh,37,Female,O-,9113056692
37922,Rahul Verma,56,Female,A+,9944442421
37923,Aditya Singh,23,Female,B+,9580045812
37924,Priya Reddy,58,Female,B+,9361521816
37925,Arjun Sharma,55,Male,B+,9159451462
37926,Kavya Kapoor,56,Female,A-,9139579368
37927,Karan Verma,45,Female,A+,9104443937
37928,Aman Verma,44,Female,A-,9415540291
37929,Riya Mehta,21,Male,B-,9748981983
37930,Riya Mehta,22,Female,A-,9254344713
37931,Pooja Sharma,50,Female,O-,9430006302
37932,Anjali Gupta,28,Female,AB-,9235995592
37933,Vikram Gupta,19,Male,B-,9838939551
37934,Priya Patel,60,Female,B+,9414436732
37935,Aditya Kapoor,43,Female,O-,9561147510
37936,Arjun Verma,50,Female,B+,9568664854
37937,Karan Kapoor,57,Female,AB+,9479377660
37938,Divya Singh,40,Male,A-,9698792968
37939,Rahul Singh,59,Female,A+,9177946242
37940,Priya Verma,50,Male,AB-,9999499781
37941,Rahul Gupta,49,Male,O+,9630803553
37942,Pooja Singh,19,Male,A-,9351943593
37943,Sahil Reddy,30,Male,O+,9824891149
37944,Rohan Verma,60,Female,AB-,9860791140
37945,Vikram Gupta,60,Male,A-,9716723141
37946,Sahil Reddy,41,Female,AB+,9200320457
37947,Sahil Sharma,41,Female,A+,9403387498
37948,Rahul Singh,50,Male,O-,9264282740
37949,Arjun Patel,23,Female,A-,9685428006
37950,Sahil Patel,36,Male,B-,9609976284
37951,Sahil Gupta,52,Female,B+,9281991236
37952,Vikram Gupta,45,Female,A-,9587090902
37953,Divya Verma,41,Male,B+,9134854139
37954,Riya Gupta,21,Male,A+,9695635747
37955,Priya Mehta,32,Male,O-,9755943318
37956,Rohan Sharma,45,Female,A+,9537128311
37957,Rahul Patel,29,Male,O+,9244193657
37958,Sahil Gupta,59,Male,AB+,9107006996
37959,Rohan Kapoor,52,Female,O+,9290233665
37960,Sahil Singh,39,Female,O-,9281176137
37961,Kavya Reddy,44,Female,A-,9914925009
37962,Divya Verma,36,Female,B-,9266417826
37963,Arjun Reddy,41,Female,A+,9675080830
37964,Arjun Verma,44,Female,O-,9289820634
37965,Arjun Reddy,36,Female,B-,9170185020
37966,Priya Verma,24,Male,B+,9775134943
37967,Arjun Patel,21,Male,AB+,9295458904
37968,Sahil Reddy,24,Male,A-,9162069425
37969,Aditya Verma,40,Female,AB+,9434639186
37970,Divya Mehta,29,Female,O-,9203002814
37971,Kavya Gupta,32,Male,O-,9426984206
37972,Riya Verma,39,Female,A+,9320716126
37973,Vikram Verma,33,Male,B-,9171971433
37974,Rahul Sharma,41,Female,A-,9748717959
37975,Neha Reddy,28,Male,O-,9559669299
37976,Aditya Kapoor,58,Male,O-,9524464412
37977,Sahil Mehta,57,Female,AB+,9764507186
37978,Anjali Kapoor,39,Female,O+,9408402036
37979,Divya Kapoor,43,Female,AB-,9561631127
37980,Anjali Gupta,23,Female,O-,9501153682
37981,Divya Reddy,50,Female,O-,9760181401
37982,Vikram Reddy,48,Female,B-,9335255398
37983,Anjali Mehta,19,Female,O-,9621919707
37984,Divya Sharma,33,Female,B+,9923919852
37985,Rahul Singh,27,Female,A-,9265570579
37986,Rohan Sharma,58,Female,AB+,9444388742
37987,Neha Reddy,59,Female,AB-,9609927900
37988,Priya Mehta,40,Male,O-,9839411927
37989,Kavya Gupta,22,Female,AB+,9849161404
37990,Kavya Mehta,46,Female,B+,9359885949
37991,Neha Gupta,34,Female,O-,9274697928
37992,Pooja Kapoor,26,Female,O-,9259511688
37993,Sahil Mehta,32,Female,AB+,9616918475
37994,Anjali Gupta,33,Male,AB+,9582713056
37995,Rohan Reddy,29,Female,B+,9966822718
37996,Riya Verma,21,Female,O+,9574263619
37997,Vikram Patel,47,Male,B+,9365323145
37998,Arjun Sharma,40,Male,A+,9973549630
37999,Divya Mehta,52,Male,O-,9622961273
38000,Aditya Mehta,43,Female,O+,9675755653
38001,Riya Gupta,32,Female,B-,9722952189
38002,Vikram Kapoor,24,Male,AB+,9385997324
38003,Riya Sharma,50,Female,AB+,9756486850
38004,Priya Mehta,53,Male,O-,9428880011
38005,Aditya Patel,36,Female,O-,9248854570
38006,Priya Sharma,52,Male,B-,9351936595
38007,Riya Reddy,28,Female,A-,9449043532
38008,Karan Kapoor,29,Male,AB+,9117077602
38009,Anjali Patel,45,Male,B+,9689517734
38010,Aman Gupta,20,Female,AB-,9826351151
38011,Pooja Reddy,33,Male,O-,9487680004
38012,Sneha Verma,42,Male,B-,9833386824
38013,Kavya Verma,53,Female,A-,9873287841
38014,Rahul Singh,55,Male,AB-,9971369883
38015,Arjun Mehta,47,Female,B+,9397984901
38016,Aman Verma,31,Female,B+,9761993122
38017,Divya Singh,56,Female,O+,9109422878
38018,Pooja Gupta,40,Male,O+,9901788650
38019,Vikram Mehta,29,Female,AB+,9925417925
38020,Aditya Singh,40,Male,B-,9292094898
38021,Neha Gupta,42,Female,B-,9739746929
38022,Divya Verma,57,Male,O-,9230756861
38023,Sneha Mehta,43,Male,AB+,9183032764
38024,Anjali Gupta,55,Male,A-,9791558811
38025,Aditya Kapoor,59,Male,O+,9993851320
38026,Neha Sharma,36,Male,B-,9478643292
38027,Rahul Mehta,43,Male,AB+,9184468511
38028,Anjali Patel,23,Female,A-,9711972225
38029,Neha Gupta,54,Male,B-,9243846850
38030,Sahil Mehta,48,Female,O+,9413752282
38031,Vikram Sharma,42,Male,AB+,9624735556
38032,Kavya Mehta,40,Female,A+,9401358549
38033,Riya Singh,48,Female,B+,9650101159
38034,Aditya Verma,24,Female,AB-,9869852743
38035,Vikram Verma,43,Male,AB-,9964407334
38036,Rohan Singh,31,Male,O-,9566392690
38037,Vikram Mehta,25,Female,A-,9692339180
38038,Kavya Mehta,22,Female,B+,9528736308
38039,Priya Gupta,50,Male,AB-,9640504105
38040,Rohan Reddy,18,Male,O-,9907392370
38041,Aman Gupta,21,Female,A-,9689243519
38042,Pooja Kapoor,28,Female,AB-,9974648923
38043,Aditya Sharma,46,Male,B-,9450551449
38044,Pooja Patel,37,Female,O-,9117995695
38045,Pooja Patel,39,Female,A+,9717099506
38046,Riya Gupta,39,Male,AB+,9936540871
38047,Sneha Verma,49,Male,O-,9254662384
38048,Divya Verma,35,Male,O+,9132453448
38049,Riya Mehta,44,Male,AB-,9892529294
38050,Pooja Verma,56,Female,B+,9888272069
38051,Anjali Kapoor,32,Female,B+,9464671569
38052,Priya Mehta,59,Male,O-,9536118332
38053,Sneha Gupta,24,Female,AB+,9409368788
38054,Rohan Reddy,51,Female,O+,9448255740
38055,Riya Verma,41,Female,B-,9383025357
38056,Kavya Sharma,49,Female,A+,9920775943
38057,Anjali Reddy,54,Male,B-,9701806721
38058,Neha Sharma,49,Female,AB-,9470513918
38059,Aman Patel,44,Female,A-,9395965035
38060,Aditya Reddy,55,Female,B+,9373190000
38061,Aman Kapoor,19,Female,AB-,9414479528
38062,Aman Mehta,56,Female,A-,9888617282
38063,Vikram Kapoor,26,Female,B+,9884515050
38064,Sneha Sharma,22,Male,B+,9634540260
38065,Rohan Mehta,52,Female,AB-,9980504894
38066,Aditya Gupta,48,Male,A-,9508723442
38067,Karan Kapoor,25,Female,A-,9920221309
38068,Sahil Singh,44,Male,B-,9745370484
38069,Aman Patel,26,Female,O+,9110159613
38070,Arjun Verma,46,Male,AB+,9424417882
38071,Arjun Verma,59,Male,A-,9686158502
38072,Vikram Verma,45,Female,A-,9206862350
38073,Pooja Patel,56,Female,O-,9933520728
38074,Divya Singh,56,Female,B-,9310833315
38075,Anjali Patel,54,Female,AB+,9136704189
38076,Divya Singh,46,Male,O-,9602132951
38077,Karan Singh,25,Female,A-,9837837238
38078,Rohan Patel,48,Male,AB+,9362666008
38079,Neha Sharma,45,Male,O+,9484129222
38080,Kavya Verma,36,Female,AB+,9144331087
38081,Sahil Patel,20,Female,O+,9143643990
38082,Karan Kapoor,21,Male,AB-,9858834150
38083,Anjali Kapoor,21,Female,O-,9626988999
38084,Rohan Gupta,56,Female,O+,9868600957
38085,Rohan Reddy,50,Male,AB+,9728606862
38086,Sneha Singh,31,Female,AB-,9811347978
38087,Sneha Verma,20,Female,O-,9651994265
38088,Kavya Verma,52,Female,A-,9483290625
38089,Divya Singh,24,Male,AB+,9192124086
38090,Rahul Patel,55,Male,AB-,9973723474
38091,Aditya Reddy,51,Male,AB+,9389120974
38092,Priya Kapoor,42,Male,A-,9110819675
38093,Divya Singh,21,Male,AB+,9754463052
38094,Rohan Sharma,52,Female,O+,9757394474
38095,Kavya Verma,28,Male,O-,9174768279
38096,Sneha Sharma,48,Female,AB-,9118981079
38097,Divya Singh,44,Female,AB-,9145884384
38098,Priya Verma,36,Male,B+,9286828833
38099,Karan Kapoor,52,Female,B+,9776690986
38100,Karan Mehta,48,Male,B+,9371067069
38101,Sneha Mehta,57,Female,B+,9674470288
38102,Sahil Reddy,21,Female,A-,9208622267
38103,Riya Reddy,37,Female,O-,9263488860
38104,Priya Kapoor,18,Female,AB+,9242379712
38105,Rohan Gupta,20,Male,AB+,9653990871
38106,Rahul Reddy,45,Female,AB-,9435629873
38107,Sneha Gupta,45,Female,AB+,9318846619
38108,Riya Kapoor,50,Female,AB+,9616694335
38109,Divya Verma,59,Male,A+,9616180134
38110,Divya Singh,18,Female,B-,9568608090
38111,Vikram Sharma,51,Female,O-,9318311118
38112,Neha Gupta,43,Female,O-,9953926411
38113,Karan Sharma,46,Male,O+,9493475645
38114,Aditya Gupta,34,Male,B+,9722418138
38115,Anjali Reddy,44,Male,A-,9743204090
38116,Aman Verma,34,Male,B+,9623854715
38117,Rohan Singh,40,Male,B+,9812155606
38118,Kavya Singh,58,Female,B-,9141735792
38119,Priya Kapoor,40,Male,AB-,9771432176
38120,Sneha Reddy,38,Male,AB+,9826648512
38121,Karan Sharma,46,Female,AB+,9849455626
38122,Sneha Verma,50,Male,O+,9496174928
38123,Kavya Gupta,32,Male,O-,9427981221
38124,Divya Patel,42,Male,B-,9427977908
38125,Riya Gupta,40,Male,O-,9307221648
38126,Sneha Patel,37,Male,A-,9714794155
38127,Sahil Sharma,28,Male,O+,9988107281
38128,Kavya Singh,46,Female,O+,9798700887
38129,Sneha Verma,36,Female,A+,9539522308
38130,Rahul Verma,21,Male,B-,9483489040
38131,Anjali Gupta,41,Male,B+,9996448840
38132,Aditya Kapoor,33,Female,O+,9215688615
38133,Aman Patel,25,Female,A+,9263764314
38134,Sahil Patel,30,Female,O+,9632552519
38135,Aman Patel,57,Female,O-,9721980614
38136,Rahul Patel,36,Female,B+,9819631928
38137,Rohan Verma,24,Female,O-,9851212139
38138,Vikram Sharma,30,Female,O-,9264636155
38139,Kavya Verma,30,Female,B+,9466995690
38140,Divya Gupta,37,Male,B+,9777369657
38141,Aman Reddy,38,Female,B+,9762383067
38142,Priya Verma,31,Male,AB-,9487867067
38143,Aditya Kapoor,56,Male,B-,9848696406
38144,Riya Singh,59,Male,A-,9447567565
38145,Neha Kapoor,27,Male,O-,9991326764
38146,Anjali Reddy,44,Male,AB-,9363474822
38147,Karan Sharma,25,Male,O+,9849868154
38148,Sahil Singh,59,Male,O+,9706589078
38149,Karan Patel,39,Male,O+,9759365693
38150,Pooja Reddy,60,Male,O+,9226115047
38151,Neha Singh,34,Male,AB-,9977181970
38152,Sahil Singh,25,Female,AB+,9410815168
38153,Rahul Mehta,34,Female,A-,9590712736
38154,Kavya Reddy,26,Male,O+,9753473997
38155,Sneha Sharma,39,Male,B-,9697456995
38156,Riya Gupta,36,Male,A+,9792184303
38157,Kavya Singh,48,Female,A+,9659450860
38158,Vikram Patel,26,Male,AB-,9174713858
38159,Anjali Patel,49,Female,A+,9725001529
38160,Neha Mehta,51,Female,O-,9684709589
38161,Riya Verma,28,Female,B-,9465131529
38162,Anjali Sharma,20,Male,O+,9941684720
38163,Aditya Kapoor,35,Female,A-,9266019094
38164,Anjali Gupta,22,Female,B-,9468157982
38165,Pooja Reddy,20,Female,A-,9551138636
38166,Neha Verma,49,Female,B+,9726320641
38167,Sneha Kapoor,45,Female,B+,9584595699
38168,Riya Reddy,49,Male,B-,9864242321
38169,Vikram Singh,40,Male,AB-,9608507773
38170,Arjun Mehta,39,Female,O+,9448771908
38171,Kavya Mehta,47,Female,A+,9156519008
38172,Pooja Mehta,29,Female,O+,9961233047
38173,Rahul Patel,38,Female,A-,9827334668
38174,Riya Patel,39,Male,O-,9117015966
38175,Rohan Verma,36,Male,B+,9433869627
38176,Rohan Gupta,51,Male,A+,9110785440
38177,Rahul Reddy,60,Female,B+,9434287560
38178,Arjun Sharma,18,Female,O+,9384930293
38179,Pooja Mehta,33,Female,AB+,9165495424
38180,Sneha Gupta,52,Female,O-,9147108543
38181,Sahil Patel,40,Female,B+,9689496296
38182,Arjun Singh,47,Male,O-,9700938044
38183,Neha Singh,39,Female,A-,9931244085
38184,Divya Kapoor,22,Female,A+,9754817233
38185,Rohan Verma,46,Male,B-,9195802651
38186,Vikram Verma,18,Male,B-,9124413539
38187,Rohan Mehta,27,Male,O+,9185509529
38188,Arjun Singh,38,Female,AB+,9532254213
38189,Divya Verma,25,Male,AB-,9282627140
38190,Sahil Patel,51,Male,O+,9325114470
38191,Aditya Kapoor,46,Male,AB+,9387613544
38192,Priya Singh,42,Female,B+,9165382571
38193,Aman Kapoor,39,Male,O-,9370125540
38194,Divya Mehta,37,Female,AB+,9465406889
38195,Rohan Verma,53,Female,B+,9385522898
38196,Anjali Singh,45,Female,A-,9256565328
38197,Riya Sharma,32,Female,B+,9812230504
38198,Aman Reddy,33,Male,B+,9297763259
38199,Aman Mehta,32,Male,A+,9653347715
38200,Pooja Kapoor,23,Male,A-,9100461511
38201,Arjun Singh,52,Male,O-,9370406966
38202,Priya Singh,40,Male,AB-,9941387284
38203,Arjun Gupta,45,Male,AB-,9943688336
38204,Sneha Sharma,27,Female,B-,9321979429
38205,Karan Reddy,39,Male,O-,9153270758
38206,Aditya Sharma,55,Female,O+,9174194550
38207,Vikram Singh,33,Female,A+,9386594830
38208,Anjali Kapoor,27,Male,O-,9868493007
38209,Neha Gupta,20,Male,AB-,9659153386
38210,Pooja Kapoor,21,Male,B+,9414490765
38211,Aman Patel,52,Female,O+,9240102344
38212,Pooja Verma,30,Female,AB-,9278801819
38213,Sahil Sharma,60,Female,B+,9850054579
38214,Rohan Kapoor,39,Female,O-,9599218775
38215,Aman Patel,60,Male,AB-,9988190590
38216,Vikram Reddy,28,Male,B+,9521618949
38217,Sneha Verma,31,Male,B+,9854942545
38218,Sahil Patel,54,Female,B+,9311905232
38219,Divya Mehta,35,Female,O-,9217343557
38220,Pooja Patel,23,Male,O-,9375027984
38221,Kavya Gupta,43,Female,AB-,9810031853
38222,Aditya Verma,39,Female,O-,9929265961
38223,Aditya Kapoor,33,Female,B+,9740985920
38224,Arjun Reddy,24,Male,B-,9139789014
38225,Kavya Sharma,52,Male,A+,9550569304
38226,Riya Verma,53,Male,O+,9476877254
38227,Sneha Patel,58,Male,AB+,9272844572
38228,Pooja Singh,53,Male,O+,9539378538
38229,Neha Reddy,45,Male,O+,9806104740
38230,Aditya Kapoor,46,Female,A-,9747331658
38231,Arjun Singh,23,Female,A+,9303664953
38232,Divya Gupta,59,Male,AB-,9183090922
38233,Aditya Kapoor,25,Male,A-,9609465668
38234,Divya Sharma,60,Female,O-,9904174335
38235,Rohan Patel,47,Female,B+,9636711790
38236,Pooja Singh,24,Female,O+,9917034645
38237,Anjali Patel,33,Male,B-,9574276970
38238,Priya Mehta,37,Male,O+,9451083004
38239,Rahul Mehta,44,Male,B+,9180700421
38240,Neha Kapoor,38,Female,A-,9968111628
38241,Pooja Reddy,24,Female,B-,9955170380
38242,Sahil Verma,26,Male,AB-,9480065131
38243,Priya Verma,53,Male,B-,9964198871
38244,Rahul Gupta,48,Female,A+,9695367492
38245,Pooja Mehta,39,Female,AB+,9142198648
38246,Arjun Mehta,19,Male,AB+,9900483504
38247,Rohan Sharma,49,Male,AB-,9402793372
38248,Sahil Patel,59,Female,B-,9598316563
38249,Aditya Gupta,40,Female,AB-,9372900142
38250,Sneha Gupta,56,Male,A-,9282765170
38251,Priya Patel,47,Male,O+,9712458975
38252,Divya Verma,38,Female,AB-,9858303500
38253,Pooja Mehta,56,Female,AB+,9482080197
38254,Sneha Mehta,23,Female,O+,9625009884
38255,Arjun Singh,26,Male,AB+,9205873866
38256,Priya Patel,58,Female,A-,9106730275
38257,Priya Sharma,30,Male,A+,9706656159
38258,Arjun Mehta,50,Male,O-,9783660246
38259,Rahul Kapoor,36,Female,O+,9526681351
38260,Neha Verma,31,Female,O-,9781292485
38261,Karan Gupta,53,Female,O+,9561995501
38262,Karan Patel,43,Female,B-,9749544574
38263,Pooja Singh,59,Female,AB-,9173672765
38264,Kavya Reddy,52,Female,O+,9202701848
38265,Rohan Verma,46,Female,A-,9251937879
38266,Rahul Singh,27,Female,A+,9795683299
38267,Arjun Sharma,49,Female,AB+,9204685693
38268,Aditya Verma,27,Female,AB-,9325472291
38269,Vikram Gupta,32,Female,AB-,9181335372
38270,Divya Reddy,37,Male,AB-,9426163037
38271,Sneha Singh,55,Male,AB-,9810605987
38272,Arjun Reddy,54,Female,B+,9806310544
38273,Aman Gupta,30,Female,AB-,9902765564
38274,Priya Sharma,59,Male,O+,9937424004
38275,Pooja Singh,32,Male,B+,9318621659
38276,Rahul Gupta,45,Male,O-,9166649244
38277,Rohan Verma,53,Female,O-,9794687485
38278,Neha Patel,28,Male,B+,9401107856
38279,Rahul Verma,41,Female,B-,9257805181
38280,Rahul Patel,20,Male,A-,9841017687
38281,Divya Kapoor,60,Male,B-,9547512617
38282,Pooja Verma,54,Male,A-,9552345526
38283,Rahul Singh,37,Female,O-,9676262721
38284,Arjun Singh,25,Male,B-,9875672725
38285,Priya Verma,30,Female,O-,9432924649
38286,Priya Reddy,58,Male,O+,9530504895
38287,Arjun Sharma,41,Female,B-,9409552676
38288,Arjun Reddy,36,Male,B+,9440065381
38289,Sahil Patel,37,Male,AB-,9650809772
38290,Riya Singh,41,Female,AB+,9864119885
38291,Sahil Kapoor,20,Female,A+,9768192832
38292,Rahul Verma,51,Female,AB-,9351899589
38293,Priya Gupta,32,Male,A-,9358330159
38294,Divya Gupta,29,Male,B+,9872315359
38295,Aman Patel,50,Female,O-,9224172458
38296,Sneha Mehta,28,Female,AB-,9252524769
38297,Anjali Mehta,52,Female,O-,9320693065
38298,Aman Sharma,35,Female,A-,9248856172
38299,Sahil Verma,24,Female,AB-,9401238202
38300,Karan Sharma,23,Male,B-,9693562278
38301,Arjun Singh,34,Male,O+,9872608687
38302,Divya Gupta,59,Male,O-,9136292736
38303,Sneha Kapoor,55,Male,O-,9948900887
38304,Kavya Verma,20,Female,O-,9263020366
38305,Riya Reddy,49,Female,AB+,9251388556
38306,Divya Reddy,39,Female,A+,9546406619
38307,Aman Verma,32,Male,AB-,9644184989
38308,Kavya Patel,49,Female,O-,9315832853
38309,Karan Kapoor,21,Female,AB+,9407496714
38310,Pooja Sharma,20,Female,AB-,9887705170
38311,Anjali Sharma,43,Male,B-,9742995874
38312,Aditya Verma,43,Male,O-,9549452495
38313,Vikram Mehta,60,Female,AB+,9978496987
38314,Rahul Patel,40,Male,B-,9353264239
38315,Sneha Kapoor,59,Female,A+,9232747472
38316,Aman Verma,41,Male,O+,9901619062
38317,Aditya Reddy,26,Male,O+,9332327299
38318,Divya Kapoor,34,Male,A-,9683120652
38319,Pooja Reddy,25,Male,AB+,9125017293
38320,Priya Mehta,60,Male,O+,9450000270
38321,Arjun Kapoor,59,Male,O-,9816014511
38322,Pooja Gupta,42,Male,AB-,9308556737
38323,Pooja Gupta,54,Female,B-,9698576842
38324,Sneha Kapoor,39,Male,B-,9998264879
38325,Kavya Gupta,29,Female,A+,9920945942
38326,Arjun Verma,24,Male,O-,9612430323
38327,Vikram Mehta,50,Female,AB-,9816420391
38328,Vikram Gupta,36,Female,A+,9459147906
38329,Karan Singh,26,Male,O-,9952288763
38330,Riya Sharma,25,Female,B+,9863110808
38331,Rahul Verma,37,Male,O-,9759242312
38332,Sneha Verma,44,Male,A+,9357585375
38333,Sneha Reddy,40,Male,A-,9299105931
38334,Anjali Gupta,28,Female,B-,9607010302
38335,Karan Kapoor,42,Female,O-,9566779628
38336,Aditya Gupta,43,Male,O+,9322687387
38337,Aditya Verma,26,Male,AB+,9898438939
38338,Riya Reddy,23,Male,B-,9978603676
38339,Karan Sharma,50,Male,A+,9928990392
38340,Priya Patel,47,Female,A-,9122484071
38341,Pooja Kapoor,33,Male,B-,9215025163
38342,Priya Mehta,32,Female,B-,9994583359
38343,Arjun Sharma,28,Male,B-,9980641710
38344,Kavya Gupta,38,Male,O-,9126518076
38345,Sahil Verma,24,Male,A+,9441220032
38346,Arjun Gupta,22,Female,O-,9269842657
38347,Vikram Patel,28,Male,AB+,9296495719
38348,Arjun Singh,29,Female,O+,9729031332
38349,Neha Mehta,24,Female,B+,9734097929
38350,Vikram Singh,58,Female,B+,9755595170
38351,Riya Verma,33,Female,B-,9102605764
38352,Aman Reddy,42,Male,O-,9822365212
38353,Riya Singh,27,Female,A+,9969865160
38354,Anjali Reddy,51,Female,B-,9314426468
38355,Sneha Verma,41,Female,B+,9989554501
38356,Rohan Sharma,60,Male,B+,9935281027
38357,Sahil Mehta,52,Male,AB-,9890033309
38358,Anjali Patel,41,Female,B-,9414723127
38359,Rahul Reddy,50,Male,O-,9665851574
38360,Karan Reddy,35,Female,A-,9642074766
38361,Priya Patel,55,Male,B-,9461683914
38362,Kavya Sharma,49,Male,A-,9600552674
38363,Kavya Verma,34,Male,A+,9946759960
38364,Aditya Sharma,51,Male,A+,9528528175
38365,Rohan Patel,43,Male,B-,9857677817
38366,Sahil Reddy,39,Male,A-,9204549033
38367,Sahil Patel,42,Female,A+,9244033295
38368,Anjali Sharma,37,Female,B-,9494732109
38369,Pooja Singh,28,Male,O-,9157102798
38370,Pooja Gupta,55,Female,O-,9687999365
38371,Vikram Singh,27,Female,AB+,9129231484
38372,Arjun Mehta,43,Male,O-,9278080541
38373,Arjun Verma,36,Female,A+,9898472122
38374,Aditya Mehta,48,Female,O-,9281822477
38375,Riya Mehta,34,Male,A-,9419362317
38376,Rohan Reddy,53,Male,AB+,9937011579
38377,Karan Singh,31,Male,O+,9809836729
38378,Sneha Reddy,48,Male,B+,9666392541
38379,Sahil Reddy,55,Female,AB-,9794501148
38380,Vikram Verma,51,Male,AB-,9786762388
38381,Sahil Verma,31,Female,A+,9421595566
38382,Karan Verma,51,Male,B-,9288051203
38383,Pooja Sharma,22,Male,AB-,9311556410
38384,Aman Gupta,24,Female,B+,9574035190
38385,Arjun Verma,57,Female,AB+,9254948415
38386,Rahul Kapoor,49,Female,A+,9857038674
38387,Divya Patel,41,Male,AB-,9833443094
38388,Aman Verma,53,Female,AB+,9377243082
38389,Sahil Kapoor,18,Male,O+,9201190476
38390,Karan Verma,39,Female,B-,9695330677
38391,Divya Kapoor,44,Female,AB+,9790487594
38392,Priya Sharma,57,Male,O-,9744814018
38393,Neha Singh,53,Male,B-,9335774481
38394,Kavya Verma,44,Female,A+,9760287217
38395,Riya Verma,24,Male,AB-,9994254299
38396,Anjali Gupta,32,Male,AB+,9534279426
38397,Aditya Patel,48,Male,O-,9717801722
38398,Aditya Singh,32,Female,A+,9294213892
38399,Aman Gupta,55,Female,AB+,9372840366
38400,Neha Reddy,43,Female,O-,9996085770
38401,Karan Sharma,46,Female,B+,9494504790
38402,Sneha Verma,41,Female,AB+,9281794604
38403,Priya Reddy,55,Male,O+,9667945770
38404,Arjun Gupta,39,Male,B-,9434210752
38405,Priya Reddy,39,Male,B-,9638555777
38406,Vikram Verma,49,Female,O+,9816245156
38407,Karan Reddy,29,Female,A+,9377702317
38408,Anjali Mehta,34,Female,O-,9154103812
38409,Vikram Sharma,28,Male,A-,9890064418
38410,Aditya Patel,35,Female,A-,9953933189
38411,Aditya Patel,58,Male,AB-,9381129082
38412,Pooja Reddy,28,Female,O+,9152925604
38413,Priya Gupta,45,Female,AB+,9137684839
38414,Kavya Sharma,52,Female,A+,9918035995
38415,Kavya Singh,18,Male,A+,9949878526
38416,Sneha Sharma,47,Female,A+,9930221452
38417,Karan Kapoor,38,Male,AB+,9215820572
38418,Anjali Kapoor,28,Male,AB+,9733860148
38419,Vikram Verma,33,Female,A-,9247462935
38420,Arjun Singh,23,Female,A-,9712445201
38421,Anjali Verma,55,Male,O-,9317062422
38422,Divya Singh,38,Male,O-,9957442795
38423,Rohan Sharma,49,Female,B-,9785944167
38424,Karan Patel,34,Female,O+,9300316212
38425,Divya Singh,57,Male,AB-,9703241191
38426,Rohan Patel,58,Male,O+,9163920494
38427,Divya Singh,40,Female,O+,9857962307
38428,Karan Kapoor,35,Female,O-,9364959118
38429,Priya Verma,34,Male,A+,9283415963
38430,Vikram Reddy,42,Female,AB-,9293686715
38431,Pooja Singh,30,Female,A-,9238687152
38432,Anjali Singh,45,Female,O+,9770850698
38433,Divya Reddy,49,Male,AB-,9461924324
38434,Neha Reddy,49,Female,B-,9761035879
38435,Anjali Gupta,38,Female,AB-,9639692135
38436,Aman Verma,48,Male,B+,9990133193
38437,Anjali Mehta,18,Male,B-,9950161444
38438,Aditya Patel,37,Female,B-,9788346990
38439,Karan Kapoor,58,Female,B+,9642048140
38440,Anjali Gupta,20,Male,O+,9233560796
38441,Anjali Reddy,27,Female,A-,9419341216
38442,Divya Gupta,29,Female,A-,9276967680
38443,Kavya Mehta,22,Male,AB+,9436754830
38444,Kavya Kapoor,52,Male,A+,9545124740
38445,Karan Kapoor,24,Male,AB-,9520013890
38446,Sahil Gupta,20,Female,AB+,9582050740
38447,Aman Patel,38,Male,O-,9920743729
38448,Sahil Gupta,49,Female,A+,9670670194
38449,Anjali Patel,24,Female,AB+,9957927428
38450,Rohan Singh,52,Female,O-,9662429354
38451,Priya Reddy,33,Female,O-,9348495234
38452,Aditya Reddy,44,Female,O-,9363484573
38453,Rahul Patel,50,Female,B+,9355062152
38454,Priya Patel,24,Male,B-,9521278810
38455,Pooja Kapoor,43,Male,AB-,9828032761
38456,Divya Reddy,46,Male,A-,9435776128
38457,Riya Reddy,37,Male,AB+,9865958917
38458,Kavya Sharma,38,Female,A-,9413411163
38459,Rohan Singh,20,Female,O-,9215834089
38460,Neha Mehta,55,Female,A-,9896713655
38461,Arjun Patel,25,Male,B-,9994111477
38462,Aditya Singh,45,Female,AB-,9609380963
38463,Pooja Mehta,48,Female,B-,9535037558
38464,Aman Sharma,23,Female,B+,9852567377
38465,Arjun Patel,18,Female,AB+,9747282393
38466,Sahil Sharma,42,Male,O-,9966765223
38467,Vikram Singh,37,Female,A-,9622623278
38468,Aman Verma,31,Male,A-,9137546474
38469,Sneha Gupta,54,Female,A-,9341391313
38470,Sneha Sharma,40,Female,B-,9956711431
38471,Aditya Sharma,23,Female,O-,9180028795
38472,Priya Gupta,25,Male,AB+,9325015126
38473,Kavya Sharma,28,Female,O+,9428118926
38474,Kavya Reddy,23,Female,O-,9430692309
38475,Rohan Kapoor,31,Female,AB-,9885251272
38476,Karan Gupta,48,Female,AB-,9914628637
38477,Kavya Gupta,51,Male,AB+,9297650975
38478,Rahul Kapoor,33,Female,B-,9892431126
38479,Pooja Gupta,28,Male,B-,9212122877
38480,Neha Gupta,31,Female,A-,9677683602
38481,Aditya Verma,43,Female,AB+,9205826134
38482,Karan Gupta,46,Male,A+,9611040250
38483,Arjun Verma,49,Male,A+,9893648462
38484,Divya Sharma,27,Male,A-,9855445942
38485,Aman Patel,57,Male,B+,9149315298
38486,Riya Gupta,39,Female,AB-,9368301112
38487,Rahul Singh,52,Female,AB-,9776786690
38488,Arjun Gupta,29,Female,O+,9180395512
38489,Rahul Patel,35,Female,O-,9121113768
38490,Pooja Kapoor,38,Female,B-,9521815858
38491,Arjun Kapoor,32,Female,AB-,9616948123
38492,Rohan Verma,38,Female,A-,9749080460
38493,Rahul Sharma,50,Female,AB-,9169404375
38494,Sneha Gupta,55,Male,B+,9634858941
38495,Vikram Sharma,19,Female,A+,9643919884
38496,Anjali Verma,19,Male,B+,9982022051
38497,Vikram Gupta,40,Female,B+,9574650346
38498,Karan Reddy,36,Male,AB-,9790605922
38499,Anjali Singh,41,Male,A+,9904705530
38500,Neha Sharma,20,Male,A-,9924615065
38501,Vikram Kapoor,34,Male,AB+,9798527758
38502,Priya Kapoor,41,Male,O+,9399184588
38503,Priya Verma,46,Female,AB+,9976181013
38504,Sahil Patel,48,Female,A+,9749759378
38505,Riya Kapoor,46,Female,O-,9258860702
38506,Kavya Reddy,26,Male,A-,9714361226
38507,Vikram Verma,50,Male,AB-,9911535436
38508,Aman Reddy,33,Female,AB+,9325686394
38509,Kavya Reddy,50,Male,O-,9214019855
38510,Aditya Gupta,40,Female,O+,9632583692
38511,Arjun Reddy,38,Male,O+,9304139666
38512,Neha Mehta,53,Male,A-,9158203949
38513,Aman Verma,50,Male,A-,9304679567
38514,Aman Singh,23,Male,A+,9311998720
38515,Sneha Mehta,46,Male,B+,9269447405
38516,Sneha Sharma,59,Female,B-,9371294066
38517,Riya Mehta,55,Male,B+,9311762185
38518,Pooja Verma,39,Female,O+,9432542961
38519,Neha Verma,60,Female,A+,9667737945
38520,Kavya Gupta,52,Female,AB-,9738511888
38521,Arjun Kapoor,25,Female,A+,9274235465
38522,Neha Gupta,42,Female,B+,9854107819
38523,Vikram Patel,24,Female,O-,9138298709
38524,Karan Sharma,57,Male,A+,9371930304
38525,Aditya Patel,25,Female,O-,9176568927
38526,Aman Verma,51,Female,O-,9881120693
38527,Vikram Gupta,19,Female,A+,9370522441
38528,Rohan Verma,55,Female,O+,9291446056
38529,Arjun Singh,21,Male,A+,9532844909
38530,Rohan Kapoor,37,Female,O-,9873677995
38531,Sahil Verma,43,Male,A+,9699952798
38532,Kavya Patel,41,Female,B+,9299505960
38533,Divya Gupta,40,Female,O-,9122542353
38534,Kavya Singh,53,Female,O+,9501494483
38535,Sneha Verma,45,Female,O-,9286540332
38536,Neha Sharma,38,Male,O-,9416214910
38537,Vikram Singh,28,Male,O-,9775552955
38538,Kavya Verma,52,Female,A-,9636457719
38539,Riya Patel,53,Male,A+,9460860292
38540,Kavya Singh,49,Male,AB+,9152828726
38541,Priya Sharma,47,Male,B-,9355396980
38542,Rohan Sharma,21,Male,A-,9656132370
38543,Priya Singh,34,Male,AB-,9129963695
38544,Rahul Sharma,39,Male,AB-,9557081134
38545,Vikram Kapoor,23,Female,O+,9932161156
38546,Sneha Gupta,21,Female,B+,9290742397
38547,Sneha Patel,19,Female,O+,9146363960
38548,Priya Gupta,44,Male,B-,9226542182
38549,Kavya Gupta,36,Female,AB+,9394820634
38550,Rahul Verma,46,Male,O-,9119686002
38551,Sahil Patel,38,Female,B+,9866330075
38552,Anjali Kapoor,23,Female,B+,9610474406
38553,Karan Mehta,50,Female,B-,9898914462
38554,Pooja Mehta,57,Female,B+,9823776229
38555,Pooja Gupta,32,Female,B-,9335877772
38556,Anjali Gupta,28,Female,A-,9807563949
38557,Kavya Sharma,18,Female,O+,9339590169
38558,Pooja Singh,28,Female,B-,9191928661
38559,Anjali Gupta,40,Female,O+,9864444697
38560,Karan Singh,21,Female,B-,9432499343
38561,Divya Reddy,20,Female,AB+,9146365325
38562,Aman Gupta,53,Female,A-,9672961399
38563,Rahul Sharma,28,Female,A-,9302738900
38564,Kavya Singh,19,Male,B+,9658697259
38565,Divya Sharma,25,Female,B+,9417235713
38566,Pooja Verma,18,Female,B+,9366877894
38567,Neha Kapoor,49,Male,A+,9834653361
38568,Divya Verma,44,Male,A+,9753002646
38569,Rohan Verma,23,Male,B+,9305596012
38570,Anjali Kapoor,57,Male,B-,9577742353
38571,Priya Reddy,34,Male,O+,9818073130
38572,Riya Patel,32,Male,O-,9640119161
38573,Divya Verma,53,Male,AB-,9496241621
38574,Kavya Kapoor,36,Female,O-,9758552033
38575,Neha Kapoor,57,Female,O-,9999241899
38576,Kavya Gupta,24,Male,O+,9251733372
38577,Karan Mehta,48,Female,B-,9854933765
38578,Pooja Sharma,23,Male,AB+,9814434809
38579,Aman Kapoor,37,Male,A+,9469821546
38580,Neha Patel,50,Male,AB+,9953941047
38581,Karan Mehta,19,Female,O-,9372460547
38582,Riya Sharma,48,Male,A+,9339931116
38583,Karan Gupta,36,Female,AB-,9989376696
38584,Rohan Gupta,43,Female,O+,9145493475
38585,Neha Verma,43,Male,B+,9250668863
38586,Riya Singh,44,Male,O-,9510260910
38587,Pooja Gupta,34,Male,O+,9724027151
38588,Divya Reddy,45,Male,AB-,9538703622
38589,Divya Gupta,19,Female,B-,9721476134
38590,Neha Patel,25,Male,AB-,9806536144
38591,Kavya Reddy,58,Female,A-,9513251655
38592,Arjun Reddy,43,Female,A+,9999135098
38593,Aditya Gupta,35,Male,O-,9274537906
38594,Anjali Reddy,56,Female,O-,9344975138
38595,Aman Sharma,21,Male,AB+,9211416087
38596,Arjun Singh,43,Male,AB-,9361424398
38597,Rahul Verma,24,Female,B+,9970263825
38598,Anjali Patel,25,Male,AB+,9289869016
38599,Riya Singh,32,Female,B+,9906282088
38600,Riya Sharma,39,Male,B+,9434243535
38601,Priya Sharma,41,Female,AB-,9519868305
38602,Kavya Patel,45,Male,A+,9799560704
38603,Karan Patel,44,Female,O+,9792532008
38604,Karan Reddy,32,Female,AB+,9702996484
38605,Rohan Patel,32,Male,O-,9804417207
38606,Divya Reddy,58,Female,AB+,9751120410
38607,Priya Gupta,59,Female,B+,9578743380
38608,Vikram Kapoor,47,Male,B-,9687312450
38609,Divya Gupta,26,Male,AB-,9877799243
38610,Aditya Kapoor,56,Female,A+,9492149876
38611,Priya Reddy,42,Male,AB+,9801078397
38612,Priya Gupta,47,Male,B+,9365904296
38613,Anjali Singh,34,Female,B-,9838709844
38614,Anjali Gupta,37,Female,AB+,9277414207
38615,Aman Patel,55,Male,AB-,9720966831
38616,Rohan Patel,23,Male,B+,9474507615
38617,Pooja Gupta,30,Female,A-,9147011501
38618,Pooja Singh,59,Male,B+,9414989317
38619,Aman Gupta,27,Female,B+,9388769579
38620,Divya Kapoor,49,Male,B-,9135491621
38621,Rahul Mehta,42,Male,O-,9905915582
38622,Aman Mehta,41,Male,O+,9476928452
38623,Karan Gupta,22,Male,O+,9337349474
38624,Neha Patel,58,Male,A+,9275748966
38625,Aman Kapoor,27,Female,AB-,9554968638
38626,Kavya Patel,46,Male,B+,9275330358
38627,Priya Singh,28,Female,A-,9345515803
38628,Sahil Verma,52,Male,A+,9923936586
38629,Karan Gupta,32,Female,O-,9832649950
38630,Anjali Reddy,45,Female,O+,9871092057
38631,Kavya Reddy,45,Male,B+,9666019447
38632,Priya Sharma,50,Female,AB-,9815222983
38633,Sneha Gupta,48,Male,B+,9186667372
38634,Aman Mehta,29,Male,B+,9431843044
38635,Riya Singh,31,Female,O-,9967135413
38636,Neha Verma,32,Female,A-,9473053918
38637,Pooja Mehta,29,Male,AB+,9369437552
38638,Priya Singh,50,Female,A-,9970100654
38639,Riya Mehta,41,Male,B-,9370654124
38640,Rahul Mehta,50,Female,AB-,9417307024
38641,Priya Verma,51,Female,A-,9130670166
38642,Divya Gupta,58,Female,A-,9641624127
38643,Aman Reddy,28,Female,AB-,9847958902
38644,Anjali Kapoor,27,Female,B-,9206958395
38645,Rohan Verma,33,Male,B-,9565635842
38646,Divya Reddy,47,Male,B+,9771027589
38647,Riya Gupta,36,Male,A-,9386781131
38648,Rohan Singh,41,Female,AB-,9349408976
38649,Riya Reddy,34,Male,O-,9655079875
38650,Rohan Patel,47,Male,A+,9722382885
38651,Arjun Sharma,43,Female,AB-,9625910562
38652,Pooja Mehta,54,Male,A+,9600664395
38653,Kavya Sharma,31,Female,O-,9277525721
38654,Rahul Patel,46,Female,O+,9173747380
38655,Sahil Patel,25,Female,AB-,9542235802
38656,Neha Mehta,24,Male,AB+,9103891961
38657,Karan Patel,54,Female,AB-,9622124473
38658,Aman Patel,48,Male,A-,9396854090
38659,Sahil Verma,49,Male,A-,9133169571
38660,Sahil Singh,21,Male,A+,9767851592
38661,Kavya Verma,53,Female,A+,9364889033
38662,Aditya Reddy,49,Male,A+,9499951111
38663,Divya Kapoor,58,Female,O-,9872140522
38664,Rohan Sharma,42,Female,B+,9786779958
38665,Aditya Reddy,44,Male,O+,9211513605
38666,Vikram Gupta,27,Female,B-,9289282730
38667,Rohan Reddy,55,Male,O-,9833879399
38668,Sahil Verma,25,Male,O+,9510384438
38669,Vikram Patel,37,Female,O+,9438600108
38670,Rahul Reddy,44,Male,O+,9504526755
38671,Pooja Kapoor,31,Female,AB-,9452956566
38672,Rahul Kapoor,19,Male,A-,9856451240
38673,Karan Reddy,28,Female,AB-,9269651766
38674,Sneha Reddy,50,Female,A-,9671957063
38675,Rahul Singh,57,Male,A-,9808552573
38676,Kavya Patel,46,Female,B+,9414180532
38677,Arjun Kapoor,50,Female,AB-,9487120476
38678,Divya Verma,56,Male,A-,9505589813
38679,Divya Patel,31,Female,A+,9954775797
38680,Pooja Singh,54,Male,O-,9535244485
38681,Arjun Mehta,44,Male,A+,9202691011
38682,Sneha Kapoor,57,Male,AB-,9352161744
38683,Divya Sharma,58,Male,AB+,9390141217
38684,Anjali Singh,42,Female,B-,9489412195
38685,Pooja Singh,38,Male,B+,9531523271
38686,Anjali Sharma,54,Female,O+,9392745166
38687,Aditya Kapoor,40,Male,O-,9957053262
38688,Rahul Kapoor,19,Female,O-,9741000586
38689,Aditya Patel,34,Female,A-,9649929266
38690,Rohan Reddy,19,Male,O+,9935432259
38691,Aditya Kapoor,51,Female,A+,9761580803
38692,Aditya Kapoor,58,Male,AB-,9811617665
38693,Sahil Verma,22,Male,B+,9493876776
38694,Vikram Mehta,49,Female,B-,9991066885
38695,Arjun Patel,31,Female,B-,9560212544
38696,Sneha Reddy,28,Female,AB-,9663063775
38697,Anjali Kapoor,42,Female,B+,9481775404
38698,Sneha Reddy,23,Male,O-,9389116385
38699,Divya Gupta,30,Male,AB+,9109241233
38700,Divya Reddy,41,Female,AB+,9447168961
38701,Priya Gupta,56,Male,B-,9783184326
38702,Kavya Patel,50,Male,AB+,9649923923
38703,Divya Gupta,50,Female,A+,9881332011
38704,Riya Singh,48,Female,B-,9848893051
38705,Riya Patel,32,Female,B-,9523575807
38706,Karan Singh,32,Female,B+,9397327323
38707,Aditya Kapoor,59,Male,O-,9439326800
38708,Rahul Mehta,21,Male,O+,9434156881
38709,Aditya Gupta,46,Male,O-,9491276819
38710,Anjali Gupta,38,Male,B-,9710931997
38711,Arjun Reddy,39,Female,A+,9258418578
38712,Rohan Verma,21,Female,O-,9337091694
38713,Anjali Sharma,59,Female,B+,9466432084
38714,Karan Sharma,56,Male,AB-,9906645316
38715,Vikram Reddy,39,Female,B+,9607170828
38716,Karan Kapoor,41,Male,AB+,9640095730
38717,Pooja Kapoor,18,Male,A+,9675543014
38718,Divya Patel,20,Male,O-,9686068149
38719,Divya Sharma,56,Male,B+,9487612637
38720,Priya Sharma,60,Female,AB+,9723314533
38721,Sneha Singh,55,Female,AB+,9388583957
38722,Riya Kapoor,41,Female,AB+,9736153154
38723,Pooja Reddy,29,Male,B+,9190371947
38724,Sahil Reddy,39,Male,B-,9673652330
38725,Karan Kapoor,49,Female,AB-,9895543183
38726,Divya Patel,20,Male,AB-,9781259006
38727,Neha Gupta,57,Male,A-,9384976229
38728,Neha Singh,25,Male,B-,9749063601
38729,Sahil Singh,59,Male,AB-,9114553540
38730,Anjali Verma,21,Female,B+,9401286184
38731,Rohan Sharma,43,Female,B-,9257699884
38732,Rahul Mehta,57,Female,B-,9832135772
38733,Aman Sharma,56,Male,A+,9227840114
38734,Sahil Reddy,22,Male,O-,9945194760
38735,Aman Gupta,35,Female,A+,9882230916
38736,Arjun Sharma,32,Male,A+,9707585385
38737,Kavya Reddy,21,Male,A-,9808907778
38738,Rohan Mehta,53,Male,A-,9723015132
38739,Rohan Singh,28,Male,A+,9930038796
38740,Arjun Reddy,28,Female,AB-,9553117529
38741,Neha Reddy,55,Male,AB-,9361871118
38742,Riya Mehta,42,Female,AB-,9588367787
38743,Kavya Sharma,46,Male,AB+,9700686071
38744,Vikram Gupta,47,Male,AB+,9157037098
38745,Rahul Patel,31,Female,A-,9349898876
38746,Kavya Sharma,46,Male,B+,9970439370
38747,Arjun Gupta,20,Male,B+,9529054887
38748,Pooja Gupta,53,Male,B+,9167235523
38749,Pooja Reddy,32,Female,AB+,9718597944
38750,Kavya Sharma,60,Male,AB-,9869149076
38751,Rohan Sharma,48,Male,B-,9664786921
38752,Vikram Kapoor,27,Female,O+,9541497447
38753,Rohan Kapoor,48,Female,B+,9690108946
38754,Anjali Verma,36,Male,AB+,9891138399
38755,Rohan Kapoor,41,Female,O-,9403517705
38756,Priya Gupta,47,Male,B+,9743580968
38757,Sahil Singh,19,Female,A-,9792860162
38758,Arjun Gupta,25,Male,A-,9677147028
38759,Sneha Verma,53,Male,O-,9446763821
38760,Vikram Mehta,31,Female,A+,9926057252
38761,Riya Patel,34,Female,B-,9373394596
38762,Rohan Singh,58,Male,B+,9595727166
38763,Arjun Gupta,26,Male,A-,9752204696
38764,Arjun Gupta,55,Male,A-,9905548272
38765,Riya Reddy,31,Male,B+,9377509575
38766,Neha Gupta,37,Male,O-,9341463666
38767,Arjun Sharma,45,Male,B+,9584872185
38768,Rohan Verma,40,Female,AB-,9979620384
38769,Priya Sharma,48,Female,B+,9468134078
38770,Sahil Reddy,30,Male,B+,9666416147
38771,Karan Mehta,39,Male,O+,9186363212
38772,Sahil Singh,41,Female,A-,9420314617
38773,Pooja Sharma,45,Male,B-,9255669712
38774,Aman Mehta,34,Male,O-,9646800264
38775,Neha Mehta,56,Male,A+,9154531788
38776,Priya Mehta,48,Female,AB-,9457612820
38777,Pooja Reddy,57,Male,O-,9140269004
38778,Anjali Sharma,31,Male,O-,9839349598
38779,Pooja Singh,19,Male,AB-,9990780870
38780,Rohan Reddy,40,Male,O+,9620846589
38781,Priya Verma,53,Male,AB-,9247943646
38782,Karan Sharma,33,Male,A-,9167354132
38783,Pooja Gupta,57,Male,O+,9809342032
38784,Rahul Mehta,39,Female,A-,9295201140
38785,Kavya Verma,55,Female,O-,9264431969
38786,Sahil Mehta,38,Male,O+,9679980306
38787,Aman Patel,42,Female,A+,9230614215
38788,Riya Patel,37,Male,A+,9885116831
38789,Neha Kapoor,50,Male,O+,9206157067
38790,Aditya Mehta,44,Female,B+,9962568803
38791,Rahul Kapoor,24,Female,B-,9759936713
38792,Aman Reddy,18,Female,O-,9931613400
38793,Vikram Mehta,56,Male,A+,9540535437
38794,Riya Kapoor,36,Male,AB-,9631197010
38795,Sneha Verma,56,Male,B+,9447445029
38796,Arjun Gupta,23,Male,O-,9344287369
38797,Priya Patel,51,Male,O-,9384479534
38798,Karan Verma,52,Female,O+,9619103100
38799,Sahil Sharma,51,Male,A+,9364884576
38800,Rohan Mehta,55,Female,B+,9428796061
38801,Karan Mehta,38,Male,A-,9808519198
38802,Aman Kapoor,57,Male,A-,9652266784
38803,Sahil Verma,59,Male,O+,9111502209
38804,Sneha Mehta,24,Male,AB-,9238174156
38805,Priya Singh,29,Female,O+,9202761664
38806,Riya Reddy,18,Female,B+,9298762944
38807,Anjali Sharma,46,Male,B+,9970154492
38808,Pooja Verma,42,Female,A+,9903702296
38809,Priya Singh,48,Female,AB-,9724348086
38810,Divya Verma,27,Male,O+,9742809023
38811,Sneha Reddy,44,Male,A+,9411555815
38812,Aman Kapoor,25,Male,AB-,9433332113
38813,Arjun Singh,54,Male,B-,9592989381
38814,Vikram Singh,43,Male,B-,9635725046
38815,Vikram Kapoor,22,Female,AB+,9207780975
38816,Arjun Patel,42,Male,AB-,9547135413
38817,Anjali Patel,59,Female,O-,9609941247
38818,Divya Gupta,29,Male,B-,9869061750
38819,Divya Sharma,48,Male,A-,9287473913
38820,Rahul Sharma,47,Male,O+,9880967337
38821,Divya Gupta,38,Male,O+,9684180942
38822,Arjun Patel,30,Male,A+,9285013670
38823,Neha Patel,52,Male,A-,9571012643
38824,Aman Reddy,49,Male,AB-,9303086706
38825,Karan Singh,45,Male,AB+,9605713690
38826,Riya Kapoor,38,Male,A+,9389973342
38827,Pooja Patel,28,Male,A-,9951583243
38828,Vikram Sharma,32,Male,AB+,9500301165
38829,Sneha Patel,48,Male,O+,9888847043
38830,Karan Kapoor,25,Male,B-,9846805629
38831,Divya Reddy,48,Female,O+,9631529028
38832,Anjali Gupta,20,Female,A+,9902258820
38833,Vikram Patel,42,Male,A-,9679677219
38834,Rohan Sharma,29,Male,O+,9866116052
38835,Rahul Kapoor,58,Female,A+,9334279733
38836,Pooja Patel,29,Female,O+,9568054245
38837,Rohan Reddy,47,Male,A-,9661452619
38838,Neha Patel,42,Male,AB+,9254939897
38839,Kavya Kapoor,50,Male,O+,9296005402
38840,Rohan Sharma,59,Male,A-,9559704436
38841,Divya Reddy,49,Female,AB+,9361523671
38842,Arjun Gupta,44,Female,AB-,9873980148
38843,Rahul Patel,19,Female,AB+,9341259761
38844,Rohan Kapoor,32,Female,B-,9201679022
38845,Rahul Gupta,60,Female,A+,9183193653
38846,Anjali Reddy,42,Male,A+,9402346660
38847,Vikram Patel,25,Male,O+,9313899432
38848,Pooja Singh,38,Female,O-,9820609901
38849,Sahil Reddy,22,Female,O+,9106526317
38850,Anjali Gupta,60,Female,B-,9511057696
38851,Priya Patel,22,Male,A-,9345205621
38852,Sahil Sharma,50,Male,B-,9413620825
38853,Sneha Sharma,52,Female,B-,9547042971
38854,Pooja Gupta,59,Male,A+,9680108840
38855,Neha Sharma,26,Female,A-,9707123369
38856,Sneha Sharma,57,Male,O+,9411342893
38857,Priya Mehta,50,Male,AB-,9448057677
38858,Anjali Gupta,38,Male,B-,9710938777
38859,Divya Kapoor,27,Female,B+,9942860250
38860,Karan Sharma,21,Male,B+,9578755856
38861,Rahul Patel,21,Female,A-,9500900196
38862,Priya Reddy,18,Male,AB+,9857599801
38863,Rahul Gupta,51,Male,O+,9685293317
38864,Neha Verma,41,Female,AB+,9372023916
38865,Rahul Reddy,29,Male,AB-,9185132766
38866,Neha Singh,39,Female,B+,9131133387
38867,Kavya Patel,19,Female,AB+,9196290700
38868,Vikram Verma,26,Male,AB+,9784158666
38869,Aman Kapoor,50,Male,B+,9350397321
38870,Anjali Gupta,57,Female,AB-,9264395825
38871,Kavya Mehta,32,Male,B-,9395650917
38872,Riya Patel,47,Female,B-,9868128143
38873,Sahil Reddy,19,Female,B-,9392363705
38874,Kavya Reddy,49,Male,O+,9856411140
38875,Riya Sharma,50,Female,AB-,9524083300
38876,Karan Kapoor,59,Male,B-,9521077388
38877,Rohan Sharma,34,Male,AB+,9761063717
38878,Rohan Sharma,52,Female,AB+,9699204393
38879,Riya Gupta,35,Female,B+,9911328456
38880,Neha Kapoor,44,Male,B+,9379150575
38881,Rohan Verma,18,Male,AB+,9984259495
38882,Vikram Gupta,31,Female,A+,9855652075
38883,Karan Singh,60,Male,A-,9556905883
38884,Arjun Sharma,41,Female,B-,9551733187
38885,Rahul Sharma,29,Male,B+,9596134223
38886,Kavya Verma,49,Female,A+,9788197309
38887,Aman Gupta,58,Female,AB-,9852897067
38888,Sneha Reddy,26,Female,O+,9752342536
38889,Kavya Sharma,32,Male,O+,9877565844
38890,Riya Gupta,48,Female,O-,9635156532
38891,Rohan Singh,55,Female,AB-,9190568830
38892,Riya Sharma,19,Male,O+,9981307814
38893,Neha Reddy,60,Female,A+,9188481273
38894,Aditya Kapoor,41,Male,B+,9252636544
38895,Sahil Reddy,54,Female,A-,9980287297
38896,Riya Sharma,25,Female,AB+,9973731267
38897,Arjun Kapoor,35,Male,AB+,9997387021
38898,Priya Kapoor,32,Female,AB+,9585830213
38899,Rohan Reddy,41,Female,B+,9153005258
38900,Sahil Singh,22,Female,B-,9631703385
38901,Kavya Gupta,30,Female,A-,9184979651
38902,Divya Mehta,40,Male,B-,9771180317
38903,Pooja Patel,59,Male,O-,9503982190
38904,Rohan Singh,33,Male,B+,9328234544
38905,Rahul Kapoor,60,Male,O+,9680335268
38906,Arjun Reddy,56,Female,AB+,9918285789
38907,Divya Mehta,24,Female,AB-,9389868536
38908,Aditya Sharma,32,Female,B+,9381426956
38909,Kavya Singh,31,Female,A-,9261943680
38910,Aditya Kapoor,47,Male,B-,9538432160
38911,Rohan Reddy,39,Female,B+,9412792605
38912,Pooja Gupta,33,Male,O+,9864875341
38913,Arjun Sharma,40,Male,O-,9709174915
38914,Neha Patel,33,Male,B-,9517984408
38915,Anjali Mehta,46,Male,O-,9924927724
38916,Arjun Sharma,49,Male,A+,9578334924
38917,Rahul Verma,30,Male,O-,9668285493
38918,Sahil Gupta,40,Male,AB-,9978322460
38919,Aman Reddy,36,Female,AB-,9481545893
38920,Sneha Kapoor,38,Male,O+,9745940195
38921,Divya Singh,35,Female,AB+,9460838558
38922,Rahul Gupta,51,Female,A-,9562938905
38923,Pooja Mehta,37,Female,B+,9671724304
38924,Aditya Gupta,21,Male,O-,9599765499
38925,Vikram Sharma,23,Female,AB-,9563679693
38926,Aman Gupta,19,Female,O-,9326815321
38927,Vikram Mehta,56,Female,AB+,9555153521
38928,Divya Verma,42,Female,AB-,9983366045
38929,Anjali Gupta,52,Male,B+,9738128949
38930,Arjun Sharma,56,Male,AB-,9926836950
38931,Anjali Verma,29,Male,O-,9151071336
38932,Anjali Mehta,18,Female,A+,9823790905
38933,Neha Singh,35,Male,B+,9282371750
38934,Divya Patel,49,Female,B+,9139627262
38935,Sneha Singh,21,Female,O-,9919087466
38936,Arjun Gupta,45,Male,A+,9828085768
38937,Riya Singh,53,Female,O+,9971878322
38938,Neha Mehta,19,Female,B+,9753189584
38939,Kavya Kapoor,29,Male,A+,9516078290
38940,Aman Sharma,35,Female,AB+,9366594264
38941,Divya Kapoor,31,Female,A+,9463162011
38942,Neha Patel,21,Male,A-,9826195208
38943,Divya Reddy,55,Female,AB-,9189502263
38944,Sneha Reddy,20,Female,A-,9685783377
38945,Aman Sharma,39,Male,A+,9837706708
38946,Sneha Reddy,56,Female,AB+,9531233132
38947,Divya Patel,26,Male,B-,9386837220
38948,Priya Kapoor,49,Male,O+,9284933778
38949,Pooja Verma,23,Female,O+,9566556679
38950,Anjali Kapoor,46,Female,O+,9600334531
38951,Aman Patel,32,Male,A-,9939564605
38952,Neha Sharma,33,Male,B-,9287257564
38953,Aditya Verma,58,Female,A-,9588488720
38954,Riya Gupta,32,Male,B-,9459914988
38955,Rohan Verma,56,Male,A+,9814385207
38956,Kavya Reddy,53,Male,B-,9870154625
38957,Vikram Patel,24,Female,A+,9568432311
38958,Kavya Mehta,45,Female,AB+,9197227459
38959,Karan Gupta,52,Male,B+,9834833222
38960,Neha Reddy,29,Male,A-,9615950173
38961,Sahil Sharma,55,Male,B+,9645140599
38962,Sahil Singh,26,Male,O-,9644431362
38963,Rohan Singh,23,Male,B-,9307382848
38964,Rahul Verma,49,Female,AB-,9113837203
38965,Aman Patel,27,Female,AB+,9126952381
38966,Sahil Mehta,21,Male,AB-,9701168967
38967,Aman Mehta,46,Female,A-,9280599746
38968,Vikram Sharma,25,Female,A+,9707595964
38969,Karan Gupta,42,Female,O-,9701343391
38970,Sneha Patel,36,Male,A-,9279936789
38971,Riya Mehta,34,Male,AB+,9108320341
38972,Anjali Mehta,48,Female,B-,9490383790
38973,Sneha Patel,38,Female,O+,9524473613
38974,Sahil Reddy,60,Female,AB-,9271443389
38975,Neha Singh,32,Female,A-,9328586011
38976,Vikram Gupta,21,Female,O-,9191712523
38977,Aditya Sharma,24,Female,A+,9529039333
38978,Riya Singh,35,Male,A+,9981464939
38979,Arjun Sharma,59,Female,AB+,9854930214
38980,Rohan Sharma,24,Male,O-,9795455714
38981,Aman Singh,29,Male,A-,9831535451
38982,Priya Sharma,43,Male,A+,9939966674
38983,Aman Singh,38,Male,O+,9823547842
38984,Neha Verma,39,Female,A+,9488557997
38985,Rohan Singh,23,Male,AB-,9728810493
38986,Arjun Gupta,45,Female,B+,9306456960
38987,Sneha Verma,21,Male,B+,9259038978
38988,Karan Reddy,47,Female,B-,9946195690
38989,Aman Mehta,42,Female,B+,9161692661
38990,Riya Singh,50,Female,A+,9122082198
38991,Rohan Patel,60,Male,B-,9486067302
38992,Sneha Kapoor,29,Male,B+,9934415978
38993,Neha Kapoor,39,Female,AB-,9490506849
38994,Arjun Mehta,53,Male,A-,9884254772
38995,Sahil Reddy,37,Female,B-,9318895480
38996,Sneha Sharma,31,Male,O-,9747916380
38997,Sahil Mehta,34,Male,O+,9705538356
38998,Priya Reddy,58,Female,O+,9256668381
38999,Rahul Singh,36,Male,O+,9170256452
39000,Priya Singh,46,Male,AB+,9679294394
39001,Aditya Gupta,52,Female,AB+,9238248802
39002,Aman Mehta,19,Male,B+,9986577386
39003,Priya Gupta,58,Female,B+,9215472743
39004,Riya Gupta,49,Male,B+,9236448741
39005,Pooja Gupta,32,Female,O+,9454767586
39006,Neha Kapoor,44,Female,O-,9441388406
39007,Rahul Gupta,24,Male,AB+,9359391742
39008,Rohan Verma,23,Male,AB-,9718292195
39009,Karan Singh,52,Male,AB-,9448807052
39010,Aditya Reddy,55,Male,O-,9904801579
39011,Kavya Singh,25,Female,AB-,9446394744
39012,Vikram Reddy,25,Male,A-,9355513214
39013,Aman Singh,42,Male,A-,9899753508
39014,Karan Mehta,53,Male,O+,9427064203
39015,Anjali Gupta,18,Male,A+,9261951181
39016,Anjali Kapoor,54,Male,O-,9399488825
39017,Rahul Reddy,53,Male,O+,9610097078
39018,Aditya Mehta,36,Male,A+,9368756261
39019,Kavya Reddy,32,Female,AB+,9811037424
39020,Neha Sharma,36,Male,O-,9349072658
39021,Priya Gupta,36,Male,A+,9146894406
39022,Arjun Kapoor,47,Female,B-,9434541794
39023,Vikram Gupta,21,Male,B-,9602379527
39024,Priya Mehta,47,Female,A-,9437562638
39025,Karan Kapoor,20,Female,AB-,9196759343
39026,Pooja Mehta,19,Female,AB-,9408439585
39027,Aman Sharma,33,Male,B+,9840651460
39028,Aman Reddy,24,Female,B-,9428474551
39029,Neha Verma,58,Male,B-,9966566408
39030,Sahil Patel,19,Female,O-,9636097082
39031,Rohan Gupta,36,Male,AB-,9388708766
39032,Sahil Reddy,20,Female,O+,9479104746
39033,Vikram Verma,37,Female,B-,9751080376
39034,Aman Sharma,26,Male,AB+,9134845443
39035,Pooja Patel,20,Female,A+,9716214752
39036,Aman Singh,45,Male,B-,9278311294
39037,Arjun Verma,49,Male,B+,9337825704
39038,Sahil Kapoor,18,Female,O+,9358871246
39039,Kavya Patel,24,Female,B-,9533761175
39040,Pooja Kapoor,26,Male,AB+,9445676703
39041,Riya Verma,18,Male,A-,9762562801
39042,Sneha Mehta,22,Female,AB+,9835523722
39043,Aditya Patel,19,Male,AB-,9448698691
39044,Neha Kapoor,58,Male,B+,9500994390
39045,Aditya Kapoor,39,Male,AB-,9296876817
39046,Aman Gupta,50,Male,AB-,9650747622
39047,Anjali Singh,27,Female,B-,9115853180
39048,Sneha Mehta,31,Female,AB+,9576118107
39049,Arjun Verma,57,Male,AB+,9450530137
39050,Rahul Kapoor,29,Female,A-,9318459194
39051,Neha Kapoor,22,Female,A+,9806677433
39052,Arjun Sharma,31,Female,O-,9477778704
39053,Vikram Patel,40,Male,B+,9251962138
39054,Sneha Reddy,33,Female,B-,9613135335
39055,Priya Kapoor,35,Male,AB-,9251922353
39056,Neha Reddy,46,Male,A-,9975168601
39057,Karan Kapoor,43,Female,O-,9969643420
39058,Kavya Reddy,31,Female,AB+,9438357567
39059,Vikram Sharma,39,Male,AB+,9340860241
39060,Priya Patel,55,Female,B-,9224878152
39061,Neha Patel,25,Female,AB-,9347227861
39062,Sneha Reddy,37,Female,B-,9973622683
39063,Karan Kapoor,44,Male,O-,9789371662
39064,Aman Kapoor,52,Female,O-,9372962727
39065,Priya Reddy,55,Female,O-,9495329330
39066,Sahil Singh,47,Male,O+,9807692739
39067,Aditya Mehta,59,Male,O+,9110305782
39068,Divya Patel,53,Male,B+,9291790090
39069,Sneha Reddy,32,Male,O+,9518160489
39070,Vikram Verma,34,Male,AB-,9122851184
39071,Neha Mehta,37,Male,A-,9574565077
39072,Aditya Verma,57,Female,A-,9647268206
39073,Karan Mehta,25,Female,AB+,9566201569
39074,Karan Singh,58,Male,A-,9369648885
39075,Neha Sharma,39,Female,B-,9434840505
39076,Neha Reddy,40,Male,AB+,9617273595
39077,Sahil Reddy,49,Male,AB-,9987727071
39078,Priya Singh,46,Female,O-,9774079952
39079,Vikram Patel,53,Female,B-,9281689091
39080,Priya Reddy,18,Male,AB+,9420988918
39081,Priya Gupta,48,Female,A-,9357032204
39082,Rahul Sharma,27,Male,O+,9171043827
39083,Divya Singh,40,Female,AB+,9385048972
39084,Karan Kapoor,42,Female,A-,9450709772
39085,Sneha Patel,38,Female,O-,9909622777
39086,Arjun Patel,19,Male,B+,9313813203
39087,Aditya Gupta,29,Male,A+,9968671754
39088,Rohan Gupta,40,Male,B-,9368775681
39089,Pooja Gupta,19,Female,O+,9275325431
39090,Rohan Mehta,49,Male,AB+,9922443772
39091,Vikram Reddy,26,Male,A-,9839500464
39092,Rahul Patel,57,Female,B-,9179933681
39093,Aman Verma,51,Male,B+,9335472723
39094,Divya Singh,45,Female,O-,9247707725
39095,Divya Gupta,36,Male,AB-,9279665286
39096,Sneha Mehta,18,Male,A-,9502895778
39097,Pooja Singh,25,Female,O+,9941133277
39098,Pooja Singh,20,Male,A+,9501185001
39099,Sneha Kapoor,32,Male,AB+,9816501528
39100,Arjun Verma,45,Female,B-,9900944630
39101,Aman Verma,56,Female,O+,9429070586
39102,Riya Verma,31,Male,A+,9796132602
39103,Neha Kapoor,55,Female,O+,9726273556
39104,Neha Mehta,47,Male,AB-,9712820573
39105,Rahul Gupta,49,Male,O-,9293007672
39106,Rohan Mehta,25,Male,A+,9409425954
39107,Aditya Verma,26,Female,B+,9307145850
39108,Aditya Gupta,40,Male,B-,9306472027
39109,Sahil Sharma,48,Male,AB+,9493484563
39110,Rohan Gupta,49,Male,B+,9217937818
39111,Rohan Patel,22,Male,B-,9105400503
39112,Rohan Mehta,20,Male,A+,9426709554
39113,Karan Singh,51,Male,O-,9389350420
39114,Arjun Reddy,40,Male,AB-,9609367890
39115,Rahul Gupta,38,Male,AB-,9837041495
39116,Neha Reddy,23,Male,B+,9676892212
39117,Rahul Verma,22,Male,A-,9973601658
39118,Kavya Reddy,30,Male,AB-,9479967231
39119,Sneha Sharma,21,Male,A-,9668346175
39120,Riya Mehta,42,Female,O+,9524165475
39121,Rohan Singh,51,Female,A+,9770996001
39122,Rohan Patel,35,Male,A+,9658285673
39123,Sneha Reddy,44,Male,B+,9210404786
39124,Pooja Sharma,26,Female,O-,9198957405
39125,Rohan Reddy,30,Female,AB+,9449391345
39126,Rahul Kapoor,45,Female,O-,9639075053
39127,Riya Patel,25,Male,AB+,9206513232
39128,Rohan Verma,19,Female,B-,9818223470
39129,Pooja Patel,30,Male,A-,9449963036
39130,Riya Verma,35,Male,B+,9287293089
39131,Priya Reddy,51,Female,AB+,9266510263
39132,Anjali Sharma,28,Male,B-,9960563508
39133,Priya Patel,26,Female,O+,9499364693
39134,Priya Singh,47,Female,B+,9386695405
39135,Sahil Verma,29,Female,A-,9399979858
39136,Kavya Reddy,22,Male,A-,9190304945
39137,Pooja Mehta,41,Male,B+,9701768546
39138,Anjali Mehta,21,Male,O+,9360069654
39139,Kavya Reddy,32,Male,AB+,9740669952
39140,Riya Singh,28,Female,B-,9786176345
39141,Priya Patel,24,Female,O+,9146334634
39142,Aman Reddy,27,Male,O-,9839599707
39143,Sahil Patel,42,Female,A+,9799246724
39144,Aman Patel,55,Male,O-,9159785482
39145,Priya Kapoor,32,Female,A-,9653134635
39146,Neha Kapoor,51,Female,B+,9574983053
39147,Priya Patel,40,Male,AB-,9210826744
39148,Rohan Mehta,57,Female,A-,9977315453
39149,Neha Gupta,20,Male,A+,9598921619
39150,Divya Patel,36,Female,AB+,9441619231
39151,Pooja Verma,30,Female,O+,9407920305
39152,Sneha Sharma,27,Female,AB+,9891974898
39153,Karan Sharma,22,Male,AB-,9989565502
39154,Rahul Verma,41,Male,A+,9598192449
39155,Riya Patel,26,Male,AB-,9174306175
39156,Divya Gupta,39,Male,O-,9131744650
39157,Sneha Gupta,24,Female,B+,9158923436
39158,Divya Verma,18,Male,O+,9877230730
39159,Rahul Verma,28,Male,O-,9126448169
39160,Vikram Patel,55,Female,O-,9518802455
39161,Karan Verma,35,Female,A+,9674435686
39162,Pooja Patel,31,Female,AB+,9996418530
39163,Aman Sharma,33,Male,B-,9923901519
39164,Sahil Verma,42,Female,A+,9965124804
39165,Anjali Sharma,43,Male,AB+,9785619856
39166,Sneha Gupta,45,Female,O-,9195422110
39167,Karan Gupta,19,Female,A-,9160988203
39168,Pooja Singh,58,Male,AB-,9465218782
39169,Anjali Patel,54,Female,B-,9349774490
39170,Aman Reddy,58,Female,B-,9357091909
39171,Arjun Sharma,30,Male,O+,9794633331
39172,Aman Kapoor,51,Male,O+,9318166109
39173,Sahil Mehta,19,Male,O-,9103774318
39174,Vikram Patel,48,Female,O+,9930082903
39175,Sneha Singh,55,Male,B-,9856165215
39176,Rohan Patel,59,Female,A+,9907486181
39177,Neha Patel,29,Female,A+,9978123869
39178,Priya Verma,27,Female,A-,9476525291
39179,Kavya Reddy,30,Female,B+,9226846728
39180,Arjun Reddy,55,Female,O+,9157293677
39181,Aditya Reddy,31,Male,AB+,9562918315
39182,Sneha Patel,46,Male,A-,9243980048
39183,Pooja Singh,37,Female,O+,9777103593
39184,Priya Gupta,19,Male,AB+,9165437447
39185,Sneha Verma,58,Female,O-,9164592345
39186,Rohan Singh,43,Male,AB-,9574265418
39187,Divya Kapoor,52,Male,A+,9746245656
39188,Divya Verma,48,Male,AB-,9667076890
39189,Rohan Singh,30,Female,AB-,9258405744
39190,Aditya Reddy,51,Female,A+,9988285740
39191,Aditya Reddy,27,Male,O+,9477403722
39192,Vikram Gupta,53,Female,A-,9766873686
39193,Vikram Mehta,23,Male,A+,9291504100
39194,Rahul Verma,34,Male,B+,9850878893
39195,Kavya Gupta,39,Male,O-,9909045513
39196,Riya Gupta,50,Female,O+,9833669096
39197,Rohan Patel,33,Male,AB-,9432259557
39198,Pooja Gupta,24,Female,O-,9141604599
39199,Karan Kapoor,54,Male,AB+,9698348489
39200,Pooja Sharma,45,Female,A-,9915142190
39201,Pooja Verma,31,Male,A-,9873858426
39202,Rohan Kapoor,21,Male,O-,9733900966
39203,Sneha Kapoor,37,Female,B-,9921836408
39204,Arjun Patel,51,Male,B+,9190757449
39205,Sahil Kapoor,44,Male,B+,9359987770
39206,Arjun Kapoor,51,Female,O-,9179272953
39207,Riya Verma,40,Male,A-,9955892432
39208,Sneha Singh,58,Male,A+,9129625066
39209,Aman Reddy,48,Male,A+,9379989749
39210,Rahul Mehta,25,Female,A-,9983768264
39211,Sahil Gupta,35,Female,AB-,9440984819
39212,Aditya Kapoor,18,Female,AB-,9388408829
39213,Pooja Verma,23,Female,AB+,9301320883
39214,Vikram Mehta,21,Male,B-,9791733192
39215,Vikram Reddy,53,Male,O-,9403628482
39216,Aman Singh,30,Male,O+,9930966110
39217,Arjun Reddy,51,Female,B-,9137358407
39218,Karan Singh,18,Female,AB+,9832383759
39219,Karan Sharma,55,Female,B+,9449730954
39220,Kavya Gupta,20,Female,AB+,9652688854
39221,Priya Gupta,43,Female,A-,9220318606
39222,Neha Verma,31,Male,B+,9687749957
39223,Riya Kapoor,18,Female,O+,9163174658
39224,Pooja Sharma,40,Male,B-,9894455951
39225,Neha Patel,28,Female,AB+,9381265140
39226,Rohan Patel,40,Female,A+,9275211483
39227,Divya Sharma,39,Female,A-,9305499065
39228,Riya Kapoor,49,Male,A-,9799085899
39229,Priya Reddy,47,Female,AB-,9797880146
39230,Neha Mehta,54,Female,B-,9850791891
39231,Arjun Sharma,31,Male,A-,9358129115
39232,Rohan Verma,31,Male,B-,9420859153
39233,Rohan Singh,27,Male,AB-,9614209826
39234,Priya Gupta,53,Male,B-,9904489593
39235,Rahul Kapoor,52,Female,B+,9640320213
39236,Priya Kapoor,38,Female,O-,9578137963
39237,Aditya Reddy,23,Female,B-,9159570969
39238,Karan Singh,51,Male,O+,9836816633
39239,Aman Singh,42,Female,B+,9810792930
39240,Aman Verma,28,Female,AB-,9929049080
39241,Sneha Patel,21,Female,AB-,9976052934
39242,Priya Singh,41,Male,B-,9838038022
39243,Neha Singh,34,Female,O+,9447648786
39244,Anjali Mehta,48,Male,B-,9942745358
39245,Anjali Reddy,42,Male,O-,9552554810
39246,Anjali Verma,41,Male,B-,9843063628
39247,Pooja Gupta,46,Male,A+,9578630029
39248,Divya Kapoor,36,Female,AB+,9247899646
39249,Divya Reddy,56,Male,AB+,9657751225
39250,Aditya Reddy,59,Male,AB+,9486365045
39251,Divya Kapoor,59,Female,B+,9827417264
39252,Aman Verma,42,Female,A+,9643052325
39253,Aditya Mehta,19,Female,B-,9749810474
39254,Vikram Patel,49,Female,B+,9820219592
39255,Aman Singh,43,Male,B+,9984323633
39256,Priya Singh,59,Male,O+,9380960563
39257,Neha Mehta,26,Female,A-,9617274053
39258,Aditya Patel,56,Female,O+,9704975816
39259,Anjali Kapoor,36,Female,A+,9562189964
39260,Divya Kapoor,51,Male,AB+,9481921395
39261,Rahul Kapoor,49,Female,B-,9515408983
39262,Pooja Kapoor,56,Male,O+,9820581153
39263,Priya Patel,18,Male,A-,9665804399
39264,Sahil Patel,48,Female,B+,9451129946
39265,Aman Sharma,26,Female,AB-,9882985751
39266,Anjali Reddy,55,Male,AB+,9268157491
39267,Karan Reddy,39,Male,A+,9199253916
39268,Rahul Patel,60,Female,AB+,9547636067
39269,Aditya Mehta,42,Male,B-,9790266243
39270,Pooja Kapoor,25,Female,A+,9843841615
39271,Aman Patel,43,Female,O-,9485127568
39272,Arjun Verma,48,Male,B-,9540962725
39273,Anjali Gupta,54,Male,O+,9940466595
39274,Pooja Reddy,40,Male,A+,9353281266
39275,Riya Mehta,45,Female,A-,9134008190
39276,Aman Singh,57,Female,A-,9342348436
39277,Karan Patel,55,Male,A+,9561077371
39278,Aman Reddy,29,Male,O-,9997278032
39279,Pooja Mehta,26,Female,A+,9206565428
39280,Rahul Sharma,43,Female,AB+,9473652414
39281,Kavya Reddy,49,Male,B+,9153871774
39282,Priya Patel,53,Male,B-,9920518086
39283,Arjun Kapoor,41,Female,A+,9915391994
39284,Anjali Sharma,55,Male,A-,9493776748
39285,Arjun Gupta,30,Female,B+,9574127560
39286,Aman Kapoor,23,Male,O+,9314254835
39287,Vikram Kapoor,30,Female,O-,9581681953
39288,Priya Reddy,31,Female,A+,9515123639
39289,Sneha Verma,50,Male,A-,9172024272
39290,Arjun Singh,24,Male,A-,9881365559
39291,Neha Reddy,21,Female,A+,9957666535
39292,Arjun Gupta,51,Female,AB-,9909673433
39293,Rahul Mehta,20,Male,AB-,9999279399
39294,Anjali Singh,50,Male,B+,9571676492
39295,Rahul Kapoor,34,Female,O-,9202069018
39296,Divya Gupta,47,Male,A-,9318290110
39297,Arjun Gupta,40,Female,A-,9995464248
39298,Divya Verma,33,Male,A+,9416905409
39299,Rohan Mehta,34,Male,AB+,9503035415
39300,Kavya Reddy,53,Female,O-,9441450574
39301,Aman Mehta,25,Male,B+,9750262334
39302,Karan Gupta,44,Female,AB+,9402066942
39303,Riya Verma,51,Male,AB+,9987284292
39304,Priya Kapoor,22,Male,O-,9870790248
39305,Rahul Gupta,48,Male,B-,9123122849
39306,Kavya Verma,47,Female,B-,9163822972
39307,Divya Verma,23,Male,AB+,9418164335
39308,Aman Mehta,34,Female,AB+,9634009931
39309,Rahul Patel,33,Male,B+,9496829837
39310,Rohan Gupta,44,Female,B-,9963324678
39311,Priya Gupta,55,Male,B+,9488247469
39312,Karan Verma,41,Male,A+,9604414874
39313,Riya Reddy,26,Male,A+,9432190347
39314,Aman Patel,27,Male,A+,9653810299
39315,Karan Verma,49,Female,B-,9100146774
39316,Anjali Singh,29,Female,O-,9481204310
39317,Aditya Singh,55,Male,B+,9136831995
39318,Rahul Kapoor,47,Female,AB+,9287816345
39319,Karan Kapoor,21,Male,AB-,9595586962
39320,Karan Sharma,58,Female,A+,9760561400
39321,Arjun Gupta,46,Female,O+,9389072680
39322,Rohan Reddy,44,Female,B-,9520742579
39323,Kavya Reddy,41,Male,AB+,9119405180
39324,Sneha Mehta,39,Male,A+,9447657909
39325,Sahil Kapoor,43,Male,AB+,9332914941
39326,Aditya Kapoor,42,Female,B+,9124014937
39327,Sneha Reddy,47,Male,O-,9421479430
39328,Sahil Singh,58,Female,A-,9866172765
39329,Aditya Patel,50,Female,B+,9810031768
39330,Karan Singh,30,Male,B+,9400930317
39331,Arjun Patel,52,Male,O-,9870919768
39332,Aditya Kapoor,55,Male,B+,9236793160
39333,Sahil Gupta,48,Female,O+,9727179988
39334,Kavya Mehta,56,Female,B+,9208561272
39335,Aditya Kapoor,50,Male,AB+,9757060639
39336,Neha Reddy,19,Male,O+,9228728888
39337,Vikram Singh,53,Male,O+,9360147964
39338,Kavya Gupta,26,Female,O-,9410804342
39339,Aman Singh,34,Male,A+,9974543298
39340,Aditya Patel,42,Male,O-,9773347278
39341,Anjali Reddy,19,Male,B-,9977960444
39342,Aditya Verma,54,Female,AB+,9825453779
39343,Sneha Kapoor,42,Male,O-,9613992228
39344,Sneha Gupta,44,Male,O+,9863002284
39345,Riya Gupta,26,Female,O-,9708437185
39346,Vikram Patel,51,Female,AB+,9477734199
39347,Aditya Sharma,59,Male,B+,9380403983
39348,Sneha Mehta,34,Female,B+,9143254304
39349,Neha Singh,59,Male,AB-,9591655801
39350,Rohan Mehta,57,Female,A+,9263494389
39351,Vikram Gupta,41,Male,B+,9878289088
39352,Vikram Patel,36,Female,O-,9829550629
39353,Aman Sharma,20,Female,AB-,9405940524
39354,Aman Mehta,53,Female,B-,9199225438
39355,Vikram Singh,55,Female,A+,9651382201
39356,Anjali Singh,46,Female,O+,9107373586
39357,Divya Patel,60,Male,AB-,9482965296
39358,Arjun Patel,47,Female,B-,9754195271
39359,Aman Gupta,51,Female,AB-,9285047439
39360,Rahul Verma,45,Female,B+,9510356066
39361,Rohan Sharma,31,Male,O-,9177497228
39362,Sneha Verma,19,Male,O+,9296274282
39363,Anjali Singh,26,Male,AB+,9375366357
39364,Aman Gupta,57,Female,B+,9520082975
39365,Kavya Kapoor,36,Male,O+,9124729314
39366,Sahil Patel,37,Female,B+,9956733588
39367,Sneha Kapoor,18,Female,A+,9507581523
39368,Neha Kapoor,51,Female,AB-,9125057302
39369,Riya Kapoor,40,Male,AB+,9754064692
39370,Sneha Sharma,42,Male,B-,9332304340
39371,Divya Gupta,21,Male,O-,9188668318
39372,Sneha Gupta,22,Female,O+,9768319967
39373,Sahil Patel,34,Male,O-,9248790963
39374,Rahul Verma,55,Male,O+,9144674443
39375,Riya Verma,56,Male,AB-,9579465221
39376,Aditya Patel,34,Female,A-,9716467388
39377,Arjun Kapoor,28,Male,O-,9526496647
39378,Aditya Sharma,36,Female,A-,9339431910
39379,Neha Patel,29,Male,A-,9630046097
39380,Aditya Singh,24,Male,A-,9968205063
39381,Anjali Mehta,25,Male,O+,9695770340
39382,Priya Sharma,44,Male,B-,9665793714
39383,Vikram Gupta,21,Female,O+,9189282138
39384,Rohan Gupta,22,Male,O+,9435670792
39385,Arjun Singh,42,Female,O-,9434106479
39386,Pooja Patel,37,Female,B+,9678468496
39387,Rohan Sharma,29,Male,AB+,9106557961
39388,Rohan Verma,18,Female,B-,9229800153
39389,Riya Verma,41,Male,B-,9155193292
39390,Riya Reddy,34,Female,B-,9396726053
39391,Pooja Sharma,38,Male,AB+,9243679842
39392,Priya Reddy,42,Female,O-,9431156295
39393,Rahul Reddy,53,Female,B+,9526374285
39394,Karan Singh,45,Male,A+,9630708072
39395,Pooja Sharma,19,Female,B-,9107266331
39396,Arjun Gupta,34,Female,AB-,9706834288
39397,Sneha Gupta,47,Male,O-,9704150175
39398,Sahil Patel,29,Male,B-,9397933059
39399,Divya Kapoor,59,Female,O-,9454274435
39400,Kavya Gupta,58,Male,O-,9956434749
39401,Aman Verma,49,Female,A-,9137085537
39402,Sneha Gupta,35,Female,AB-,9552300666
39403,Aditya Singh,28,Female,B+,9266365642
39404,Kavya Gupta,56,Female,A+,9217514333
39405,Riya Gupta,18,Female,O-,9584621111
39406,Divya Patel,43,Female,AB-,9405977539
39407,Neha Kapoor,38,Female,B+,9690172683
39408,Arjun Mehta,32,Male,AB+,9447717367
39409,Karan Patel,60,Female,A-,9374631042
39410,Aman Mehta,38,Female,AB-,9453316540
39411,Anjali Sharma,29,Female,O-,9795760657
39412,Arjun Gupta,40,Male,A-,9290523047
39413,Aman Verma,60,Male,O-,9962665620
39414,Rahul Mehta,46,Female,B+,9814161596
39415,Anjali Verma,55,Female,AB+,9911013096
39416,Aman Reddy,36,Female,AB-,9598420683
39417,Rahul Reddy,36,Male,A-,9746384515
39418,Vikram Reddy,49,Female,O-,9969633527
39419,Anjali Kapoor,54,Female,AB-,9745919278
39420,Priya Singh,33,Male,AB-,9405743524
39421,Kavya Patel,51,Male,AB+,9547087847
39422,Sahil Patel,24,Male,AB+,9108369198
39423,Sahil Kapoor,21,Male,A-,9246288088
39424,Sahil Singh,50,Female,B+,9928965982
39425,Anjali Sharma,51,Female,A+,9762261400
39426,Riya Kapoor,29,Male,AB-,9961290418
39427,Aman Kapoor,40,Female,B+,9604618627
39428,Rohan Singh,21,Male,AB-,9332059077
39429,Divya Kapoor,60,Male,B-,9156956602
39430,Sneha Mehta,59,Female,A-,9567710209
39431,Rohan Mehta,44,Female,AB-,9576739967
39432,Anjali Sharma,30,Female,AB-,9465431439
39433,Aman Singh,49,Female,B+,9124085521
39434,Arjun Kapoor,58,Female,B-,9191239475
39435,Vikram Verma,20,Male,O-,9370866657
39436,Anjali Singh,35,Male,AB+,9186765272
39437,Rohan Reddy,19,Female,A-,9141360916
39438,Riya Singh,34,Male,A+,9760627454
39439,Anjali Patel,42,Male,O-,9946663576
39440,Neha Kapoor,23,Male,B-,9910914743
39441,Sneha Gupta,37,Female,A-,9441528275
39442,Aditya Singh,53,Female,B+,9856925584
39443,Neha Singh,51,Male,A-,9377610564
39444,Rohan Sharma,31,Male,O+,9725532983
39445,Arjun Gupta,58,Female,A+,9699887996
39446,Riya Kapoor,40,Female,AB-,9251437314
39447,Arjun Verma,46,Female,O-,9549913892
39448,Anjali Kapoor,55,Female,AB-,9762536289
39449,Anjali Kapoor,29,Male,AB+,9597460753
39450,Riya Gupta,30,Male,AB-,9473647740
39451,Aman Singh,28,Female,AB-,9542462026
39452,Divya Reddy,26,Male,AB+,9420575296
39453,Pooja Gupta,36,Female,O-,9709580776
39454,Pooja Singh,59,Female,O-,9604999695
39455,Sneha Patel,26,Male,A+,9163384481
39456,Anjali Reddy,38,Male,AB+,9747099970
39457,Aman Verma,54,Female,A+,9644409107
39458,Riya Gupta,57,Male,B-,9427104577
39459,Aman Sharma,51,Male,A+,9649920032
39460,Aman Mehta,38,Female,AB-,9389203928
39461,Sneha Singh,48,Female,A-,9917875405
39462,Divya Sharma,38,Male,AB+,9136349872
39463,Rahul Patel,46,Male,AB-,9135238180
39464,Priya Verma,56,Female,O-,9863426450
39465,Karan Patel,19,Female,AB-,9519253350
39466,Riya Singh,37,Female,O-,9921123971
39467,Kavya Gupta,23,Female,AB-,9205534991
39468,Rahul Reddy,46,Male,B-,9385122596
39469,Divya Patel,50,Female,A-,9524646411
39470,Sahil Gupta,57,Male,O-,9743937601
39471,Priya Patel,20,Female,O+,9689362797
39472,Karan Gupta,51,Male,A+,9543772632
39473,Divya Singh,58,Male,O+,9961551974
39474,Divya Singh,48,Female,O+,9178129632
39475,Divya Reddy,45,Male,O-,9210144047
39476,Anjali Sharma,52,Male,AB-,9146134461
39477,Priya Patel,57,Male,B-,9682866957
39478,Riya Patel,39,Male,AB-,9353465184
39479,Riya Singh,34,Male,A+,9478928042
39480,Arjun Sharma,27,Male,A+,9849011920
39481,Pooja Patel,42,Female,B-,9501848427
39482,Priya Sharma,23,Male,AB-,9672985485
39483,Riya Mehta,58,Female,O-,9620385433
39484,Kavya Patel,35,Male,AB+,9265829725
39485,Pooja Reddy,30,Female,O+,9843174627
39486,Neha Verma,42,Female,A+,9967263453
39487,Aditya Verma,34,Male,AB-,9385459576
39488,Vikram Mehta,43,Male,AB-,9968692026
39489,Rahul Verma,57,Female,A-,9891609082
39490,Aditya Reddy,35,Female,O+,9225030401
39491,Aman Kapoor,18,Male,O+,9646520560
39492,Vikram Verma,44,Male,O+,9461373563
39493,Neha Gupta,60,Female,B+,9672249180
39494,Sneha Verma,27,Female,A+,9202072232
39495,Rohan Sharma,28,Female,A+,9147701080
39496,Riya Reddy,27,Male,O+,9407308756
39497,Sahil Singh,51,Male,AB+,9282236678
39498,Priya Patel,36,Male,B-,9381733159
39499,Anjali Gupta,49,Male,B+,9260053452
39500,Arjun Verma,44,Male,B-,9855002957
39501,Priya Reddy,30,Female,AB+,9184793054
39502,Karan Kapoor,45,Female,A+,9548889906
39503,Anjali Patel,41,Female,AB+,9932007683
39504,Rahul Sharma,56,Male,O+,9842785534
39505,Aman Mehta,44,Female,B+,9486106501
39506,Aman Patel,32,Male,O+,9614778968
39507,Priya Sharma,18,Male,B-,9543552732
39508,Sneha Verma,35,Female,AB+,9231245869
39509,Priya Gupta,48,Male,O+,9265738667
39510,Kavya Mehta,50,Male,AB+,9426073086
39511,Aditya Singh,33,Female,O-,9957181012
39512,Sahil Singh,44,Male,B-,9122140043
39513,Anjali Mehta,52,Male,A-,9124493044
39514,Divya Gupta,47,Female,O-,9443292175
39515,Rohan Gupta,56,Male,O+,9651109731
39516,Rahul Gupta,18,Male,AB+,9846525183
39517,Rahul Gupta,30,Female,AB+,9866552734
39518,Riya Gupta,40,Male,O-,9566696393
39519,Rohan Mehta,32,Male,A+,9618353973
39520,Kavya Kapoor,59,Male,O+,9845724561
39521,Riya Gupta,41,Male,A-,9359398313
39522,Aditya Sharma,27,Male,AB-,9658717434
39523,Riya Verma,38,Male,AB+,9299239546
39524,Rahul Singh,50,Female,AB+,9348589849
39525,Aman Singh,56,Male,B-,9145103413
39526,Kavya Patel,41,Female,O-,9809890793
39527,Sahil Mehta,57,Male,A-,9783335531
39528,Aditya Singh,47,Female,A-,9466462593
39529,Rahul Verma,42,Male,O+,9465079121
39530,Vikram Singh,59,Male,B-,9163085752
39531,Sneha Verma,25,Female,A-,9107871563
39532,Divya Reddy,29,Male,B-,9293319695
39533,Priya Kapoor,20,Male,AB-,9268565260
39534,Karan Gupta,30,Female,A+,9923704271
39535,Aman Kapoor,46,Male,B-,9336571324
39536,Priya Kapoor,25,Male,O+,9162306739
39537,Pooja Mehta,28,Female,AB+,9324119239
39538,Riya Singh,20,Female,A-,9321988145
39539,Kavya Singh,48,Male,O-,9658125522
39540,Divya Patel,21,Male,B-,9311332225
39541,Priya Gupta,43,Female,B+,9509384250
39542,Anjali Reddy,48,Male,A+,9899733002
39543,Sneha Gupta,45,Male,B+,9895071208
39544,Vikram Patel,29,Male,O+,9708348906
39545,Kavya Sharma,38,Male,O+,9371737480
39546,Rohan Singh,43,Female,O+,9379616969
39547,Vikram Mehta,52,Female,AB-,9322150395
39548,Riya Sharma,40,Male,AB+,9192642115
39549,Divya Patel,51,Female,O-,9881809518
39550,Divya Reddy,27,Female,B-,9688366136
39551,Sahil Mehta,59,Female,AB+,9181461335
39552,Sahil Gupta,49,Male,O+,9893388946
39553,Kavya Singh,53,Male,O+,9601977733
39554,Sahil Patel,60,Male,AB+,9682585437
39555,Aditya Singh,24,Male,O+,9841290213
39556,Kavya Patel,31,Male,AB+,9893574086
39557,Kavya Reddy,25,Male,O+,9677403375
39558,Rohan Gupta,48,Female,AB+,9732283882
39559,Priya Kapoor,51,Male,A-,9963794740
39560,Divya Mehta,53,Female,A+,9759765735
39561,Anjali Singh,53,Female,B-,9555887278
39562,Karan Reddy,35,Female,A+,9732319929
39563,Sneha Mehta,21,Female,AB+,9192900235
39564,Aman Patel,27,Male,B-,9785425603
39565,Pooja Mehta,39,Male,AB-,9316009992
39566,Aman Verma,52,Male,B-,9849112148
39567,Pooja Gupta,44,Male,O+,9649736190
39568,Aman Gupta,30,Male,B+,9467943685
39569,Aditya Singh,23,Female,O+,9428039852
39570,Rahul Gupta,28,Male,B-,9598053437
39571,Divya Gupta,37,Female,A-,9977364953
39572,Anjali Patel,22,Female,A+,9289948523
39573,Sneha Sharma,32,Male,B-,9935610748
39574,Neha Sharma,46,Female,AB-,9932734028
39575,Aman Gupta,52,Female,O+,9510482093
39576,Rahul Patel,40,Female,A+,9214749420
39577,Anjali Mehta,31,Female,A-,9562067260
39578,Sneha Patel,29,Male,B-,9298793312
39579,Aditya Gupta,40,Female,A-,9341842294
39580,Rahul Gupta,51,Male,O+,9955627646
39581,Karan Mehta,30,Female,O-,9614732130
39582,Sneha Mehta,30,Female,A+,9687293592
39583,Divya Singh,24,Male,B+,9374550968
39584,Rahul Gupta,20,Female,B-,9456861966
39585,Vikram Patel,35,Male,O+,9629774893
39586,Priya Sharma,22,Male,A+,9946907076
39587,Aman Mehta,40,Male,AB+,9517542169
39588,Kavya Mehta,23,Male,O+,9216166325
39589,Sahil Singh,23,Female,A-,9631995463
39590,Sahil Singh,44,Male,B-,9832332861
39591,Anjali Singh,48,Female,AB+,9259112861
39592,Rahul Reddy,27,Male,AB-,9289758191
39593,Karan Singh,32,Male,O-,9165051691
39594,Pooja Gupta,28,Male,A+,9364352938
39595,Anjali Patel,29,Male,O-,9988379533
39596,Arjun Gupta,38,Male,B+,9430049610
39597,Riya Kapoor,54,Male,B-,9530897255
39598,Pooja Mehta,18,Female,AB+,9349556691
39599,Rohan Singh,50,Female,B-,9169287683
39600,Arjun Mehta,47,Male,AB-,9477046460
39601,Pooja Singh,60,Male,AB+,9355014789
39602,Kavya Singh,49,Male,B-,9854448949
39603,Kavya Reddy,41,Male,AB+,9620777092
39604,Arjun Singh,41,Male,B+,9322649797
39605,Anjali Reddy,45,Female,B+,9995753995
39606,Riya Singh,24,Female,AB-,9827770410
39607,Sahil Singh,23,Male,O+,9837487293
39608,Priya Mehta,57,Male,B-,9327100976
39609,Aman Kapoor,44,Male,B-,9560538090
39610,Pooja Sharma,53,Male,O-,9130057531
39611,Neha Gupta,24,Male,A-,9625628727
39612,Karan Kapoor,22,Male,O-,9432891120
39613,Divya Gupta,46,Male,A+,9276287816
39614,Arjun Reddy,53,Male,AB-,9836740276
39615,Kavya Gupta,38,Female,O-,9293884644
39616,Kavya Verma,27,Female,A-,9111506283
39617,Arjun Kapoor,34,Female,B-,9942868777
39618,Kavya Mehta,40,Male,AB+,9325477097
39619,Arjun Mehta,27,Female,O+,9557190973
39620,Riya Reddy,36,Male,B+,9196813557
39621,Pooja Mehta,51,Female,B+,9956861550
39622,Sneha Reddy,39,Male,B+,9981355983
39623,Karan Reddy,32,Male,O-,9359072300
39624,Aman Verma,43,Female,A+,9272739518
39625,Neha Singh,48,Female,A-,9128083389
39626,Aditya Reddy,53,Male,AB-,9978437792
39627,Anjali Gupta,28,Female,B-,9241719747
39628,Kavya Mehta,23,Female,B-,9995743209
39629,Anjali Singh,23,Female,O+,9840578150
39630,Vikram Singh,25,Male,A-,9914919628
39631,Priya Singh,22,Male,AB-,9956095121
39632,Sneha Singh,46,Female,A-,9667092589
39633,Pooja Mehta,51,Female,B-,9518550429
39634,Rahul Gupta,42,Female,O-,9982527857
39635,Divya Patel,29,Female,A-,9942059264
39636,Priya Kapoor,37,Female,A-,9304400705
39637,Rohan Verma,31,Male,AB-,9106944594
39638,Rahul Patel,58,Male,AB-,9324529157
39639,Pooja Kapoor,46,Female,AB+,9567981334
39640,Priya Verma,18,Male,AB+,9209749505
39641,Rohan Verma,18,Female,AB-,9193577773
39642,Arjun Singh,37,Female,O+,9119332736
39643,Sahil Gupta,60,Female,B+,9485112511
39644,Karan Gupta,48,Female,O-,9244960500
39645,Sahil Patel,42,Female,O+,9776535190
39646,Rahul Kapoor,20,Female,B-,9964543759
39647,Priya Patel,56,Male,B+,9713158346
39648,Anjali Verma,41,Female,B-,9958802228
39649,Aditya Verma,38,Male,AB+,9812867461
39650,Rahul Kapoor,42,Female,O-,9406091299
39651,Karan Reddy,54,Female,AB+,9161839648
39652,Kavya Verma,30,Female,O-,9671293945
39653,Aditya Gupta,44,Male,B+,9240498777
39654,Karan Patel,53,Female,B+,9764452986
39655,Anjali Singh,20,Female,B+,9924855702
39656,Riya Mehta,29,Male,O-,9900619121
39657,Karan Reddy,37,Male,O+,9368879335
39658,Kavya Verma,58,Male,A+,9283331269
39659,Priya Patel,51,Female,AB-,9251052558
39660,Neha Reddy,21,Female,B+,9312340664
39661,Aman Reddy,55,Male,B+,9483234006
39662,Rahul Verma,42,Female,O+,9744131669
39663,Anjali Sharma,42,Male,B-,9566559938
39664,Sneha Singh,43,Male,O-,9997843305
39665,Priya Reddy,39,Male,AB-,9870902854
39666,Riya Sharma,21,Male,O+,9816533141
39667,Rohan Sharma,46,Female,O+,9738436634
39668,Rohan Patel,40,Male,AB-,9408814983
39669,Rohan Reddy,44,Female,AB-,9203098363
39670,Karan Mehta,51,Male,O+,9658186489
39671,Kavya Gupta,30,Female,O+,9361378030
39672,Aman Verma,19,Male,B-,9571767998
39673,Kavya Mehta,56,Female,O+,9394652642
39674,Vikram Sharma,18,Male,AB+,9780792219
39675,Karan Patel,25,Male,O-,9994390134
39676,Arjun Kapoor,40,Female,B+,9243514349
39677,Aditya Sharma,51,Male,AB-,9376864990
39678,Neha Mehta,53,Female,A-,9158987972
39679,Riya Gupta,21,Male,B-,9646844388
39680,Sneha Kapoor,57,Male,O+,9407398778
39681,Arjun Verma,50,Female,B+,9680144511
39682,Riya Mehta,48,Male,B-,9415322413
39683,Aditya Verma,52,Male,B-,9998792099
39684,Riya Kapoor,52,Female,A-,9926116006
39685,Riya Verma,38,Female,AB+,9440094862
39686,Sneha Patel,33,Male,AB-,9170919937
39687,Arjun Patel,45,Female,A-,9486914346
39688,Rohan Mehta,20,Female,AB+,9621769546
39689,Aman Sharma,51,Female,B-,9362683179
39690,Sneha Reddy,22,Male,AB+,9715517651
39691,Kavya Singh,40,Female,B+,9815175174
39692,Anjali Sharma,50,Female,B-,9524990083
39693,Riya Patel,25,Female,O-,9925270842
39694,Sahil Kapoor,37,Female,O-,9532967453
39695,Riya Patel,20,Female,A+,9768636377
39696,Rahul Mehta,32,Male,AB+,9510229263
39697,Vikram Verma,51,Male,B+,9774938789
39698,Divya Patel,57,Male,B-,9149132899
39699,Pooja Patel,57,Female,AB-,9646054075
39700,Karan Sharma,38,Male,B-,9783428673
39701,Karan Sharma,28,Female,AB-,9128937118
39702,Divya Gupta,60,Male,AB+,9429470197
39703,Sneha Gupta,40,Male,A-,9272212720
39704,Aman Gupta,29,Female,AB+,9121811862
39705,Priya Singh,42,Male,AB-,9110548046
39706,Neha Reddy,37,Male,AB-,9418064028
39707,Karan Singh,45,Female,B+,9555261909
39708,Aman Sharma,30,Female,O+,9134913204
39709,Karan Patel,57,Female,A-,9512416614
39710,Priya Gupta,36,Male,O+,9169538042
39711,Riya Singh,29,Female,O+,9395706766
39712,Arjun Patel,48,Male,A-,9514800406
39713,Rohan Gupta,18,Female,O+,9383920883
39714,Rohan Reddy,60,Male,A+,9144817496
39715,Karan Verma,24,Male,AB-,9678091882
39716,Riya Patel,38,Female,O+,9662434640
39717,Arjun Patel,53,Female,B+,9439954901
39718,Karan Singh,37,Female,A-,9245863398
39719,Anjali Sharma,39,Male,A-,9803622276
39720,Sneha Kapoor,33,Male,A-,9727459981
39721,Kavya Sharma,21,Male,A-,9515882496
39722,Vikram Reddy,44,Female,AB-,9623996937
39723,Pooja Sharma,41,Female,A+,9860388182
39724,Anjali Singh,39,Female,AB+,9612580493
39725,Aditya Verma,44,Female,A-,9687033508
39726,Divya Sharma,37,Male,O-,9589136970
39727,Sneha Mehta,60,Male,A+,9244958580
39728,Aman Patel,19,Male,AB-,9610367760
39729,Anjali Gupta,53,Female,O+,9871867835
39730,Riya Gupta,45,Male,B-,9552036631
39731,Pooja Reddy,27,Female,A+,9131392577
39732,Priya Singh,51,Female,AB+,9895767590
39733,Rohan Patel,58,Male,AB-,9198312768
39734,Riya Mehta,23,Male,O+,9453874899
39735,Kavya Singh,34,Female,O-,9145142464
39736,Pooja Mehta,36,Male,A-,9379891019
39737,Priya Gupta,35,Male,A-,9116050563
39738,Anjali Sharma,20,Female,AB-,9811960083
39739,Aditya Gupta,41,Male,O-,9128620740
39740,Rohan Gupta,51,Female,AB+,9387000775
39741,Divya Mehta,34,Male,A+,9767059302
39742,Neha Verma,42,Male,A-,9749134972
39743,Anjali Patel,38,Male,B-,9827273646
39744,Neha Singh,33,Female,B-,9679070224
39745,Sneha Reddy,21,Female,O+,9834955644
39746,Arjun Mehta,24,Female,AB-,9754222430
39747,Priya Sharma,34,Male,A+,9214587803
39748,Arjun Reddy,52,Male,O+,9177789236
39749,Neha Kapoor,35,Female,A-,9767033014
39750,Riya Singh,51,Female,B+,9910020654
39751,Sahil Mehta,45,Female,B-,9248706783
39752,Rohan Mehta,55,Female,B-,9261685530
39753,Sneha Mehta,40,Female,A-,9593409672
39754,Rahul Gupta,28,Male,A+,9164395441
39755,Rahul Sharma,47,Male,AB+,9281142305
39756,Divya Gupta,46,Female,O-,9340518086
39757,Karan Gupta,54,Male,O+,9556330778
39758,Sneha Reddy,28,Male,B+,9944463868
39759,Riya Sharma,50,Male,A-,9304884868
39760,Priya Reddy,39,Female,B-,9612353016
39761,Priya Gupta,57,Female,AB-,9825922369
39762,Riya Kapoor,21,Female,AB+,9897591522
39763,Rohan Kapoor,39,Male,AB-,9531043479
39764,Aman Gupta,36,Female,O-,9201515018
39765,Rahul Verma,48,Male,AB-,9728764531
39766,Anjali Reddy,34,Male,O+,9851095556
39767,Priya Reddy,49,Male,O+,9732502344
39768,Kavya Verma,34,Male,A-,9100077357
39769,Aman Gupta,29,Male,A+,9420311545
39770,Sneha Sharma,40,Female,AB-,9859326846
39771,Rahul Mehta,18,Female,A+,9727160721
39772,Pooja Kapoor,44,Female,A-,9737854669
39773,Priya Patel,31,Male,A-,9476049788
39774,Sahil Sharma,27,Female,AB+,9606504310
39775,Anjali Sharma,57,Female,A+,9363388095
39776,Karan Verma,45,Male,AB-,9707740039
39777,Vikram Sharma,32,Male,A+,9655998457
39778,Vikram Singh,34,Female,O+,9948674265
39779,Pooja Singh,37,Male,AB-,9112860716
39780,Sneha Mehta,33,Male,A-,9377680848
39781,Arjun Reddy,59,Male,B-,9875678838
39782,Vikram Reddy,18,Male,AB-,9931192866
39783,Aman Singh,49,Male,B-,9921431768
39784,Anjali Kapoor,49,Male,O+,9296640986
39785,Sahil Verma,38,Male,O+,9201870504
39786,Aditya Verma,54,Female,B+,9104827150
39787,Sahil Mehta,49,Male,AB-,9949883708
39788,Anjali Patel,45,Male,O+,9540774292
39789,Divya Verma,39,Male,O-,9563575684
39790,Rahul Sharma,25,Female,B+,9621128140
39791,Divya Patel,33,Female,A-,9270949898
39792,Divya Mehta,23,Female,AB+,9763847336
39793,Divya Sharma,38,Male,A+,9775330934
39794,Sneha Gupta,18,Male,AB+,9774534437
39795,Rohan Gupta,24,Male,O-,9515669473
39796,Aditya Gupta,29,Male,A+,9372354536
39797,Priya Verma,44,Female,O+,9453177933
39798,Anjali Reddy,60,Female,B+,9405699019
39799,Arjun Sharma,22,Male,A-,9172622703
39800,Arjun Reddy,30,Male,B-,9508104779
39801,Arjun Sharma,22,Female,A-,9948188059
39802,Neha Sharma,25,Male,B+,9929509070
39803,Sahil Sharma,47,Female,AB-,9184468018
39804,Arjun Patel,48,Male,A+,9501309786
39805,Riya Gupta,21,Female,B+,9160895165
39806,Arjun Verma,56,Male,AB+,9139491199
39807,Rohan Reddy,22,Male,A+,9691291902
39808,Priya Sharma,53,Male,A+,9805276482
39809,Aditya Kapoor,23,Male,AB+,9207233411
39810,Kavya Patel,40,Female,B-,9236936862
39811,Karan Gupta,37,Female,A-,9340322222
39812,Arjun Singh,55,Female,AB-,9490763626
39813,Arjun Kapoor,39,Female,O+,9578719459
39814,Sneha Verma,27,Male,O-,9659180401
39815,Vikram Mehta,53,Male,A-,9345426354
39816,Pooja Gupta,32,Male,O+,9102274178
39817,Divya Mehta,22,Female,A-,9192654033
39818,Vikram Mehta,38,Female,AB-,9856294449
39819,Vikram Singh,52,Female,B+,9623025459
39820,Priya Sharma,32,Male,A+,9647888479
39821,Sneha Verma,23,Female,O+,9168716472
39822,Aman Verma,56,Male,B-,9835962414
39823,Riya Verma,20,Female,A-,9896764731
39824,Sahil Kapoor,38,Female,A+,9228551888
39825,Rohan Kapoor,39,Female,B-,9698221306
39826,Divya Singh,19,Female,A-,9555293162
39827,Sahil Sharma,50,Male,B+,9861326989
39828,Pooja Patel,22,Male,AB+,9475488031
39829,Aditya Patel,50,Female,O-,9966057719
39830,Neha Sharma,37,Female,A+,9743332191
39831,Karan Verma,27,Female,A-,9956269308
39832,Sneha Gupta,23,Female,A+,9125283878
39833,Sneha Reddy,33,Male,B-,9452486463
39834,Pooja Sharma,32,Female,B-,9817470906
39835,Sneha Reddy,54,Female,AB+,9154117950
39836,Divya Sharma,30,Female,AB+,9845424612
39837,Vikram Sharma,52,Female,A+,9891240150
39838,Anjali Mehta,31,Female,AB-,9154528135
39839,Vikram Patel,55,Female,B+,9160844117
39840,Kavya Singh,38,Male,O+,9322530708
39841,Rohan Mehta,49,Male,A-,9163184752
39842,Kavya Kapoor,30,Male,AB+,9495355983
39843,Sneha Patel,20,Female,A+,9922708957
39844,Anjali Patel,21,Female,B+,9820679024
39845,Karan Sharma,53,Female,O+,9204495731
39846,Sneha Sharma,55,Male,B+,9636916856
39847,Karan Kapoor,25,Male,A+,9727417604
39848,Rahul Singh,24,Female,O+,9453231937
39849,Sneha Gupta,28,Female,A+,9880539857
39850,Karan Patel,27,Female,A+,9988857241
39851,Anjali Reddy,57,Female,B+,9989018152
39852,Sahil Singh,51,Female,B-,9120381377
39853,Pooja Singh,35,Female,O-,9584566241
39854,Anjali Verma,27,Male,AB+,9756759939
39855,Rohan Singh,35,Female,O-,9412801867
39856,Aman Gupta,23,Female,AB-,9185823436
39857,Sahil Kapoor,47,Female,A-,9917391248
39858,Arjun Reddy,47,Male,AB+,9286675484
39859,Kavya Reddy,59,Female,AB-,9145497226
39860,Rohan Verma,22,Male,B-,9927711188
39861,Priya Patel,59,Male,B-,9139506637
39862,Priya Kapoor,36,Male,AB-,9808485378
39863,Sahil Gupta,45,Male,B-,9447875717
39864,Rohan Verma,42,Female,B-,9182164991
39865,Riya Reddy,41,Female,A+,9351103719
39866,Aman Verma,43,Female,O+,9988277745
39867,Sahil Gupta,29,Female,A-,9459594315
39868,Vikram Mehta,51,Female,AB-,9444571175
39869,Priya Mehta,55,Male,A+,9251111337
39870,Neha Singh,33,Male,A+,9416370616
39871,Karan Reddy,60,Female,AB-,9982517680
39872,Aman Gupta,53,Female,B-,9390008407
39873,Priya Sharma,56,Female,AB-,9652677326
39874,Vikram Mehta,44,Male,B+,9312642322
39875,Sneha Kapoor,18,Male,B-,9923488181
39876,Arjun Patel,33,Male,B-,9743456633
39877,Aditya Mehta,46,Female,O-,9770523077
39878,Neha Gupta,36,Female,B-,9455811230
39879,Riya Gupta,22,Female,AB+,9695565103
39880,Rahul Gupta,31,Male,A+,9301210215
39881,Arjun Sharma,31,Female,A-,9586337981
39882,Pooja Mehta,56,Female,O-,9626769360
39883,Divya Singh,21,Male,A-,9339964466
39884,Aditya Mehta,50,Male,O-,9711093344
39885,Sneha Sharma,56,Female,O+,9699799587
39886,Riya Sharma,31,Female,B-,9619205331
39887,Riya Reddy,36,Female,O+,9918785283
39888,Pooja Gupta,47,Female,A-,9566637320
39889,Anjali Singh,40,Female,B-,9355656495
39890,Vikram Verma,25,Female,A+,9385089710
39891,Anjali Mehta,35,Male,AB-,9110454249
39892,Sneha Sharma,57,Female,AB+,9545900174
39893,Sneha Mehta,41,Female,B+,9957918818
39894,Riya Patel,58,Female,AB-,9861051443
39895,Priya Singh,59,Female,B-,9233494365
39896,Priya Kapoor,46,Female,A+,9352122379
39897,Riya Patel,40,Male,A+,9988562729
39898,Aditya Mehta,59,Male,B+,9189328989
39899,Pooja Sharma,45,Male,O+,9628756292
39900,Anjali Patel,42,Female,O+,9417315196
39901,Riya Gupta,53,Male,AB-,9686266710
39902,Sahil Patel,19,Female,A+,9544306432
39903,Sahil Gupta,44,Male,O-,9280372134
39904,Aman Sharma,46,Male,AB-,9954980622
39905,Aditya Patel,28,Male,O+,9130583064
39906,Aman Singh,52,Female,O-,9332795276
39907,Sahil Patel,40,Female,A-,9125889945
39908,Pooja Verma,35,Female,AB+,9324748856
39909,Pooja Sharma,37,Male,B+,9136198081
39910,Priya Sharma,49,Female,O+,9966778598
39911,Rahul Gupta,35,Female,AB-,9597799451
39912,Aditya Sharma,40,Female,A-,9443424726
39913,Sneha Mehta,57,Female,O-,9545652512
39914,Aman Patel,20,Male,O+,9999496804
39915,Karan Gupta,26,Female,B+,9985773436
39916,Aditya Singh,28,Female,A-,9789055980
39917,Rohan Patel,47,Male,B+,9292515930
39918,Divya Sharma,47,Female,B-,9616426706
39919,Aditya Sharma,48,Male,B-,9610814642
39920,Riya Mehta,36,Male,A-,9382069958
39921,Pooja Patel,22,Male,O+,9852004139
39922,Riya Kapoor,58,Female,A-,9768747962
39923,Karan Singh,50,Female,A+,9410044021
39924,Aman Sharma,31,Female,O+,9826289872
39925,Sahil Kapoor,40,Male,O-,9631555396
39926,Priya Reddy,39,Female,AB+,9171603413
39927,Divya Verma,52,Male,AB-,9953084952
39928,Rohan Verma,24,Female,B-,9446001255
39929,Vikram Verma,55,Male,O-,9305904065
39930,Rahul Patel,59,Male,AB-,9610612654
39931,Vikram Singh,47,Male,O+,9676495915
39932,Sahil Gupta,48,Male,AB+,9870871978
39933,Riya Patel,20,Male,AB+,9380631613
39934,Rahul Reddy,21,Male,O-,9596339832
39935,Riya Reddy,21,Female,A-,9781168381
39936,Rohan Singh,49,Female,A-,9354566306
39937,Divya Sharma,54,Male,A-,9523526478
39938,Aditya Gupta,27,Female,A+,9385332278
39939,Pooja Gupta,24,Male,O+,9936286577
39940,Riya Mehta,20,Male,B-,9443119881
39941,Vikram Mehta,56,Male,O+,9163512901
39942,Anjali Mehta,27,Male,O+,9790121848
39943,Rohan Kapoor,19,Male,AB+,9776169648
39944,Aman Verma,39,Female,B-,9419171875
39945,Aman Gupta,21,Female,B-,9979265485
39946,Anjali Singh,46,Female,B+,9433861352
39947,Priya Verma,30,Female,AB-,9159566093
39948,Pooja Reddy,38,Male,A+,9820025068
39949,Vikram Singh,44,Male,AB+,9667425722
39950,Kavya Verma,37,Female,AB-,9589476909
39951,Divya Sharma,24,Female,O+,9114324722
39952,Aditya Kapoor,26,Female,A-,9652395282
39953,Sahil Patel,35,Female,AB+,9207776683
39954,Neha Sharma,49,Male,AB-,9221967668
39955,Divya Gupta,58,Female,A+,9764720220
39956,Neha Reddy,19,Male,AB-,9524606021
39957,Aman Patel,54,Female,AB+,9850939208
39958,Kavya Kapoor,27,Female,O-,9957522090
39959,Neha Kapoor,47,Male,O-,9960173342
39960,Karan Sharma,60,Male,O+,9682329794
39961,Vikram Reddy,58,Male,A-,9676615681
39962,Aditya Kapoor,40,Female,O+,9675153586
39963,Riya Sharma,60,Female,A-,9436364000
39964,Arjun Singh,33,Male,A+,9842064045
39965,Neha Mehta,55,Male,B+,9967093725
39966,Aditya Kapoor,31,Female,AB-,9898116707
39967,Rohan Singh,39,Male,AB-,9356381691
39968,Aman Verma,38,Male,A-,9644624463
39969,Riya Patel,53,Female,O-,9987302494
39970,Karan Singh,33,Female,O-,9531390793
39971,Vikram Mehta,21,Male,AB-,9452092225
39972,Aman Sharma,22,Female,A-,9769361127
39973,Neha Mehta,33,Female,AB+,9796276416
39974,Pooja Mehta,50,Female,O+,9575088115
39975,Divya Reddy,47,Female,B-,9142694303
39976,Sahil Verma,47,Female,O-,9929637774
39977,Riya Patel,22,Male,AB+,9448747870
39978,Sneha Reddy,48,Female,B-,9947313037
39979,Aditya Mehta,57,Male,O+,9684951763
39980,Aman Patel,45,Male,B-,9613085639
39981,Pooja Sharma,56,Male,B-,9669286512
39982,Sneha Verma,43,Female,B-,9275596484
39983,Rahul Mehta,31,Female,AB-,9700205528
39984,Sahil Sharma,26,Female,B+,9987815057
39985,Neha Singh,32,Male,AB+,9739381791
39986,Kavya Sharma,41,Male,O-,9858170052
39987,Pooja Mehta,57,Male,B+,9635405241
39988,Anjali Sharma,46,Female,AB-,9874716525
39989,Rohan Singh,37,Male,A-,9874789128
39990,Rohan Verma,20,Male,O-,9953907140
39991,Karan Singh,21,Male,O+,9567551224
39992,Sneha Sharma,43,Female,AB-,9422810131
39993,Rohan Kapoor,22,Female,B-,9559942420
39994,Pooja Reddy,40,Male,A+,9438747205
39995,Rahul Singh,47,Male,B-,9657821733
39996,Sahil Patel,35,Female,O-,9914972549
39997,Sahil Reddy,55,Male,O+,9715641733
39998,Sneha Sharma,37,Male,AB+,9438906400
39999,Priya Verma,20,Female,A+,9201903291
40000,Rohan Gupta,30,Male,A+,9497271504
40001,Arjun Sharma,29,Female,AB+,9237127655
40002,Rahul Reddy,37,Female,A-,9339077869
40003,Rahul Kapoor,52,Female,O-,9516791603
40004,Vikram Verma,58,Female,O+,9291783135
40005,Neha Mehta,32,Male,B+,9268046378
40006,Karan Sharma,49,Male,O-,9201784820
40007,Divya Singh,53,Female,B+,9654477055
40008,Neha Kapoor,24,Male,B-,9957651525
40009,Divya Patel,40,Male,O+,9707503962
40010,Aman Verma,39,Male,A+,9877484635
40011,Sahil Gupta,56,Female,B+,9760581716
40012,Arjun Verma,55,Male,AB-,9386040679
40013,Sahil Kapoor,43,Female,A-,9353923391
40014,Arjun Patel,22,Male,B+,9926347366
40015,Rohan Reddy,32,Male,AB-,9288350223
40016,Riya Sharma,32,Female,B-,9736970473
40017,Neha Reddy,32,Female,A+,9216180228
40018,Anjali Reddy,22,Male,B+,9294796490
40019,Vikram Patel,22,Female,AB+,9212360463
40020,Pooja Gupta,21,Male,AB-,9542973999
40021,Vikram Gupta,29,Female,B-,9978477627
40022,Aditya Verma,48,Female,AB-,9512723409
40023,Pooja Kapoor,35,Female,AB+,9620761500
40024,Arjun Patel,39,Female,O+,9563039731
40025,Karan Gupta,42,Male,AB+,9370121260
40026,Aditya Patel,28,Female,O-,9339854416
40027,Anjali Gupta,56,Female,AB-,9117906489
40028,Aman Verma,24,Male,B+,9342601092
40029,Priya Kapoor,31,Male,A-,9485190406
40030,Sneha Kapoor,29,Male,A-,9319668713
40031,Kavya Gupta,43,Male,AB+,9198022523
40032,Anjali Patel,22,Male,O-,9415257066
40033,Aditya Patel,22,Female,B-,9621736257
40034,Priya Singh,49,Female,A-,9425018103
40035,Neha Mehta,56,Female,A+,9741853269
40036,Arjun Mehta,32,Male,B+,9703109919
40037,Sneha Singh,20,Male,B+,9668195902
40038,Aditya Gupta,34,Male,AB+,9180019067
40039,Aditya Reddy,26,Male,AB-,9281221963
40040,Sneha Sharma,50,Male,AB+,9902425888
40041,Anjali Verma,27,Male,B+,9456729943
40042,Aditya Gupta,50,Female,O+,9135327874
40043,Rohan Gupta,28,Female,B-,9896707298
40044,Vikram Mehta,39,Male,A+,9329518515
40045,Rohan Gupta,55,Female,A+,9888113563
40046,Kavya Sharma,18,Male,AB+,9209703159
40047,Vikram Verma,35,Female,O+,9637872364
40048,Arjun Kapoor,58,Male,AB+,9341471165
40049,Sahil Singh,59,Female,B-,9803997382
40050,Sneha Kapoor,39,Male,AB+,9832946308
40051,Karan Sharma,25,Male,O-,9220826991
40052,Priya Reddy,56,Male,B-,9834544784
40053,Riya Gupta,24,Female,O+,9456945210
40054,Rahul Sharma,44,Female,O-,9526317647
40055,Divya Reddy,24,Female,B+,9647502954
40056,Karan Reddy,48,Male,AB-,9251325134
40057,Sneha Singh,52,Male,B+,9818953300
40058,Aditya Verma,59,Male,O+,9400807568
40059,Sahil Sharma,18,Male,B+,9542276031
40060,Riya Patel,19,Female,B+,9616265601
40061,Karan Reddy,24,Male,AB-,9281264914
40062,Aditya Reddy,55,Male,A-,9768867444
40063,Vikram Kapoor,49,Female,AB+,9110061685
40064,Arjun Singh,23,Female,O+,9784836984
40065,Vikram Mehta,26,Female,A-,9704274415
40066,Divya Singh,49,Male,AB-,9664575002
40067,Priya Verma,47,Male,O+,9799305260
40068,Neha Kapoor,20,Female,B-,9590045930
40069,Rahul Sharma,55,Male,AB+,9619504663
40070,Arjun Reddy,53,Male,O-,9811345257
40071,Rohan Kapoor,37,Female,B-,9808627926
40072,Rohan Sharma,20,Male,AB+,9552421539
40073,Anjali Sharma,48,Male,O-,9991548470
40074,Pooja Reddy,47,Male,A+,9107928713
40075,Sahil Mehta,60,Female,AB+,9116941039
40076,Pooja Reddy,18,Male,AB-,9620713976
40077,Rahul Kapoor,46,Male,A+,9596187941
40078,Aditya Patel,29,Female,AB-,9888406587
40079,Vikram Sharma,36,Male,A+,9499305070
40080,Kavya Kapoor,37,Female,O+,9371935542
40081,Pooja Patel,49,Male,AB-,9320276993
40082,Priya Reddy,49,Female,A-,9811318106
40083,Anjali Gupta,46,Female,O-,9227366074
40084,Vikram Singh,18,Male,O-,9269372920
40085,Aman Reddy,46,Female,A+,9646470384
40086,Pooja Sharma,26,Male,A-,9164873394
40087,Rohan Verma,36,Male,B+,9600745358
40088,Kavya Patel,24,Male,AB-,9744373683
40089,Pooja Sharma,50,Male,O-,9861637556
40090,Vikram Mehta,29,Male,AB-,9314758884
40091,Kavya Sharma,42,Female,AB-,9888926485
40092,Neha Mehta,25,Male,O-,9357638914
40093,Sneha Verma,29,Female,A-,9330262816
40094,Vikram Sharma,48,Male,A+,9237397413
40095,Aman Sharma,44,Male,AB-,9829537373
40096,Rohan Patel,48,Male,O+,9745570001
40097,Vikram Patel,28,Female,O-,9756150953
40098,Pooja Singh,46,Female,B-,9614585114
40099,Rahul Gupta,29,Male,B-,9787655520
40100,Aditya Kapoor,55,Female,A-,9386192096
40101,Aman Sharma,32,Male,A-,9765008788
40102,Kavya Reddy,52,Male,O+,9668274843
40103,Divya Verma,31,Female,O+,9576588102
40104,Kavya Mehta,26,Female,AB+,9721636819
40105,Vikram Sharma,44,Male,A-,9271697062
40106,Arjun Patel,53,Male,A+,9846785122
40107,Aman Verma,28,Female,B+,9965736987
40108,Neha Mehta,38,Female,O-,9600143523
40109,Sahil Patel,21,Female,O+,9667702076
40110,Sahil Reddy,51,Female,A+,9785483179
40111,Pooja Kapoor,54,Female,O-,9171059912
40112,Aditya Sharma,21,Male,B-,9161932548
40113,Vikram Gupta,37,Male,O-,9993791034
40114,Aditya Verma,35,Male,A+,9875017460
40115,Divya Sharma,30,Male,AB+,9521420300
40116,Vikram Kapoor,42,Female,B+,9994217816
40117,Rohan Gupta,26,Male,O+,9211911890
40118,Aditya Patel,38,Male,AB+,9660205889
40119,Karan Patel,33,Female,AB-,9618805459
40120,Pooja Gupta,23,Female,A-,9509723033
40121,Divya Reddy,42,Male,A-,9477299033
40122,Rahul Singh,22,Male,AB+,9230242681
40123,Aman Patel,26,Female,B+,9895032573
40124,Anjali Gupta,29,Female,AB-,9784686384
40125,Kavya Verma,33,Male,B+,9230924426
40126,Anjali Kapoor,32,Male,B+,9671547200
40127,Priya Patel,34,Male,AB+,9970891288
40128,Riya Mehta,34,Male,O-,9290674108
40129,Pooja Reddy,60,Male,B+,9885424825
40130,Neha Sharma,50,Male,A+,9285659059
40131,Kavya Sharma,27,Female,A-,9586617753
40132,Riya Reddy,18,Female,A-,9245144745
40133,Divya Verma,57,Female,AB-,9943923852
40134,Vikram Mehta,28,Male,B+,9200850347
40135,Karan Kapoor,29,Male,A+,9716989343
40136,Anjali Sharma,35,Male,B+,9636096075
40137,Divya Singh,21,Male,A-,9848886886
40138,Sahil Reddy,42,Male,A-,9799606168
40139,Sahil Kapoor,26,Female,A+,9152846617
40140,Aditya Patel,51,Male,AB+,9379866993
40141,Rahul Sharma,48,Female,O-,9820192681
40142,Arjun Singh,30,Female,O+,9261941767
40143,Priya Kapoor,30,Female,O-,9777850207
40144,Aman Mehta,30,Female,AB-,9520526969
40145,Sneha Singh,59,Male,B+,9724866771
40146,Rohan Gupta,25,Male,B+,9270976908
40147,Sneha Sharma,19,Male,B-,9291623580
40148,Vikram Singh,37,Male,A+,9949196452
40149,Aditya Patel,56,Male,AB+,9478390761
40150,Arjun Sharma,54,Male,O-,9733724027
40151,Pooja Verma,42,Female,AB+,9319849538
40152,Arjun Singh,30,Female,B-,9225255704
40153,Neha Mehta,29,Male,O+,9960395651
40154,Anjali Patel,39,Male,A-,9989457387
40155,Sneha Gupta,28,Male,A+,9913134448
40156,Sneha Reddy,51,Male,A-,9543356492
40157,Neha Sharma,52,Male,B-,9425440816
40158,Sahil Gupta,33,Female,A-,9952875499
40159,Rahul Singh,50,Male,A-,9515522132
40160,Rohan Kapoor,24,Female,B+,9864855571
40161,Vikram Sharma,59,Male,O+,9763301970
40162,Sahil Reddy,48,Female,A+,9361071039
40163,Sneha Patel,53,Male,A-,9956724866
40164,Rahul Patel,52,Male,B-,9562009505
40165,Riya Kapoor,59,Female,A-,9238562279
40166,Priya Reddy,59,Male,O+,9882065220
40167,Sneha Sharma,33,Female,AB+,9937192959
40168,Anjali Mehta,34,Male,AB+,9546099963
40169,Sneha Patel,22,Male,B-,9835500307
40170,Vikram Kapoor,48,Male,A+,9378477275
40171,Anjali Patel,36,Male,O+,9718324680
40172,Pooja Verma,53,Male,B-,9799085699
40173,Anjali Mehta,42,Male,AB+,9751203498
40174,Sneha Singh,33,Female,O-,9887255916
40175,Vikram Patel,44,Male,AB-,9510818742
40176,Sahil Patel,37,Male,A+,9486425665
40177,Vikram Verma,44,Female,AB-,9298930214
40178,Karan Patel,43,Male,B-,9940503012
40179,Sneha Singh,22,Female,O+,9867121152
40180,Vikram Mehta,38,Male,A-,9961763469
40181,Riya Verma,58,Female,A+,9150044965
40182,Rohan Kapoor,38,Male,A+,9298606223
40183,Neha Reddy,34,Female,A+,9202911782
40184,Anjali Reddy,32,Female,AB-,9971292984
40185,Sahil Sharma,18,Female,O+,9341564829
40186,Vikram Reddy,33,Female,AB+,9833179386
40187,Karan Sharma,29,Male,AB+,9700889751
40188,Kavya Sharma,45,Female,A+,9666517578
40189,Sahil Gupta,54,Male,O-,9910096985
40190,Divya Patel,30,Male,O+,9491652102
40191,Sneha Kapoor,25,Female,O-,9752948041
40192,Aman Gupta,27,Female,O-,9955061932
40193,Sneha Gupta,23,Male,AB+,9381712866
40194,Priya Singh,19,Male,A-,9354639986
40195,Kavya Patel,59,Female,A+,9481734775
40196,Rohan Verma,47,Female,O-,9195483354
40197,Arjun Sharma,20,Male,O+,9401571791
40198,Divya Verma,33,Male,B-,9545979812
40199,Arjun Singh,59,Male,AB-,9903537832
40200,Vikram Gupta,43,Female,A+,9373043531
40201,Sneha Sharma,50,Male,AB+,9637065709
40202,Riya Reddy,39,Female,B-,9423482955
40203,Sneha Kapoor,27,Female,A-,9845442288
40204,Priya Kapoor,40,Male,AB+,9178792838
40205,Divya Gupta,39,Male,A+,9300733046
40206,Aman Singh,39,Male,AB+,9832967994
40207,Riya Kapoor,48,Female,B-,9304074671
40208,Rohan Gupta,36,Male,O+,9405631809
40209,Rohan Mehta,46,Male,B-,9248022413
40210,Arjun Singh,24,Male,B-,9969679854
40211,Riya Gupta,43,Female,A+,9266881750
40212,Anjali Singh,52,Male,B+,9851054786
40213,Rahul Sharma,42,Female,AB+,9181018448
40214,Sahil Reddy,37,Male,AB+,9210581205
40215,Priya Sharma,18,Male,A-,9748130677
40216,Pooja Gupta,34,Female,A+,9973701678
40217,Riya Verma,41,Male,AB+,9692528926
40218,Riya Kapoor,25,Female,A-,9581574855
40219,Rohan Patel,36,Male,AB-,9167029642
40220,Anjali Verma,29,Female,O-,9487871682
40221,Vikram Mehta,45,Male,O+,9623323823
40222,Kavya Gupta,36,Male,B+,9630222769
40223,Kavya Sharma,24,Male,AB+,9933112510
40224,Aman Verma,32,Male,AB-,9338126585
40225,Rahul Reddy,34,Female,B+,9786602824
40226,Arjun Mehta,21,Female,AB-,9631315100
40227,Rahul Reddy,20,Male,AB-,9302854364
40228,Anjali Verma,19,Female,O-,9409834959
40229,Vikram Patel,44,Male,AB+,9890498466
40230,Kavya Verma,50,Male,A-,9858981305
40231,Vikram Sharma,54,Female,B-,9792127593
40232,Divya Sharma,43,Male,A+,9544816459
40233,Sahil Kapoor,40,Female,O+,9240451539
40234,Anjali Patel,45,Female,B+,9217622651
40235,Rohan Mehta,56,Male,B+,9115257163
40236,Divya Patel,59,Female,B-,9281596021
40237,Rahul Patel,25,Female,A+,9741675398
40238,Pooja Reddy,57,Male,A+,9209609342
40239,Anjali Kapoor,43,Male,B+,9461533511
40240,Neha Sharma,18,Female,O+,9161373445
40241,Divya Singh,29,Male,A+,9208710980
40242,Riya Verma,48,Male,O+,9664357691
40243,Priya Kapoor,41,Female,B+,9638452257
40244,Priya Verma,36,Male,O+,9417543110
40245,Vikram Kapoor,30,Female,A+,9723006753
40246,Karan Mehta,30,Female,AB+,9238510273
40247,Arjun Singh,52,Male,B-,9858132109
40248,Arjun Gupta,36,Female,B-,9783138437
40249,Vikram Mehta,28,Male,O+,9753369065
40250,Rohan Mehta,40,Male,O+,9599524955
40251,Divya Patel,28,Male,B+,9153367611
40252,Neha Singh,50,Male,O+,9591179136
40253,Kavya Sharma,24,Male,AB-,9889304874
40254,Neha Mehta,52,Male,B+,9769010932
40255,Sneha Reddy,22,Female,O+,9457989260
40256,Sneha Mehta,33,Female,A+,9837544331
40257,Priya Verma,53,Male,B+,9586400528
40258,Riya Singh,44,Female,AB+,9974171367
40259,Sneha Sharma,59,Female,AB-,9956016397
40260,Priya Verma,26,Female,O+,9219151233
40261,Divya Singh,27,Male,B-,9444275616
40262,Sneha Mehta,28,Male,B+,9907706903
40263,Arjun Kapoor,52,Female,AB-,9708475107
40264,Pooja Mehta,40,Male,A+,9244827698
40265,Rahul Gupta,49,Male,AB-,9706082999
40266,Aman Kapoor,45,Male,O-,9917338990
40267,Aditya Mehta,21,Male,O-,9589330810
40268,Karan Mehta,60,Male,O-,9941385734
40269,Sneha Gupta,44,Female,B-,9616466685
40270,Arjun Mehta,58,Male,B+,9344786642
40271,Riya Sharma,49,Male,AB-,9822225801
40272,Arjun Sharma,27,Female,AB-,9583054330
40273,Sneha Kapoor,55,Male,O-,9173687365
40274,Rahul Reddy,41,Female,A+,9980287247
40275,Rohan Patel,28,Female,AB-,9887062943
40276,Priya Kapoor,34,Female,B-,9611787554
40277,Sahil Verma,40,Male,B-,9352702098
40278,Neha Sharma,56,Male,AB+,9649586497
40279,Neha Patel,50,Male,A+,9769934331
40280,Pooja Patel,59,Male,A+,9116118253
40281,Arjun Verma,29,Male,B+,9953913490
40282,Anjali Gupta,55,Male,AB-,9206138021
40283,Divya Verma,47,Male,B-,9503628186
40284,Aman Sharma,42,Male,AB+,9297220710
40285,Priya Gupta,40,Male,A-,9241772618
40286,Rahul Patel,46,Male,O+,9274595904
40287,Sahil Patel,43,Female,O-,9164668821
40288,Aditya Gupta,25,Female,AB-,9185597505
40289,Anjali Gupta,55,Female,A-,9929872537
40290,Sneha Sharma,39,Male,O-,9791574074
40291,Sahil Mehta,21,Female,A+,9902567619
40292,Pooja Patel,24,Female,O+,9645007150
40293,Rohan Reddy,25,Female,AB-,9165378977
40294,Divya Patel,37,Male,A-,9192857250
40295,Rahul Sharma,45,Female,A-,9125174584
40296,Vikram Reddy,60,Female,O-,9599421904
40297,Aman Mehta,26,Female,A-,9467887880
40298,Neha Patel,57,Male,O+,9662473821
40299,Karan Singh,42,Male,A-,9580803264
40300,Kavya Patel,20,Male,AB-,9503175519
40301,Rahul Sharma,55,Female,A-,9748649713
40302,Vikram Kapoor,47,Male,O+,9792137902
40303,Sneha Sharma,60,Male,AB-,9464837120
40304,Rohan Mehta,51,Female,AB+,9479196094
40305,Anjali Patel,29,Female,O-,9365907101
40306,Kavya Verma,57,Female,B-,9189563402
40307,Sneha Mehta,40,Male,AB-,9788224847
40308,Kavya Verma,36,Female,AB-,9355879334
40309,Aditya Sharma,52,Male,O+,9562245626
40310,Neha Patel,45,Male,B+,9860359014
40311,Vikram Patel,36,Male,B+,9602235656
40312,Arjun Kapoor,31,Female,B-,9575588574
40313,Pooja Kapoor,35,Male,O+,9440088328
40314,Riya Gupta,55,Female,O-,9804833733
40315,Aditya Verma,27,Male,A-,9186534183
40316,Sahil Sharma,51,Female,AB-,9863990621
40317,Arjun Singh,41,Female,B-,9366937735
40318,Pooja Verma,33,Female,B-,9221538617
40319,Kavya Singh,37,Male,O+,9160233697
40320,Riya Kapoor,45,Male,AB+,9301766014
40321,Aman Kapoor,44,Male,B-,9246234915
40322,Rohan Mehta,30,Male,B+,9519467598
40323,Rohan Singh,39,Female,B+,9678991296
40324,Karan Gupta,33,Female,A-,9356280037
40325,Kavya Reddy,28,Female,O+,9222214635
40326,Neha Sharma,34,Female,AB-,9561465467
40327,Divya Sharma,60,Male,O-,9635645249
40328,Riya Sharma,40,Female,A+,9988601295
40329,Riya Kapoor,51,Male,B+,9243436167
40330,Arjun Reddy,45,Male,O-,9572103644
40331,Riya Kapoor,52,Male,A-,9538067127
40332,Arjun Sharma,42,Male,A-,9623011698
40333,Neha Patel,35,Male,AB+,9495273530
40334,Divya Sharma,20,Male,B-,9647969537
40335,Divya Verma,26,Female,B+,9936111331
40336,Sneha Kapoor,21,Male,AB-,9319933787
40337,Sahil Verma,33,Female,A-,9748119811
40338,Rohan Reddy,30,Female,O-,9276358116
40339,Riya Singh,59,Female,O+,9604549474
40340,Sahil Gupta,26,Male,B-,9886119292
40341,Rahul Gupta,31,Male,B+,9381006932
40342,Aditya Reddy,48,Female,B-,9319445470
40343,Divya Patel,39,Female,A-,9189995527
40344,Sahil Gupta,32,Male,O+,9849371308
40345,Rahul Reddy,53,Male,B+,9849092695
40346,Kavya Singh,51,Female,A+,9297262046
40347,Arjun Singh,29,Female,B+,9909051452
40348,Riya Patel,24,Male,AB-,9968850427
40349,Priya Mehta,40,Female,AB+,9431792428
40350,Sneha Verma,36,Female,O-,9192878530
40351,Rohan Gupta,26,Male,A-,9167655442
40352,Vikram Mehta,22,Male,AB-,9326597594
40353,Pooja Reddy,60,Male,B-,9384020199
40354,Riya Gupta,36,Female,B+,9634712396
40355,Rohan Sharma,33,Male,O-,9996792834
40356,Karan Verma,27,Female,AB+,9694016412
40357,Karan Patel,31,Male,A+,9240760808
40358,Neha Patel,29,Male,B-,9129446952
40359,Kavya Sharma,22,Male,A+,9722756411
40360,Arjun Reddy,36,Male,A-,9340981922
40361,Kavya Mehta,60,Female,B-,9689849327
40362,Priya Sharma,47,Female,A-,9675882185
40363,Aditya Kapoor,26,Female,B+,9409770033
40364,Riya Singh,59,Female,A+,9771003688
40365,Pooja Gupta,36,Female,AB-,9270469120
40366,Kavya Patel,60,Female,O+,9198440502
40367,Pooja Patel,43,Male,O+,9504215604
40368,Priya Gupta,37,Male,O-,9628732084
40369,Anjali Verma,43,Female,O-,9603169178
40370,Divya Sharma,39,Male,B+,9580308266
40371,Sahil Singh,35,Male,O+,9928131767
40372,Rohan Gupta,57,Male,B+,9368364066
40373,Aditya Kapoor,43,Female,A-,9467416247
40374,Divya Sharma,35,Male,O-,9695664340
40375,Sneha Gupta,22,Female,A-,9292053945
40376,Priya Verma,25,Female,B-,9544493146
40377,Riya Patel,25,Male,O-,9159415610
40378,Pooja Verma,40,Male,O+,9672514694
40379,Rahul Verma,20,Female,O-,9888512882
40380,Sahil Patel,23,Female,O+,9197948515
40381,Riya Gupta,38,Female,AB+,9297306890
40382,Sahil Singh,25,Female,O-,9725314981
40383,Kavya Kapoor,51,Male,A-,9406598002
40384,Rohan Gupta,26,Male,O-,9809887903
40385,Sahil Verma,19,Male,B+,9264865896
40386,Divya Gupta,37,Male,A+,9733686767
40387,Divya Mehta,30,Male,B+,9771387429
40388,Aman Mehta,41,Female,B+,9703211163
40389,Sneha Singh,24,Female,B+,9856746451
40390,Aman Sharma,21,Female,A+,9492368711
40391,Neha Kapoor,24,Male,O-,9396515895
40392,Rahul Verma,29,Female,B+,9368122166
40393,Neha Kapoor,58,Male,O-,9298820118
40394,Priya Kapoor,38,Female,AB-,9662780531
40395,Arjun Sharma,22,Male,B+,9740105313
40396,Sahil Patel,32,Male,A-,9859435623
40397,Neha Singh,21,Male,AB+,9783847797
40398,Rohan Patel,36,Male,O+,9136881160
40399,Arjun Verma,33,Male,O-,9253021179
40400,Riya Sharma,36,Male,O+,9472893279
40401,Riya Sharma,53,Male,AB-,9924362755
40402,Sahil Verma,52,Female,A-,9430323933
40403,Vikram Gupta,30,Male,B+,9196633601
40404,Anjali Gupta,40,Male,A+,9241941884
40405,Vikram Patel,26,Female,O-,9940967408
40406,Divya Kapoor,53,Female,B+,9639118269
40407,Aman Reddy,57,Female,B-,9485812915
40408,Neha Singh,51,Male,A+,9108395521
40409,Karan Verma,33,Male,B+,9646746346
40410,Sahil Reddy,47,Female,A+,9696263975
40411,Neha Gupta,22,Female,O+,9264732460
40412,Vikram Sharma,20,Female,A-,9621541369
40413,Pooja Patel,47,Female,AB+,9848131099
40414,Aman Reddy,35,Male,O-,9631096238
40415,Divya Singh,47,Male,A-,9471098246
40416,Aditya Kapoor,38,Male,AB+,9657877859
40417,Aditya Singh,18,Male,O+,9198661264
40418,Pooja Mehta,45,Female,A+,9491265144
40419,Anjali Verma,37,Female,B+,9439097905
40420,Rahul Mehta,49,Male,AB-,9739816023
40421,Anjali Singh,41,Female,AB+,9272071724
40422,Sneha Singh,52,Female,AB+,9450159633
40423,Aditya Singh,22,Male,A-,9432554473
40424,Neha Sharma,57,Female,AB+,9166805487
40425,Vikram Verma,25,Male,O-,9503042080
40426,Vikram Singh,47,Male,O-,9203410844
40427,Sneha Singh,54,Male,B-,9132790391
40428,Karan Singh,44,Female,O+,9919352320
40429,Pooja Kapoor,59,Female,AB-,9431080396
40430,Rohan Kapoor,34,Female,B+,9822636116
40431,Pooja Mehta,56,Male,B+,9324146231
40432,Neha Kapoor,39,Female,O-,9746559224
40433,Vikram Kapoor,19,Female,B+,9321022415
40434,Anjali Gupta,54,Male,O-,9959532987
40435,Arjun Patel,59,Male,B-,9219285956
40436,Anjali Gupta,45,Male,A+,9255749196
40437,Rahul Patel,23,Female,A+,9441439093
40438,Riya Gupta,22,Female,B+,9627768966
40439,Anjali Patel,25,Male,AB+,9360496154
40440,Divya Verma,53,Male,O+,9193735342
40441,Sneha Sharma,23,Female,O-,9941539128
40442,Divya Singh,43,Female,O+,9902004008
40443,Karan Kapoor,55,Male,B-,9634073552
40444,Sneha Sharma,55,Male,AB+,9103301929
40445,Anjali Sharma,36,Male,B+,9276324431
40446,Riya Mehta,51,Male,O+,9924366016
40447,Sahil Sharma,42,Male,A+,9743063323
40448,Vikram Patel,51,Female,O-,9233220710
40449,Neha Kapoor,27,Female,O+,9776404387
40450,Rohan Patel,30,Male,A+,9257388570
40451,Arjun Gupta,55,Female,B-,9560651329
40452,Pooja Gupta,35,Female,B-,9373660719
40453,Riya Verma,29,Male,B-,9509289120
40454,Arjun Sharma,49,Male,AB-,9570119035
40455,Pooja Gupta,51,Male,B+,9777540821
40456,Rohan Sharma,30,Female,A-,9674130164
40457,Karan Reddy,32,Male,B+,9812256650
40458,Aman Gupta,60,Male,O+,9494890389
40459,Rohan Kapoor,26,Male,B+,9663668649
40460,Vikram Reddy,39,Female,B+,9372667974
40461,Anjali Patel,40,Male,B+,9545656159
40462,Divya Sharma,43,Male,B+,9290559867
40463,Karan Mehta,23,Male,AB-,9352462905
40464,Pooja Verma,43,Female,O-,9591469132
40465,Neha Reddy,39,Female,O+,9123949071
40466,Aman Sharma,44,Female,AB-,9469209830
40467,Pooja Sharma,45,Female,B+,9640256179
40468,Aman Sharma,24,Male,A+,9312163859
40469,Arjun Reddy,39,Male,B+,9363105236
40470,Anjali Patel,53,Male,AB-,9286673194
40471,Priya Gupta,36,Male,O-,9105806274
40472,Arjun Kapoor,27,Female,O-,9673234427
40473,Rohan Verma,49,Female,A-,9452401166
40474,Divya Mehta,27,Male,O-,9207728483
40475,Aman Kapoor,50,Male,AB+,9687184359
40476,Rahul Patel,48,Female,AB-,9969471798
40477,Anjali Sharma,41,Male,AB+,9365006039
40478,Anjali Sharma,21,Male,B-,9155423087
40479,Anjali Reddy,53,Female,B-,9673974840
40480,Divya Verma,37,Female,A+,9810552547
40481,Sneha Reddy,28,Male,B-,9631171869
40482,Karan Reddy,21,Female,AB-,9355945864
40483,Rahul Verma,47,Female,A+,9145781576
40484,Aman Mehta,23,Male,O-,9385533956
40485,Divya Gupta,56,Male,A-,9314852236
40486,Sneha Reddy,38,Male,AB-,9705678164
40487,Vikram Kapoor,52,Male,B-,9604337276
40488,Rohan Verma,50,Male,AB+,9174648973
40489,Kavya Sharma,26,Female,O-,9986022415
40490,Karan Gupta,39,Male,B+,9643972859
40491,Aman Sharma,29,Female,O+,9144473439
40492,Rohan Patel,33,Male,AB+,9118932267
40493,Karan Patel,35,Female,A+,9990893288
40494,Aman Verma,52,Female,B-,9320346178
40495,Neha Singh,39,Male,B+,9151663846
40496,Sahil Reddy,48,Male,B-,9623937094
40497,Rohan Verma,44,Male,A+,9307343266
40498,Sahil Reddy,40,Male,A-,9910495220
40499,Rahul Verma,47,Male,B+,9662904510
40500,Divya Mehta,53,Male,B+,9638615729
40501,Sahil Verma,36,Female,A-,9599388898
40502,Vikram Mehta,44,Male,O+,9605210805
40503,Kavya Kapoor,51,Male,O+,9543830678
40504,Aditya Patel,36,Female,AB-,9906969883
40505,Neha Verma,21,Male,B+,9799951703
40506,Pooja Patel,22,Male,A-,9930545117
40507,Aman Reddy,42,Female,A+,9160354435
40508,Rohan Sharma,57,Male,O-,9762964969
40509,Pooja Mehta,60,Female,A+,9737574662
40510,Priya Gupta,59,Female,AB+,9895514218
40511,Sahil Verma,54,Female,A+,9728169686
40512,Sahil Mehta,43,Female,B-,9888005779
40513,Rahul Verma,56,Male,O-,9672566235
40514,Sahil Reddy,48,Male,O+,9758530066
40515,Priya Mehta,37,Male,AB-,9943832581
40516,Priya Sharma,46,Male,AB-,9810910477
40517,Sahil Singh,27,Male,O-,9342306382
40518,Aman Reddy,57,Female,A+,9350062702
40519,Pooja Gupta,39,Female,O-,9564548155
40520,Anjali Verma,29,Male,A-,9677021914
40521,Neha Verma,55,Male,A-,9224443834
40522,Aman Patel,52,Male,B+,9315309952
40523,Kavya Mehta,25,Female,O+,9255170003
40524,Divya Reddy,30,Female,AB+,9481594713
40525,Rohan Reddy,38,Male,A+,9942885802
40526,Rohan Singh,57,Female,O+,9226565047
40527,Kavya Mehta,31,Male,AB+,9250668676
40528,Rahul Mehta,28,Female,B-,9213636578
40529,Riya Verma,34,Female,AB+,9618863113
40530,Rohan Sharma,56,Male,O-,9558389684
40531,Vikram Mehta,26,Male,AB+,9769078228
40532,Anjali Reddy,57,Male,A-,9615458997
40533,Aditya Reddy,25,Female,O+,9610106813
40534,Pooja Verma,48,Male,B-,9866505331
40535,Anjali Singh,32,Male,AB-,9864148523
40536,Pooja Kapoor,21,Male,A+,9651727647
40537,Neha Sharma,26,Female,B+,9111165750
40538,Neha Mehta,47,Female,A-,9612025122
40539,Divya Sharma,18,Female,O+,9236202143
40540,Pooja Gupta,42,Female,O-,9288697566
40541,Divya Mehta,33,Female,A-,9749129489
40542,Sahil Kapoor,33,Female,B-,9834918953
40543,Neha Kapoor,34,Male,A-,9144898189
40544,Arjun Verma,27,Female,A-,9332246510
40545,Anjali Reddy,58,Female,O-,9453901957
40546,Pooja Patel,47,Male,A+,9165465481
40547,Pooja Gupta,19,Female,A-,9993696126
40548,Karan Singh,47,Male,A-,9563037022
40549,Karan Kapoor,43,Male,B+,9976197918
40550,Kavya Reddy,50,Male,AB-,9495988950
40551,Aditya Singh,28,Male,AB+,9861801260
40552,Rahul Verma,35,Male,B+,9234920590
40553,Aman Mehta,49,Female,AB-,9690686978
40554,Pooja Gupta,59,Male,A-,9261434348
40555,Arjun Mehta,49,Female,AB+,9603974760
40556,Kavya Verma,29,Female,B-,9344559321
40557,Aman Verma,37,Male,AB+,9349935188
40558,Aman Patel,48,Female,AB+,9297018394
40559,Divya Singh,45,Female,O+,9837115249
40560,Aditya Reddy,20,Female,A-,9873821552
40561,Pooja Kapoor,51,Male,AB+,9235536079
40562,Sahil Mehta,53,Male,O+,9903374049
40563,Priya Patel,34,Male,B+,9694377300
40564,Priya Gupta,23,Male,A+,9219010208
40565,Neha Mehta,22,Female,O-,9132983316
40566,Aman Verma,31,Male,AB+,9967643153
40567,Sneha Patel,29,Male,B-,9365376643
40568,Anjali Mehta,42,Male,B+,9916482689
40569,Neha Patel,58,Male,AB+,9485817719
40570,Rahul Kapoor,56,Female,O-,9405836893
40571,Priya Gupta,42,Male,B+,9782834788
40572,Rohan Patel,26,Male,AB+,9198907633
40573,Anjali Singh,58,Male,B+,9783926440
40574,Kavya Patel,38,Female,O-,9925448231
40575,Kavya Singh,46,Female,B-,9669735799
40576,Neha Patel,38,Male,AB-,9685905557
40577,Kavya Patel,28,Male,B-,9499050395
40578,Priya Mehta,43,Male,A-,9114037371
40579,Kavya Sharma,46,Male,AB+,9848155534
40580,Sneha Sharma,46,Male,B-,9424224147
40581,Priya Patel,57,Female,A-,9482360489
40582,Sneha Singh,41,Male,B-,9773237209
40583,Karan Verma,54,Male,B+,9202424659
40584,Vikram Reddy,51,Male,B+,9684173603
40585,Priya Gupta,22,Female,AB+,9966742158
40586,Anjali Reddy,51,Female,A+,9787477537
40587,Rohan Gupta,20,Female,O-,9400962798
40588,Neha Kapoor,34,Male,O+,9823684557
40589,Vikram Gupta,26,Male,O+,9443248154
40590,Sneha Reddy,41,Male,O+,9160424067
40591,Aman Kapoor,47,Male,AB+,9572243359
40592,Pooja Patel,19,Male,O-,9748351402
40593,Kavya Mehta,59,Female,A+,9205998860
40594,Aman Verma,40,Female,O+,9113429717
40595,Neha Gupta,43,Male,O-,9576541388
40596,Aman Mehta,47,Male,A-,9370838684
40597,Rohan Kapoor,48,Male,B-,9277024276
40598,Aditya Gupta,55,Female,AB+,9361175074
40599,Priya Kapoor,20,Female,O+,9801128883
40600,Rohan Mehta,46,Female,O-,9131011723
40601,Divya Gupta,56,Female,A-,9744776143
40602,Vikram Reddy,55,Male,A-,9557337189
40603,Riya Patel,43,Female,AB+,9401146568
40604,Rohan Kapoor,50,Female,A-,9480991731
40605,Rahul Reddy,22,Male,AB+,9776378008
40606,Rohan Kapoor,23,Male,O-,9619750317
40607,Vikram Mehta,32,Female,AB-,9551496075
40608,Aman Kapoor,20,Male,A-,9453593692
40609,Aditya Mehta,44,Female,O+,9879022348
40610,Priya Sharma,50,Male,O+,9899909336
40611,Sahil Patel,50,Female,AB-,9467010213
40612,Pooja Verma,41,Male,AB-,9901793253
40613,Pooja Reddy,20,Female,AB+,9246847761
40614,Sahil Mehta,60,Male,B-,9781034180
40615,Aditya Gupta,44,Female,AB-,9893162416
40616,Vikram Patel,57,Male,O-,9534461205
40617,Karan Kapoor,47,Male,O-,9349035171
40618,Vikram Reddy,23,Female,AB+,9803439440
40619,Vikram Kapoor,48,Male,A+,9285886187
40620,Anjali Mehta,22,Male,O+,9748497140
40621,Aman Gupta,48,Female,B+,9525804183
40622,Aditya Sharma,47,Male,A+,9688720372
40623,Rahul Mehta,41,Male,AB-,9551939754
40624,Riya Reddy,37,Female,B+,9650274757
40625,Sneha Kapoor,52,Male,AB+,9105060837
40626,Sneha Reddy,40,Male,A-,9222013538
40627,Riya Verma,48,Male,O-,9417171632
40628,Anjali Gupta,44,Male,A-,9544829517
40629,Rohan Mehta,47,Male,O-,9960643425
40630,Pooja Kapoor,44,Male,AB-,9598959193
40631,Rohan Sharma,49,Female,O-,9449933683
40632,Vikram Verma,48,Female,O+,9659381053
40633,Vikram Sharma,41,Male,O-,9876261481
40634,Kavya Patel,35,Female,AB+,9121498776
40635,Riya Mehta,54,Male,O-,9877451788
40636,Divya Singh,48,Male,O+,9400855592
40637,Rahul Sharma,36,Female,O-,9231896417
40638,Divya Sharma,22,Female,AB+,9830466534
40639,Neha Reddy,27,Female,AB+,9394601548
40640,Vikram Mehta,22,Male,B-,9366300214
40641,Neha Singh,31,Male,O+,9178003511
40642,Anjali Gupta,26,Male,O+,9711736941
40643,Rohan Patel,58,Male,AB+,9491783430
40644,Pooja Patel,42,Female,B-,9814086415
40645,Neha Kapoor,60,Female,A+,9359014917
40646,Karan Patel,60,Male,B-,9454992523
40647,Aman Mehta,60,Female,B-,9664683804
40648,Rahul Verma,34,Male,O+,9578322196
40649,Vikram Sharma,32,Female,A-,9542028805
40650,Pooja Gupta,24,Female,O-,9692765257
40651,Sahil Patel,47,Female,B-,9151460728
40652,Sneha Singh,36,Male,B-,9425694963
40653,Rohan Mehta,33,Female,O+,9130339947
40654,Priya Verma,57,Male,AB-,9374170161
40655,Karan Kapoor,32,Male,O+,9530818037
40656,Riya Sharma,53,Male,O-,9799141551
40657,Pooja Verma,45,Male,A-,9630768528
40658,Sahil Patel,48,Male,AB+,9617773238
40659,Aditya Patel,34,Male,B+,9791124575
40660,Anjali Reddy,55,Male,B-,9665632616
40661,Vikram Reddy,30,Female,O-,9296615912
40662,Aditya Gupta,42,Female,A+,9965076579
40663,Rahul Mehta,35,Female,O-,9973503260
40664,Kavya Kapoor,30,Male,O-,9291809151
40665,Rahul Mehta,44,Female,B+,9814905223
40666,Aditya Sharma,18,Male,O+,9397925931
40667,Karan Kapoor,46,Male,AB+,9151987447
40668,Arjun Singh,53,Female,AB-,9221916094
40669,Aditya Sharma,22,Female,B+,9812782138
40670,Vikram Reddy,60,Female,A-,9256018693
40671,Sneha Mehta,44,Female,B+,9139858540
40672,Rahul Sharma,50,Male,AB-,9554764937
40673,Riya Gupta,59,Female,A+,9275922328
40674,Neha Singh,32,Male,A+,9897032243
40675,Aditya Singh,47,Male,A-,9635356353
40676,Sneha Reddy,55,Male,A+,9635120579
40677,Pooja Reddy,39,Female,B-,9897209249
40678,Rohan Verma,31,Female,AB-,9603472692
40679,Riya Mehta,40,Male,B+,9382702439
40680,Anjali Sharma,34,Female,A+,9833571987
40681,Riya Reddy,49,Female,AB+,9460651839
40682,Vikram Verma,20,Female,B+,9135017499
40683,Sahil Gupta,57,Male,O-,9663098660
40684,Priya Mehta,32,Male,O+,9279210096
40685,Riya Reddy,28,Female,B+,9626128173
40686,Divya Gupta,18,Female,B+,9701042949
40687,Pooja Mehta,55,Male,AB+,9600159830
40688,Kavya Patel,18,Male,A-,9798323461
40689,Neha Mehta,45,Female,O+,9817670701
40690,Aman Verma,43,Male,A-,9784408104
40691,Rohan Kapoor,26,Male,A+,9250424354
40692,Riya Verma,22,Female,AB-,9403879727
40693,Divya Sharma,54,Female,B-,9570875145
40694,Rohan Gupta,30,Male,O-,9310559878
40695,Aditya Singh,26,Female,AB+,9827530711
40696,Arjun Patel,30,Female,B-,9308391944
40697,Arjun Sharma,52,Male,O-,9909226357
40698,Riya Mehta,43,Female,AB+,9485959205
40699,Sneha Patel,38,Male,AB-,9931066205
40700,Karan Reddy,34,Female,A+,9964646671
40701,Anjali Gupta,59,Male,B+,9999324583
40702,Vikram Gupta,56,Male,O+,9420874766
40703,Sneha Reddy,55,Female,O-,9420022857
40704,Arjun Singh,44,Female,B+,9752341135
40705,Priya Patel,58,Female,A+,9789780461
40706,Neha Singh,45,Male,AB-,9370749290
40707,Rahul Sharma,51,Male,A+,9971515262
40708,Arjun Kapoor,53,Female,B-,9466712252
40709,Sahil Patel,31,Male,AB+,9504538008
40710,Aditya Patel,53,Female,A-,9457128425
40711,Vikram Verma,19,Male,AB-,9869382944
40712,Karan Kapoor,46,Female,AB+,9284937537
40713,Priya Kapoor,24,Male,A-,9958088222
40714,Arjun Patel,33,Female,O-,9999460841
40715,Riya Singh,36,Male,B+,9834055436
40716,Rohan Gupta,37,Male,O+,9481308828
40717,Rohan Gupta,28,Female,O-,9220003024
40718,Pooja Gupta,39,Male,AB+,9846227498
40719,Anjali Verma,51,Female,B+,9344226536
40720,Neha Patel,41,Male,O-,9669062917
40721,Sneha Patel,56,Male,B-,9420765402
40722,Riya Gupta,60,Male,O+,9577636550
40723,Rahul Reddy,51,Male,B-,9506123274
40724,Pooja Mehta,24,Male,O-,9608501300
40725,Aditya Verma,37,Female,A+,9220874893
40726,Sahil Mehta,18,Female,A-,9303156919
40727,Neha Kapoor,49,Female,AB-,9910136297
40728,Pooja Singh,45,Male,A-,9657235531
40729,Vikram Singh,38,Male,B+,9809654839
40730,Divya Gupta,55,Male,AB+,9828899123
40731,Divya Mehta,41,Female,O+,9279248670
40732,Aditya Gupta,33,Male,O-,9631991200
40733,Anjali Kapoor,44,Female,A-,9938627239
40734,Anjali Mehta,19,Male,AB+,9136586810
40735,Arjun Singh,28,Female,O-,9251717166
40736,Sneha Patel,39,Female,AB+,9532381829
40737,Priya Gupta,58,Female,B+,9605182367
40738,Rohan Patel,48,Female,AB+,9344300303
40739,Neha Gupta,51,Male,A+,9915522701
40740,Riya Mehta,22,Male,A-,9118083806
40741,Divya Verma,52,Male,AB+,9341339466
40742,Neha Singh,28,Female,B-,9944077732
40743,Anjali Reddy,22,Male,A+,9774173722
40744,Divya Reddy,38,Male,AB-,9837864292
40745,Karan Kapoor,21,Female,A+,9108317679
40746,Anjali Verma,45,Female,O+,9775568261
40747,Priya Kapoor,30,Male,O-,9580384187
40748,Neha Sharma,43,Female,O+,9206850321
40749,Sneha Singh,41,Male,A+,9801930870
40750,Anjali Reddy,60,Female,B+,9245921726
40751,Pooja Singh,37,Female,A+,9267245117
40752,Rohan Verma,27,Female,AB-,9861789683
40753,Sahil Sharma,57,Female,O+,9514560121
40754,Riya Kapoor,18,Male,AB+,9165584597
40755,Arjun Sharma,40,Male,O+,9647528872
40756,Vikram Gupta,52,Male,AB-,9386604282
40757,Pooja Gupta,30,Male,O-,9818574868
40758,Pooja Gupta,18,Female,O-,9340193400
40759,Rohan Gupta,43,Female,B-,9867995546
40760,Kavya Verma,20,Male,AB+,9461947881
40761,Sahil Kapoor,50,Female,B+,9245677682
40762,Divya Gupta,31,Male,B-,9252254395
40763,Rahul Gupta,20,Male,AB-,9507464631
40764,Kavya Patel,50,Female,O+,9692364493
40765,Divya Kapoor,59,Female,O-,9529779888
40766,Rohan Reddy,20,Female,B+,9317137671
40767,Kavya Sharma,59,Female,O+,9192871246
40768,Arjun Verma,28,Female,B-,9981281869
40769,Vikram Sharma,59,Female,A-,9364830618
40770,Rohan Gupta,30,Male,A-,9319062464
40771,Sneha Sharma,51,Male,A+,9421215705
40772,Neha Mehta,37,Male,A+,9855659266
40773,Aman Mehta,34,Male,AB-,9696017353
40774,Neha Verma,21,Male,AB+,9292464974
40775,Aditya Singh,38,Male,AB-,9993809683
40776,Sahil Singh,42,Female,O-,9693555287
40777,Pooja Verma,29,Male,O-,9466571409
40778,Rohan Singh,31,Male,O-,9905629571
40779,Neha Verma,51,Male,O+,9344769051
40780,Pooja Patel,57,Male,AB-,9196101678
40781,Aman Kapoor,41,Male,B+,9405378887
40782,Riya Gupta,52,Female,AB-,9372068120
40783,Rohan Gupta,52,Female,B-,9720943630
40784,Rohan Reddy,49,Male,O+,9257614096
40785,Anjali Verma,30,Male,A+,9112582243
40786,Sneha Kapoor,46,Male,O-,9176554713
40787,Priya Gupta,48,Male,A-,9704294452
40788,Kavya Kapoor,51,Female,B+,9535265606
40789,Vikram Sharma,59,Male,O+,9961046892
40790,Kavya Mehta,43,Female,O+,9782644025
40791,Arjun Patel,35,Female,A+,9162213396
40792,Anjali Kapoor,31,Male,A-,9359591164
40793,Pooja Patel,42,Female,A-,9735410598
40794,Vikram Gupta,49,Male,B+,9334097419
40795,Neha Kapoor,29,Male,O-,9856680969
40796,Riya Mehta,53,Female,AB+,9132779952
40797,Riya Gupta,56,Male,AB+,9381265818
40798,Karan Sharma,46,Male,AB+,9469830438
40799,Arjun Mehta,59,Female,O-,9685852366
40800,Divya Patel,53,Female,B+,9545406083
40801,Aditya Reddy,45,Female,A-,9638088342
40802,Karan Kapoor,18,Female,B-,9967796700
40803,Divya Reddy,51,Female,A+,9516768926
40804,Rohan Verma,52,Male,A+,9981586001
40805,Sneha Gupta,27,Male,AB-,9320470673
40806,Kavya Verma,25,Male,O-,9211602748
40807,Rohan Verma,43,Male,A+,9627047321
40808,Sahil Kapoor,50,Female,A+,9805429179
40809,Kavya Mehta,57,Male,O+,9423667565
40810,Pooja Patel,53,Female,AB-,9134088947
40811,Riya Patel,53,Male,B+,9246516586
40812,Pooja Gupta,19,Male,A-,9492180106
40813,Arjun Kapoor,32,Female,AB-,9412326347
40814,Rohan Kapoor,19,Female,AB+,9246318500
40815,Sneha Verma,27,Female,B+,9758908611
40816,Sahil Verma,30,Male,O+,9849577869
40817,Arjun Gupta,56,Male,AB+,9784315029
40818,Priya Sharma,22,Female,AB-,9567960177
40819,Pooja Patel,54,Male,B+,9406648242
40820,Karan Gupta,52,Male,A+,9993662176
40821,Anjali Verma,59,Female,B-,9152581063
40822,Sahil Mehta,39,Female,AB+,9777717569
40823,Sahil Verma,27,Female,O-,9159577490
40824,Rohan Sharma,36,Male,B-,9225547331
40825,Sahil Patel,26,Male,A+,9121952569
40826,Neha Patel,58,Female,O-,9665343595
40827,Sneha Singh,48,Male,O-,9584540673
40828,Divya Kapoor,26,Male,B-,9303697357
40829,Aman Kapoor,32,Male,A+,9692618161
40830,Sahil Kapoor,25,Female,AB-,9317962367
40831,Arjun Patel,37,Male,B-,9707477366
40832,Sahil Verma,31,Female,A-,9600072525
40833,Karan Verma,18,Female,B-,9966876214
40834,Neha Sharma,36,Female,O-,9150469993
40835,Sneha Verma,40,Male,B-,9390304887
40836,Neha Kapoor,24,Female,AB+,9209709473
40837,Vikram Sharma,44,Female,A-,9708930722
40838,Aman Sharma,25,Male,AB+,9230659481
40839,Pooja Mehta,53,Male,O-,9821248302
40840,Sneha Kapoor,24,Male,AB-,9503407082
40841,Rahul Gupta,44,Male,AB-,9999456813
40842,Sneha Patel,43,Male,AB+,9900508952
40843,Anjali Mehta,41,Female,AB+,9132465096
40844,Karan Sharma,25,Male,A+,9569909393
40845,Rohan Verma,19,Female,O-,9349229604
40846,Arjun Singh,31,Female,AB+,9302014190
40847,Anjali Patel,44,Female,A-,9926796679
40848,Neha Reddy,30,Female,AB+,9225141432
40849,Rahul Patel,56,Female,A+,9682007179
40850,Sneha Gupta,56,Female,O-,9740075878
40851,Arjun Singh,35,Female,O+,9501905537
40852,Vikram Singh,27,Female,AB+,9325761672
40853,Sneha Reddy,29,Male,A-,9188567127
40854,Anjali Verma,55,Male,B-,9998850400
40855,Anjali Patel,51,Female,B+,9464353556
40856,Arjun Singh,51,Male,O-,9141685726
40857,Aditya Verma,53,Female,B-,9540317481
40858,Pooja Reddy,52,Male,B-,9672849797
40859,Pooja Reddy,46,Female,B-,9451486389
40860,Pooja Reddy,40,Male,AB-,9811258177
40861,Karan Mehta,22,Female,B-,9246319242
40862,Priya Singh,28,Female,A-,9290367753
40863,Neha Patel,52,Male,O+,9424128509
40864,Kavya Gupta,60,Male,B+,9350459452
40865,Aman Singh,53,Female,B+,9181504597
40866,Arjun Sharma,57,Male,B-,9506350962
40867,Arjun Gupta,19,Male,AB+,9194762681
40868,Neha Mehta,31,Male,A-,9100151174
40869,Priya Patel,34,Male,A-,9487923407
40870,Rohan Singh,42,Male,B+,9726923056
40871,Anjali Gupta,20,Female,AB-,9193158374
40872,Divya Singh,35,Female,AB-,9115684622
40873,Riya Patel,50,Female,A+,9663532443
40874,Pooja Patel,26,Male,A-,9974012789
40875,Rahul Verma,27,Female,O-,9397361956
40876,Sahil Kapoor,39,Female,A+,9734574336
40877,Karan Verma,29,Male,A+,9960328276
40878,Vikram Singh,58,Female,O+,9510625672
40879,Sneha Verma,54,Male,B-,9771708416
40880,Neha Mehta,36,Male,AB-,9500315307
40881,Sahil Reddy,47,Female,B+,9636519821
40882,Priya Reddy,18,Male,B-,9154459223
40883,Neha Gupta,58,Female,A+,9234154989
40884,Kavya Reddy,22,Female,O+,9521443680
40885,Divya Mehta,46,Male,A-,9544897704
40886,Kavya Singh,34,Female,O+,9956242820
40887,Arjun Kapoor,56,Female,B+,9337027508
40888,Aditya Kapoor,25,Female,B+,9312895632
40889,Aditya Kapoor,57,Male,B+,9534575403
40890,Karan Reddy,58,Male,B-,9253416605
40891,Anjali Gupta,52,Female,A+,9575316552
40892,Rahul Kapoor,26,Female,B-,9249220259
40893,Pooja Patel,26,Male,AB-,9249646396
40894,Neha Singh,46,Female,O+,9585916104
40895,Kavya Sharma,25,Female,O+,9206504208
40896,Sahil Verma,51,Female,O+,9184523141
40897,Vikram Singh,57,Male,B+,9215544127
40898,Divya Kapoor,32,Male,AB+,9569997149
40899,Rohan Kapoor,48,Male,B+,9719823767
40900,Karan Sharma,31,Male,O+,9314701328
40901,Vikram Kapoor,27,Male,B-,9208618784
40902,Arjun Gupta,21,Female,O-,9216417136
40903,Karan Mehta,43,Female,AB-,9169898280
40904,Sneha Mehta,34,Female,B+,9906009687
40905,Aman Sharma,28,Female,A-,9362726313
40906,Pooja Gupta,46,Male,O+,9887444039
40907,Aman Verma,22,Female,O+,9290690327
40908,Sneha Gupta,36,Male,AB+,9878856345
40909,Aditya Reddy,57,Female,AB+,9632942819
40910,Rahul Gupta,26,Male,B-,9556690276
40911,Rahul Kapoor,56,Female,A+,9431617714
40912,Aditya Patel,38,Male,O-,9241618805
40913,Vikram Kapoor,22,Female,A-,9984799149
40914,Arjun Reddy,39,Male,O+,9944471240
40915,Sneha Gupta,24,Female,B-,9889303272
40916,Pooja Reddy,45,Male,AB+,9898518266
40917,Anjali Singh,27,Female,AB-,9711671763
40918,Vikram Mehta,56,Female,AB-,9922625603
40919,Pooja Kapoor,47,Male,AB-,9719345186
40920,Kavya Mehta,53,Female,O-,9286704538
40921,Rahul Sharma,38,Male,B+,9415315533
40922,Riya Mehta,30,Male,A+,9853967957
40923,Karan Patel,19,Male,A+,9832817530
40924,Rohan Singh,21,Male,B-,9723165855
40925,Karan Verma,53,Male,B-,9103090407
40926,Rahul Mehta,40,Female,AB+,9478036978
40927,Pooja Patel,44,Female,AB-,9738887168
40928,Anjali Singh,21,Female,O-,9368233551
40929,Neha Mehta,23,Female,O-,9836090572
40930,Priya Reddy,31,Male,AB+,9492368532
40931,Kavya Reddy,18,Female,AB+,9722310447
40932,Aditya Patel,18,Male,B-,9322166056
40933,Aman Sharma,18,Female,AB-,9136505637
40934,Rohan Sharma,34,Male,A+,9132209347
40935,Sahil Sharma,51,Male,B-,9974355805
40936,Anjali Singh,54,Male,AB-,9922890101
40937,Neha Singh,28,Female,B+,9994426867
40938,Karan Gupta,19,Male,O+,9926513816
40939,Sneha Singh,57,Male,O-,9262012869
40940,Karan Gupta,28,Female,O+,9191668767
40941,Rohan Sharma,59,Male,AB-,9437606051
40942,Rohan Singh,43,Female,O+,9315721211
40943,Anjali Patel,19,Female,AB-,9597880863
40944,Aman Sharma,38,Female,A-,9657520920
40945,Neha Singh,41,Female,O+,9493812573
40946,Rohan Verma,31,Female,AB-,9867428614
40947,Sneha Reddy,28,Male,B+,9513367296
40948,Neha Singh,56,Female,AB-,9627088493
40949,Divya Mehta,59,Male,A+,9257022723
40950,Sneha Patel,40,Female,AB-,9509276454
40951,Rahul Reddy,19,Male,AB+,9536753127
40952,Pooja Mehta,26,Female,AB+,9850012969
40953,Neha Gupta,58,Female,B+,9712354193
40954,Rahul Sharma,21,Female,A+,9532076349
40955,Karan Verma,43,Female,AB-,9914914488
40956,Kavya Sharma,51,Male,A+,9242045342
40957,Priya Patel,34,Female,A-,9229705360
40958,Neha Kapoor,54,Female,A+,9647092001
40959,Sneha Reddy,60,Female,B+,9438807254
40960,Kavya Gupta,22,Male,O+,9971355267
40961,Rahul Kapoor,60,Female,A-,9516581310
40962,Neha Singh,55,Male,O-,9424422859
40963,Riya Kapoor,56,Female,B+,9623130930
40964,Rahul Reddy,20,Female,B-,9940488019
40965,Vikram Patel,47,Female,AB+,9498157133
40966,Anjali Sharma,51,Female,AB+,9541282559
40967,Riya Kapoor,57,Female,AB-,9594904046
40968,Kavya Mehta,60,Female,AB+,9556164925
40969,Rahul Mehta,32,Male,A-,9702342553
40970,Kavya Sharma,31,Female,AB-,9863422226
40971,Aditya Reddy,22,Male,B+,9192211605
40972,Aditya Verma,60,Male,A-,9747199730
40973,Aman Kapoor,34,Male,B+,9566750297
40974,Riya Mehta,27,Male,O+,9684769612
40975,Kavya Patel,31,Female,B+,9362050750
40976,Anjali Gupta,30,Male,A+,9681342644
40977,Aman Verma,19,Female,A-,9283885035
40978,Priya Sharma,54,Male,AB-,9871421004
40979,Divya Gupta,43,Male,O+,9454224772
40980,Sahil Mehta,20,Male,B+,9177463366
40981,Pooja Kapoor,38,Female,B-,9189415517
40982,Arjun Kapoor,44,Male,AB-,9691299512
40983,Karan Sharma,22,Male,AB+,9251460216
40984,Neha Patel,54,Male,AB-,9529101554
40985,Arjun Reddy,37,Male,O+,9929458885
40986,Pooja Mehta,32,Female,O+,9262334467
40987,Neha Mehta,22,Female,AB-,9983887714
40988,Pooja Patel,53,Male,AB-,9621482064
40989,Riya Patel,42,Male,AB+,9910946882
40990,Aman Sharma,46,Female,O+,9314874920
40991,Aman Reddy,60,Male,O+,9363619442
40992,Pooja Kapoor,54,Male,B-,9558436887
40993,Aman Verma,31,Female,AB-,9120028695
40994,Rohan Reddy,45,Female,AB-,9672171912
40995,Arjun Gupta,59,Male,O+,9719150287
40996,Kavya Gupta,54,Male,B-,9526164591
40997,Karan Sharma,33,Female,B+,9487610021
40998,Priya Sharma,18,Male,O-,9634871664
40999,Rahul Verma,30,Male,AB-,9247582779
41000,Arjun Singh,35,Female,AB+,9405288278
41001,Pooja Singh,56,Female,B-,9424120285
41002,Pooja Patel,57,Female,A-,9771925741
41003,Vikram Mehta,32,Male,AB-,9426254650
41004,Aditya Sharma,21,Male,AB+,9679039175
41005,Karan Sharma,49,Male,A+,9598094885
41006,Arjun Kapoor,42,Female,A-,9133935104
41007,Vikram Singh,57,Male,AB-,9976731153
41008,Rohan Patel,48,Female,B+,9289771636
41009,Rahul Reddy,20,Male,AB+,9184504877
41010,Sahil Reddy,44,Female,AB-,9316205824
41011,Rohan Patel,26,Male,O-,9680135382
41012,Aman Reddy,57,Male,O+,9766948185
41013,Anjali Mehta,33,Male,O-,9406068943
41014,Priya Singh,45,Male,AB-,9913625760
41015,Karan Kapoor,58,Female,AB+,9682821883
41016,Riya Singh,19,Male,AB+,9648774451
41017,Neha Singh,46,Male,AB+,9400442722
41018,Pooja Patel,59,Female,AB+,9446206330
41019,Arjun Singh,45,Male,A+,9254447807
41020,Anjali Mehta,53,Female,AB-,9890375343
41021,Vikram Kapoor,56,Female,AB+,9728438475
41022,Sahil Verma,26,Female,AB+,9364677371
41023,Arjun Sharma,24,Female,B-,9273717012
41024,Riya Gupta,18,Female,AB+,9264988607
41025,Sahil Mehta,22,Female,B+,9992035684
41026,Neha Mehta,41,Female,O+,9705965232
41027,Arjun Gupta,58,Male,AB+,9732618477
41028,Karan Patel,42,Male,B-,9853414437
41029,Rohan Singh,36,Male,B-,9424645009
41030,Sahil Mehta,31,Female,O-,9568944799
41031,Sneha Singh,33,Male,B+,9534013864
41032,Sahil Sharma,36,Female,A-,9467904974
41033,Divya Kapoor,32,Male,O-,9161079057
41034,Sneha Verma,38,Female,AB+,9899397076
41035,Kavya Mehta,41,Male,A+,9767627368
41036,Aman Verma,19,Male,B-,9490375603
41037,Priya Kapoor,48,Male,O-,9457522226
41038,Karan Reddy,21,Male,O+,9427970623
41039,Pooja Patel,49,Male,B-,9743708825
41040,Aman Reddy,46,Male,A+,9552290819
41041,Kavya Reddy,48,Male,B+,9414942575
41042,Priya Kapoor,43,Male,O+,9609159322
41043,Vikram Kapoor,29,Female,O+,9746549290
41044,Kavya Kapoor,44,Male,AB+,9921695544
41045,Priya Patel,31,Male,O+,9259039147
41046,Aman Patel,19,Male,B-,9884776385
41047,Pooja Patel,36,Male,AB+,9865491750
41048,Kavya Verma,46,Male,B+,9471046234
41049,Divya Sharma,29,Female,A+,9124887329
41050,Rahul Patel,34,Female,A+,9517823045
41051,Kavya Patel,29,Male,B+,9627276324
41052,Sneha Kapoor,25,Female,O+,9673677124
41053,Vikram Sharma,33,Female,A+,9612920802
41054,Aditya Mehta,32,Female,B-,9381235218
41055,Rahul Kapoor,53,Male,B+,9464597517
41056,Anjali Reddy,60,Female,O-,9564430151
41057,Sneha Verma,29,Female,AB+,9538397427
41058,Rohan Kapoor,41,Male,AB+,9843315285
41059,Divya Singh,33,Female,A+,9691458579
41060,Karan Reddy,48,Female,O-,9801781794
41061,Divya Reddy,54,Female,AB+,9199902262
41062,Riya Kapoor,25,Female,O+,9635079875
41063,Rohan Reddy,43,Male,AB-,9100792353
41064,Sahil Patel,26,Female,O+,9382374126
41065,Aman Kapoor,51,Female,B+,9981690198
41066,Riya Verma,30,Female,B-,9264066289
41067,Sneha Gupta,40,Female,A+,9549991674
41068,Rahul Patel,35,Female,AB+,9909765349
41069,Aditya Mehta,34,Female,A-,9245194122
41070,Arjun Sharma,40,Female,O+,9443002411
41071,Riya Reddy,35,Female,O-,9344547511
41072,Neha Verma,47,Female,O+,9492471826
41073,Divya Gupta,32,Male,O-,9217073172
41074,Rohan Gupta,25,Female,B-,9574798093
41075,Rohan Reddy,45,Male,AB-,9809002256
41076,Riya Kapoor,53,Female,AB-,9413593851
41077,Rahul Gupta,54,Male,AB-,9505302929
41078,Pooja Sharma,50,Female,O-,9593783422
41079,Pooja Mehta,35,Male,B+,9664913120
41080,Rohan Gupta,21,Male,B-,9451403646
41081,Aman Singh,37,Female,AB-,9183084789
41082,Vikram Patel,18,Female,O-,9144514590
41083,Aditya Singh,39,Female,A-,9676467743
41084,Karan Singh,60,Female,B-,9141481131
41085,Rohan Gupta,55,Female,B-,9955429625
41086,Aman Verma,37,Female,AB-,9671244552
41087,Riya Gupta,21,Male,AB-,9404477673
41088,Anjali Gupta,19,Male,B-,9222716853
41089,Aditya Verma,41,Female,AB+,9313621628
41090,Priya Patel,48,Female,A-,9694802783
41091,Neha Mehta,32,Male,B-,9372198131
41092,Divya Kapoor,48,Male,AB+,9476743776
41093,Pooja Kapoor,39,Female,O+,9699420153
41094,Vikram Sharma,49,Male,O-,9256284607
41095,Riya Gupta,33,Female,B+,9669391249
41096,Riya Verma,56,Female,A+,9237614496
41097,Rohan Verma,32,Male,A-,9226125758
41098,Kavya Patel,52,Female,B+,9312737409
41099,Sahil Mehta,46,Male,AB+,9801298817
41100,Arjun Verma,56,Female,A-,9954206339
41101,Neha Kapoor,25,Male,AB-,9163695060
41102,Anjali Kapoor,46,Male,O+,9360252299
41103,Rohan Reddy,22,Female,B-,9676598534
41104,Neha Singh,59,Female,O+,9604571685
41105,Divya Patel,28,Female,B+,9353920283
41106,Rohan Sharma,44,Male,O+,9189877471
41107,Sneha Mehta,19,Male,O+,9320599505
41108,Aditya Verma,26,Female,A-,9611983818
41109,Sahil Patel,43,Female,A+,9199671185
41110,Divya Sharma,60,Female,A-,9772180002
41111,Divya Gupta,46,Female,A+,9914752180
41112,Neha Gupta,32,Female,A+,9777572721
41113,Pooja Verma,26,Male,O+,9548765482
41114,Divya Singh,43,Male,A+,9688826581
41115,Kavya Patel,28,Female,AB-,9359066306
41116,Sneha Patel,48,Female,O-,9424068970
41117,Rahul Sharma,39,Male,O+,9352913319
41118,Riya Singh,28,Female,AB-,9625731060
41119,Rohan Kapoor,31,Female,A+,9650988078
41120,Riya Verma,24,Male,B+,9458709261
41121,Arjun Mehta,49,Female,A-,9966238245
41122,Anjali Gupta,36,Male,B-,9975896697
41123,Rahul Kapoor,49,Female,A+,9376692037
41124,Rohan Singh,24,Male,AB+,9136829970
41125,Kavya Sharma,23,Female,B-,9781108063
41126,Arjun Singh,30,Female,O+,9525038753
41127,Anjali Gupta,27,Female,AB+,9326485695
41128,Sahil Mehta,52,Male,AB-,9548193251
41129,Sahil Kapoor,51,Male,B+,9174677939
41130,Priya Patel,44,Female,O-,9179822601
41131,Neha Kapoor,23,Female,A+,9454553626
41132,Vikram Mehta,54,Female,B-,9177538063
41133,Priya Gupta,36,Female,A+,9779708140
41134,Aman Kapoor,55,Male,B-,9717852920
41135,Rohan Sharma,20,Male,B+,9365908135
41136,Aditya Mehta,28,Male,O-,9121095521
41137,Rahul Mehta,49,Female,B-,9350707564
41138,Anjali Kapoor,35,Male,B-,9816044615
41139,Vikram Mehta,60,Female,A-,9922354579
41140,Pooja Singh,50,Female,AB-,9547181734
41141,Arjun Patel,43,Male,O-,9234638450
41142,Sneha Gupta,20,Male,B+,9256384984
41143,Divya Mehta,37,Male,AB+,9582109218
41144,Pooja Reddy,25,Male,AB+,9903367149
41145,Arjun Gupta,45,Male,B+,9115332203
41146,Rahul Singh,52,Male,AB-,9391457172
41147,Pooja Singh,24,Male,B-,9200289061
41148,Pooja Patel,52,Male,A+,9775702167
41149,Sahil Gupta,32,Female,A+,9504303114
41150,Sneha Sharma,44,Male,AB-,9922891018
41151,Neha Patel,44,Male,AB+,9325461387
41152,Anjali Verma,48,Female,AB+,9701300503
41153,Sneha Mehta,35,Female,O+,9559483736
41154,Karan Patel,59,Male,O-,9625419878
41155,Riya Patel,35,Male,A+,9309583268
41156,Rohan Verma,42,Male,O-,9498750663
41157,Rohan Kapoor,40,Male,A+,9637195039
41158,Aditya Singh,42,Male,B+,9212520368
41159,Neha Singh,45,Female,O+,9490596194
41160,Riya Mehta,22,Male,A+,9419865990
41161,Rahul Verma,33,Female,A+,9518201173
41162,Vikram Mehta,54,Male,A-,9345420148
41163,Vikram Sharma,30,Female,A-,9914589862
41164,Vikram Gupta,41,Female,O-,9571400027
41165,Vikram Gupta,44,Male,O+,9923036657
41166,Rahul Patel,41,Male,B+,9661541130
41167,Vikram Gupta,25,Female,O+,9428995107
41168,Priya Verma,24,Female,O-,9557283243
41169,Priya Mehta,30,Male,A-,9939128390
41170,Kavya Reddy,39,Male,AB-,9900887010
41171,Vikram Mehta,52,Female,A+,9961689517
41172,Rohan Patel,48,Male,A+,9321487161
41173,Sneha Gupta,37,Male,A+,9984661852
41174,Kavya Reddy,45,Female,B-,9667782595
41175,Riya Singh,40,Male,O+,9858614142
41176,Karan Sharma,56,Female,B+,9705290893
41177,Aman Patel,46,Male,AB-,9675890622
41178,Rahul Kapoor,49,Male,B-,9203509013
41179,Riya Patel,44,Female,B+,9365867728
41180,Riya Mehta,23,Male,AB+,9631015530
41181,Sneha Reddy,42,Male,B+,9190011910
41182,Karan Patel,36,Male,AB+,9931185232
41183,Sneha Patel,53,Female,AB+,9797087482
41184,Vikram Verma,55,Male,B-,9516700787
41185,Sahil Singh,29,Female,O+,9400835697
41186,Riya Verma,32,Female,A-,9482381034
41187,Anjali Kapoor,45,Male,A+,9101359974
41188,Neha Sharma,18,Male,O-,9618700450
41189,Kavya Singh,34,Male,AB-,9402954517
41190,Priya Gupta,28,Male,AB-,9892482242
41191,Sahil Sharma,47,Male,B-,9809573251
41192,Riya Sharma,36,Female,B-,9438666726
41193,Divya Sharma,57,Female,B+,9901120790
41194,Vikram Singh,27,Male,O+,9458543619
41195,Priya Mehta,33,Male,A-,9296764368
41196,Vikram Gupta,37,Female,AB-,9343901613
41197,Sahil Mehta,47,Male,O+,9444703991
41198,Sahil Verma,20,Female,B-,9236564397
41199,Arjun Kapoor,28,Female,AB-,9599181893
41200,Arjun Singh,29,Male,A+,9898164564
41201,Divya Reddy,54,Female,O-,9231163535
41202,Sahil Mehta,53,Female,A+,9860901636
41203,Vikram Singh,45,Female,A-,9737502600
41204,Aman Reddy,30,Male,A-,9975426396
41205,Kavya Sharma,59,Male,A-,9690178524
41206,Divya Mehta,18,Male,A+,9728182789
41207,Pooja Mehta,26,Female,AB+,9427677239
41208,Neha Mehta,50,Female,AB-,9510753072
41209,Rohan Gupta,34,Female,B+,9415625420
41210,Pooja Singh,44,Female,AB-,9824751978
41211,Sahil Verma,24,Male,A-,9796400162
41212,Sahil Mehta,19,Male,O+,9101965593
41213,Divya Reddy,23,Male,A+,9840158139
41214,Pooja Verma,41,Male,AB-,9127778956
41215,Sneha Kapoor,56,Male,B+,9733048706
41216,Vikram Kapoor,35,Male,B+,9399725334
41217,Anjali Sharma,51,Male,A-,9491893180
41218,Vikram Verma,40,Female,AB+,9932006138
41219,Sneha Reddy,45,Male,O-,9273556560
41220,Riya Singh,35,Male,AB+,9432691817
41221,Pooja Verma,49,Male,AB+,9918042269
41222,Pooja Patel,21,Female,A-,9145468461
41223,Rahul Kapoor,52,Male,AB-,9482711785
41224,Neha Singh,39,Male,A+,9761365314
41225,Arjun Kapoor,35,Female,O+,9141959395
41226,Sneha Patel,21,Male,O-,9408676559
41227,Rohan Mehta,19,Male,A-,9330984876
41228,Kavya Kapoor,22,Male,O-,9458753197
41229,Priya Verma,38,Female,O-,9576869736
41230,Riya Singh,21,Male,B-,9867907660
41231,Pooja Patel,21,Male,AB+,9132970372
41232,Sneha Singh,49,Male,AB-,9386206931
41233,Riya Verma,33,Male,A+,9991137369
41234,Kavya Gupta,35,Male,A+,9837814870
41235,Neha Kapoor,49,Male,AB+,9173361234
41236,Rahul Sharma,57,Female,O-,9218667163
41237,Aditya Verma,27,Male,B-,9571941887
41238,Aman Kapoor,31,Male,O+,9319722793
41239,Rohan Verma,18,Male,B-,9229694831
41240,Rahul Patel,49,Male,O-,9371935879
41241,Priya Singh,39,Male,B+,9374912288
41242,Sneha Singh,35,Female,B-,9135387379
41243,Priya Patel,18,Female,B-,9286179676
41244,Anjali Reddy,38,Female,AB-,9779730837
41245,Priya Patel,45,Female,A+,9884523939
41246,Aditya Mehta,26,Male,O-,9641071151
41247,Aditya Verma,38,Female,A-,9518973499
41248,Karan Gupta,35,Male,AB+,9658634697
41249,Rohan Sharma,41,Male,B-,9225163213
41250,Pooja Gupta,25,Female,AB+,9997828980
41251,Sneha Singh,23,Female,B+,9216543304
41252,Sneha Patel,41,Female,B+,9998826839
41253,Kavya Verma,44,Male,A+,9253318048
41254,Pooja Reddy,45,Male,B+,9370245847
41255,Kavya Patel,27,Male,AB-,9680013014
41256,Sahil Patel,51,Female,O+,9140292792
41257,Anjali Verma,34,Female,B+,9934617975
41258,Sahil Mehta,22,Female,AB-,9304261867
41259,Sneha Verma,57,Male,A-,9300732317
41260,Pooja Singh,54,Female,O-,9545190724
41261,Rahul Verma,24,Female,B-,9487079690
41262,Rohan Sharma,38,Male,A-,9913749949
41263,Kavya Sharma,18,Male,AB-,9929402786
41264,Aditya Gupta,24,Male,AB-,9213216806
41265,Arjun Kapoor,38,Female,B-,9219567412
41266,Neha Singh,19,Female,AB-,9649371051
41267,Neha Gupta,50,Female,AB+,9505020329
41268,Kavya Mehta,31,Female,A-,9473054775
41269,Pooja Verma,25,Male,B+,9598875169
41270,Aditya Singh,21,Male,B-,9801616939
41271,Neha Kapoor,43,Male,O+,9855033979
41272,Priya Mehta,30,Male,B-,9356544952
41273,Arjun Kapoor,55,Female,B+,9515504140
41274,Kavya Verma,30,Female,B+,9835053575
41275,Divya Sharma,21,Female,AB+,9902299041
41276,Aditya Gupta,43,Male,AB-,9906796401
41277,Sahil Singh,52,Female,O-,9104934600
41278,Pooja Verma,41,Female,O+,9877687969
41279,Rohan Patel,40,Female,AB-,9608044163
41280,Vikram Kapoor,54,Female,A+,9386047754
41281,Sneha Gupta,52,Male,AB+,9638367962
41282,Rahul Patel,19,Male,A-,9852326902
41283,Sahil Singh,37,Female,O-,9143203758
41284,Divya Kapoor,18,Female,AB+,9996778079
41285,Priya Kapoor,27,Female,B+,9783504478
41286,Sahil Singh,44,Male,A-,9765914599
41287,Anjali Verma,18,Female,A-,9900127339
41288,Sneha Singh,33,Male,B-,9464597065
41289,Aman Patel,51,Male,O-,9227454302
41290,Sneha Kapoor,35,Male,B+,9120056833
41291,Vikram Kapoor,22,Female,AB-,9288242350
41292,Karan Patel,21,Female,O-,9860509021
41293,Rohan Gupta,29,Female,B+,9337461674
41294,Anjali Singh,40,Female,O+,9337903269
41295,Sahil Kapoor,30,Male,A+,9941966781
41296,Rohan Verma,38,Male,O-,9248050333
41297,Anjali Gupta,19,Female,B-,9586696633
41298,Riya Mehta,56,Male,O-,9577724023
41299,Divya Singh,41,Male,O-,9470729088
41300,Vikram Patel,35,Male,AB+,9419985496
41301,Aman Gupta,57,Female,AB-,9765149391
41302,Priya Singh,21,Male,O+,9221757464
41303,Arjun Gupta,34,Female,B+,9370088116
41304,Riya Singh,44,Female,A+,9685432803
41305,Divya Mehta,52,Male,O+,9587780284
41306,Rohan Sharma,42,Female,A+,9338067649
41307,Riya Singh,44,Female,AB+,9792301992
41308,Vikram Verma,29,Female,B-,9357661195
41309,Sahil Patel,31,Female,B-,9158174757
41310,Aditya Singh,18,Male,B+,9240530184
41311,Sneha Verma,42,Male,O+,9716122562
41312,Sahil Mehta,27,Male,O+,9527405291
41313,Kavya Mehta,21,Male,B-,9874567999
41314,Sahil Singh,22,Male,O+,9777863498
41315,Neha Reddy,20,Male,AB-,9883562588
41316,Kavya Gupta,56,Male,AB-,9636913329
41317,Sneha Mehta,37,Male,A-,9990750055
41318,Rahul Gupta,43,Male,O+,9358727642
41319,Priya Verma,52,Male,O+,9958708021
41320,Karan Singh,24,Male,A+,9686949727
41321,Divya Singh,46,Female,A-,9932192238
41322,Rahul Reddy,49,Male,O+,9913460145
41323,Rahul Verma,55,Male,AB+,9646583402
41324,Arjun Patel,59,Female,O-,9466852375
41325,Divya Kapoor,37,Female,A+,9750073732
41326,Priya Patel,47,Male,AB+,9764285627
41327,Aditya Verma,41,Female,O+,9467165884
41328,Vikram Reddy,40,Male,B+,9652474375
41329,Arjun Mehta,44,Female,O+,9218370168
41330,Riya Reddy,32,Male,AB-,9220727755
41331,Priya Mehta,18,Male,B+,9902274351
41332,Anjali Verma,29,Female,A+,9870118413
41333,Arjun Patel,54,Female,O-,9110507033
41334,Priya Gupta,53,Female,O+,9337989786
41335,Rahul Singh,18,Male,A-,9785070649
41336,Sahil Kapoor,18,Male,B+,9102930430
41337,Riya Singh,26,Male,A+,9721445153
41338,Karan Patel,41,Male,AB+,9912974532
41339,Neha Kapoor,55,Female,O+,9415878834
41340,Rahul Kapoor,29,Female,AB+,9172848404
41341,Arjun Patel,41,Female,O+,9251220967
41342,Riya Mehta,27,Female,A-,9523731927
41343,Rohan Patel,52,Male,A+,9234222726
41344,Aditya Patel,30,Female,O-,9660006515
41345,Divya Sharma,44,Male,AB+,9645977850
41346,Karan Kapoor,42,Male,B+,9596624991
41347,Sahil Gupta,39,Male,O-,9219720617
41348,Sahil Patel,48,Male,O+,9318036800
41349,Sneha Singh,33,Female,A-,9784447122
41350,Sahil Mehta,55,Male,AB+,9173165357
41351,Sahil Singh,54,Male,A-,9748485377
41352,Pooja Reddy,18,Male,B+,9154702004
41353,Aditya Mehta,24,Male,AB+,9258966747
41354,Sneha Sharma,47,Female,A-,9813314414
41355,Divya Gupta,50,Male,B-,9876733138
41356,Rahul Singh,55,Male,B-,9441255021
41357,Vikram Sharma,50,Male,B-,9612926166
41358,Priya Mehta,50,Female,AB+,9229138257
41359,Aditya Gupta,59,Female,A+,9446467013
41360,Karan Reddy,42,Male,AB+,9711421631
41361,Rohan Singh,60,Male,A+,9433399073
41362,Aditya Reddy,53,Female,AB+,9159825866
41363,Karan Patel,60,Male,A-,9590492528
41364,Sahil Kapoor,25,Female,B+,9240337736
41365,Anjali Verma,34,Female,B-,9651813257
41366,Divya Sharma,34,Female,O-,9881910313
41367,Rahul Mehta,37,Male,B-,9655205963
41368,Riya Verma,47,Male,O-,9348276011
41369,Riya Sharma,39,Male,O-,9334212001
41370,Rohan Gupta,35,Male,A-,9367693397
41371,Priya Gupta,36,Female,B+,9552571311
41372,Riya Reddy,60,Female,B-,9638247337
41373,Aman Patel,50,Male,A+,9676727419
41374,Kavya Singh,26,Female,AB-,9516215637
41375,Pooja Singh,20,Male,AB+,9727866161
41376,Neha Sharma,21,Female,O+,9411496387
41377,Aditya Verma,19,Female,AB+,9126118281
41378,Neha Reddy,48,Male,A-,9323721954
41379,Priya Mehta,22,Male,AB+,9818344126
41380,Sahil Kapoor,38,Male,A-,9320252923
41381,Priya Gupta,18,Female,B+,9430433206
41382,Riya Kapoor,45,Male,O+,9407183542
41383,Aditya Verma,39,Male,B-,9773095066
41384,Sneha Verma,59,Female,AB+,9458352898
41385,Arjun Singh,21,Female,A-,9354620337
41386,Vikram Patel,42,Male,AB+,9145595823
41387,Pooja Gupta,53,Female,O+,9355624348
41388,Riya Gupta,23,Male,B+,9248004820
41389,Kavya Reddy,30,Male,O-,9467964005
41390,Aman Gupta,58,Male,B+,9704280877
41391,Sahil Gupta,20,Male,A-,9961929937
41392,Aditya Verma,53,Male,AB+,9542604253
41393,Aditya Mehta,38,Male,A+,9104083725
41394,Divya Patel,30,Male,B+,9466364312
41395,Kavya Sharma,44,Female,O-,9796117885
41396,Aman Sharma,48,Male,AB+,9396225880
41397,Aditya Patel,40,Male,A+,9728718940
41398,Karan Sharma,37,Male,A-,9306012435
41399,Kavya Gupta,41,Male,B+,9266487411
41400,Aman Patel,42,Female,A-,9235066652
41401,Riya Reddy,44,Male,AB+,9380419148
41402,Vikram Gupta,19,Female,O+,9501796222
41403,Neha Mehta,34,Male,O+,9586542808
41404,Priya Patel,32,Female,B+,9736860392
41405,Rahul Reddy,46,Male,B-,9871326062
41406,Aditya Verma,53,Female,O-,9647371145
41407,Riya Reddy,27,Male,AB-,9920302529
41408,Arjun Verma,18,Female,AB-,9879820619
41409,Rahul Singh,40,Male,O+,9883552759
41410,Aditya Verma,23,Female,B+,9485434302
41411,Arjun Kapoor,40,Male,B+,9863507453
41412,Divya Kapoor,19,Male,AB+,9439641908
41413,Divya Gupta,50,Female,B-,9936139851
41414,Sneha Sharma,55,Male,B-,9613256624
41415,Arjun Verma,44,Male,A-,9984027903
41416,Aman Kapoor,48,Female,O+,9235921807
41417,Riya Sharma,47,Male,O+,9372733896
41418,Aditya Singh,18,Male,O+,9807154850
41419,Pooja Reddy,23,Female,AB-,9289519075
41420,Divya Singh,58,Male,O-,9338320317
41421,Sahil Mehta,34,Female,AB+,9989149173
41422,Neha Singh,22,Female,A+,9298257594
41423,Neha Patel,36,Male,B-,9796304857
41424,Sahil Patel,44,Female,O+,9575857214
41425,Karan Gupta,24,Female,AB+,9852005811
41426,Sahil Kapoor,30,Female,A-,9103659478
41427,Priya Singh,28,Male,AB+,9791887326
41428,Neha Verma,23,Female,A+,9918173631
41429,Sahil Kapoor,52,Male,AB-,9236615575
41430,Aman Gupta,38,Female,A-,9637929925
41431,Priya Mehta,41,Female,A+,9800733240
41432,Sahil Sharma,42,Female,AB-,9160200851
41433,Kavya Patel,57,Male,B+,9921391410
41434,Riya Gupta,46,Male,O+,9415294198
41435,Rahul Kapoor,57,Female,O-,9388782163
41436,Rahul Singh,48,Male,A+,9326803839
41437,Riya Gupta,43,Female,O+,9587310473
41438,Sahil Reddy,21,Male,AB+,9146959216
41439,Vikram Sharma,43,Male,A+,9432129862
41440,Pooja Gupta,22,Female,B-,9462143061
41441,Kavya Verma,46,Female,B+,9239436875
41442,Rahul Reddy,54,Female,AB-,9676657848
41443,Arjun Kapoor,35,Male,AB+,9845644394
41444,Pooja Singh,41,Male,AB+,9940710807
41445,Aditya Mehta,26,Female,B-,9363154731
41446,Rahul Kapoor,58,Female,O-,9657543792
41447,Neha Reddy,25,Male,O+,9810658667
41448,Arjun Singh,25,Female,AB+,9730116382
41449,Arjun Mehta,54,Female,O+,9502847211
41450,Riya Patel,40,Female,AB+,9717616176
41451,Anjali Patel,44,Female,A+,9132238459
41452,Rahul Sharma,29,Female,O-,9974946198
41453,Pooja Mehta,57,Male,A-,9756888292
41454,Kavya Kapoor,29,Male,AB+,9703209560
41455,Pooja Patel,21,Female,B+,9757047425
41456,Karan Kapoor,21,Male,B+,9457559242
41457,Pooja Singh,50,Female,AB+,9438368942
41458,Priya Gupta,45,Male,B+,9123484082
41459,Sneha Mehta,39,Male,B+,9162684484
41460,Sahil Patel,29,Male,A+,9963057641
41461,Rahul Patel,33,Male,A+,9205948723
41462,Sneha Verma,45,Male,B+,9961816637
41463,Sahil Verma,40,Male,A+,9439900636
41464,Kavya Verma,51,Female,A+,9253788765
41465,Rahul Patel,50,Female,A+,9845806029
41466,Aditya Verma,55,Male,O-,9538886657
41467,Rahul Kapoor,54,Female,B+,9712903219
41468,Sahil Kapoor,58,Male,B-,9164371954
41469,Sahil Mehta,21,Female,B+,9576451594
41470,Neha Kapoor,59,Female,A-,9903349215
41471,Aditya Sharma,60,Female,A-,9550117820
41472,Rahul Sharma,19,Male,B-,9361925076
41473,Aditya Gupta,18,Female,O-,9923432284
41474,Vikram Mehta,30,Male,O-,9125716138
41475,Vikram Singh,58,Female,B-,9274653554
41476,Sahil Singh,37,Male,B-,9781729771
41477,Anjali Verma,53,Female,AB-,9785085452
41478,Karan Kapoor,48,Male,A-,9952453035
41479,Vikram Sharma,49,Female,B-,9475392342
41480,Sahil Singh,60,Female,AB+,9593652517
41481,Kavya Mehta,22,Female,AB-,9561178117
41482,Pooja Reddy,45,Male,B+,9319685290
41483,Pooja Mehta,25,Female,A-,9533890001
41484,Riya Mehta,45,Male,B-,9107852583
41485,Sneha Singh,20,Female,O+,9975591587
41486,Pooja Gupta,42,Male,O-,9119615648
41487,Neha Sharma,32,Female,B-,9939673121
41488,Kavya Mehta,59,Male,A-,9875496211
41489,Neha Verma,59,Male,O+,9529326763
41490,Anjali Mehta,37,Female,O-,9588455036
41491,Rahul Singh,55,Male,AB-,9600760639
41492,Divya Gupta,22,Female,O+,9132530279
41493,Karan Verma,37,Male,B-,9115862490
41494,Karan Reddy,57,Female,A+,9615178574
41495,Rahul Patel,25,Male,AB-,9850691021
41496,Riya Patel,25,Female,AB+,9741192611
41497,Rohan Patel,40,Female,B+,9313618775
41498,Vikram Kapoor,48,Female,AB+,9198924960
41499,Divya Sharma,24,Female,B+,9832148200
41500,Vikram Singh,33,Female,AB-,9879547971
41501,Priya Reddy,47,Female,B-,9696514278
41502,Neha Gupta,32,Female,O-,9112859156
41503,Sneha Sharma,45,Male,A+,9638494750
41504,Rohan Gupta,60,Female,O+,9321085467
41505,Aditya Gupta,28,Female,AB+,9797550323
41506,Neha Verma,28,Male,AB-,9804877651
41507,Anjali Patel,52,Male,B+,9130270234
41508,Priya Singh,36,Female,A-,9163434253
41509,Sneha Gupta,39,Male,A-,9576527857
41510,Riya Patel,57,Female,O-,9207327829
41511,Aman Reddy,49,Male,O-,9194298673
41512,Priya Singh,22,Male,B+,9292280548
41513,Sneha Verma,27,Male,AB-,9968207904
41514,Arjun Sharma,55,Female,B+,9822724140
41515,Rahul Reddy,31,Male,A+,9649301027
41516,Priya Singh,36,Female,AB-,9317764022
41517,Riya Patel,40,Male,AB+,9424723571
41518,Divya Singh,36,Male,O-,9299771729
41519,Priya Singh,26,Male,AB+,9664583198
41520,Kavya Patel,45,Female,O-,9168411237
41521,Anjali Patel,46,Male,A-,9249989205
41522,Kavya Kapoor,41,Female,AB+,9541587309
41523,Pooja Kapoor,38,Male,AB-,9444975521
41524,Arjun Patel,29,Male,B+,9877172784
41525,Pooja Sharma,54,Male,AB-,9888810019
41526,Priya Verma,59,Female,A+,9557789407
41527,Karan Sharma,42,Female,A-,9354441833
41528,Anjali Mehta,19,Female,B-,9228479052
41529,Pooja Verma,45,Male,AB-,9268970253
41530,Karan Kapoor,25,Female,AB-,9408381017
41531,Rohan Kapoor,35,Male,O+,9293127554
41532,Rahul Verma,38,Female,B-,9295431598
41533,Rohan Singh,51,Male,B+,9640619995
41534,Pooja Singh,58,Female,AB-,9176357435
41535,Riya Sharma,24,Male,B-,9927223366
41536,Aman Singh,51,Male,AB-,9725063152
41537,Kavya Kapoor,37,Female,A+,9672197302
41538,Kavya Verma,19,Male,A-,9642190722
41539,Anjali Reddy,34,Female,B-,9702414503
41540,Riya Sharma,25,Male,AB-,9732510772
41541,Pooja Patel,24,Female,A-,9518075372
41542,Sahil Patel,25,Female,O-,9617694609
41543,Vikram Verma,57,Male,A-,9199898229
41544,Rahul Kapoor,57,Male,AB-,9550603274
41545,Riya Singh,58,Female,AB-,9993415877
41546,Pooja Sharma,27,Male,O-,9707073642
41547,Sahil Singh,51,Male,O-,9942552877
41548,Rahul Verma,35,Male,AB-,9356800955
41549,Divya Patel,36,Female,AB-,9916084129
41550,Priya Gupta,38,Male,AB+,9724443396
41551,Rahul Mehta,21,Female,O-,9816587891
41552,Divya Reddy,55,Female,AB+,9309728088
41553,Rahul Reddy,46,Female,B-,9726731772
41554,Riya Gupta,27,Female,AB+,9165901676
41555,Arjun Mehta,54,Female,O+,9929604776
41556,Aman Sharma,50,Female,A-,9172898283
41557,Anjali Gupta,56,Female,AB-,9881096799
41558,Rohan Gupta,18,Male,A+,9669952083
41559,Rohan Reddy,31,Female,A-,9542690789
41560,Sneha Verma,37,Female,AB+,9127035893
41561,Riya Mehta,60,Female,O-,9164000937
41562,Vikram Singh,49,Female,B-,9821328758
41563,Priya Sharma,56,Female,A-,9863850963
41564,Arjun Singh,28,Female,B+,9505507057
41565,Sahil Kapoor,33,Female,B-,9469649596
41566,Divya Gupta,60,Female,B+,9245967059
41567,Kavya Verma,32,Female,O+,9112049745
41568,Divya Singh,24,Female,AB-,9886178852
41569,Pooja Sharma,26,Female,AB+,9831932006
41570,Vikram Patel,51,Female,O+,9735539736
41571,Rahul Gupta,42,Female,AB+,9207674429
41572,Kavya Verma,35,Male,A+,9503310542
41573,Priya Mehta,33,Female,B+,9617118761
41574,Arjun Kapoor,42,Female,B+,9386684276
41575,Rahul Verma,22,Male,AB-,9536732297
41576,Karan Singh,60,Female,O-,9530704966
41577,Sahil Mehta,46,Female,A-,9498131033
41578,Priya Gupta,35,Male,B+,9999461291
41579,Riya Kapoor,18,Male,A+,9230625343
41580,Aman Patel,35,Male,O+,9286310369
41581,Anjali Mehta,45,Female,B+,9977495967
41582,Rohan Singh,31,Female,A-,9534206150
41583,Vikram Reddy,35,Male,A+,9246788763
41584,Karan Patel,45,Female,O-,9628498466
41585,Rohan Kapoor,39,Female,AB-,9839823881
41586,Rahul Sharma,20,Male,A+,9106885157
41587,Pooja Verma,56,Male,O+,9114377997
41588,Vikram Patel,51,Female,B-,9337102071
41589,Rohan Mehta,54,Female,AB-,9775313061
41590,Arjun Sharma,52,Male,A-,9821973875
41591,Aman Patel,49,Female,O-,9357251509
41592,Priya Mehta,57,Male,B-,9219969147
41593,Neha Reddy,28,Female,O-,9649435370
41594,Aditya Kapoor,52,Male,AB-,9592678984
41595,Neha Sharma,50,Female,O-,9557110097
41596,Sahil Kapoor,28,Male,AB+,9104755664
41597,Divya Sharma,47,Female,B-,9253926982
41598,Arjun Reddy,47,Male,O+,9197931660
41599,Vikram Singh,53,Male,A+,9325764678
41600,Pooja Patel,58,Male,A-,9374066964
41601,Aditya Mehta,34,Female,AB+,9481810005
41602,Riya Mehta,30,Male,O-,9719524372
41603,Kavya Gupta,30,Female,B-,9707476333
41604,Rohan Kapoor,30,Female,AB-,9675763667
41605,Sahil Verma,36,Female,O+,9363159829
41606,Karan Patel,42,Female,A-,9533821985
41607,Aman Singh,33,Male,O+,9568578277
41608,Karan Singh,24,Male,AB+,9528273814
41609,Kavya Kapoor,24,Female,A-,9210808559
41610,Anjali Singh,39,Female,A-,9913980427
41611,Divya Patel,29,Male,A-,9167439645
41612,Vikram Reddy,52,Male,O-,9952829100
41613,Sahil Mehta,40,Female,A-,9249114415
41614,Aditya Sharma,54,Male,A-,9319884069
41615,Rahul Reddy,46,Female,O-,9784707369
41616,Aman Patel,45,Female,B+,9986142419
41617,Sneha Mehta,60,Female,O+,9956414891
41618,Rohan Gupta,39,Male,B-,9879201909
41619,Pooja Mehta,33,Male,AB-,9263623546
41620,Anjali Patel,58,Male,A+,9187916138
41621,Sahil Mehta,45,Male,B-,9923111280
41622,Kavya Kapoor,43,Female,AB+,9201123194
41623,Riya Mehta,52,Female,A-,9628226080
41624,Rohan Kapoor,52,Female,A+,9455359000
41625,Vikram Verma,55,Male,A+,9630711987
41626,Sahil Kapoor,59,Female,A+,9290015816
41627,Aman Mehta,32,Male,B+,9204891559
41628,Sahil Verma,60,Female,A+,9525558323
41629,Rohan Singh,20,Female,AB+,9477086085
41630,Divya Verma,59,Male,O+,9249170461
41631,Sneha Sharma,49,Male,O+,9971929466
41632,Sahil Sharma,29,Female,B-,9902140624
41633,Kavya Singh,23,Female,O-,9567274683
41634,Karan Verma,41,Female,O-,9124587846
41635,Anjali Patel,22,Male,O-,9951571789
41636,Rahul Mehta,50,Female,A+,9793299964
41637,Aditya Patel,59,Female,O-,9574948425
41638,Anjali Kapoor,20,Female,B-,9334878565
41639,Priya Verma,33,Female,B-,9381414625
41640,Neha Singh,35,Male,O-,9493447047
41641,Vikram Gupta,40,Female,AB+,9669072978
41642,Sneha Singh,39,Female,B-,9663553226
41643,Karan Patel,51,Female,B+,9553061704
41644,Sneha Reddy,39,Male,B-,9614472603
41645,Aman Singh,27,Female,B-,9651753358
41646,Anjali Verma,22,Female,AB-,9529564908
41647,Rohan Mehta,38,Male,B+,9638745427
41648,Aman Singh,22,Female,AB+,9912868029
41649,Karan Reddy,46,Female,A+,9796914839
41650,Arjun Patel,50,Female,AB+,9561804462
41651,Aman Singh,33,Female,A+,9903577338
41652,Arjun Gupta,26,Female,O-,9404148201
41653,Rahul Singh,49,Female,AB+,9767427681
41654,Arjun Sharma,33,Female,B+,9763328443
41655,Anjali Kapoor,35,Female,AB+,9924480987
41656,Riya Gupta,27,Male,A-,9314384141
41657,Priya Verma,19,Female,AB+,9910610078
41658,Rahul Gupta,18,Female,A-,9473553013
41659,Sahil Patel,51,Male,AB-,9918228462
41660,Anjali Sharma,32,Male,O+,9385110646
41661,Anjali Verma,43,Male,A-,9569298035
41662,Riya Mehta,57,Female,A-,9405379549
41663,Neha Verma,39,Male,AB+,9931240947
41664,Rahul Reddy,36,Female,A+,9475235512
41665,Aditya Kapoor,32,Male,AB+,9761847881
41666,Aman Patel,51,Male,A-,9411171464
41667,Arjun Mehta,38,Female,A+,9442279895
41668,Aman Kapoor,48,Male,A+,9728020515
41669,Sahil Singh,44,Female,B-,9889642004
41670,Anjali Kapoor,31,Female,AB-,9740894103
41671,Neha Sharma,24,Male,B-,9721069218
41672,Kavya Singh,35,Male,B+,9809586128
41673,Aditya Verma,39,Male,A-,9535424906
41674,Rahul Verma,50,Male,AB-,9740410964
41675,Sahil Mehta,40,Male,O-,9884424194
41676,Aman Reddy,36,Female,AB-,9417277190
41677,Sahil Singh,26,Male,A-,9165457865
41678,Divya Patel,33,Male,B-,9966916118
41679,Arjun Kapoor,34,Male,B-,9503523016
41680,Neha Sharma,46,Female,AB+,9890776401
41681,Karan Mehta,38,Female,O+,9438249944
41682,Aman Kapoor,35,Male,A-,9996946502
41683,Rahul Patel,56,Male,O-,9515646179
41684,Pooja Gupta,37,Male,O-,9707119763
41685,Rohan Verma,24,Male,B+,9988662270
41686,Sahil Reddy,23,Male,B-,9211562924
41687,Neha Patel,37,Female,B-,9417047205
41688,Sahil Patel,45,Male,AB-,9352811686
41689,Rohan Sharma,40,Female,B-,9237890393
41690,Vikram Kapoor,31,Female,AB-,9916108602
41691,Arjun Gupta,47,Female,A-,9214882633
41692,Vikram Sharma,28,Male,B+,9611682499
41693,Rohan Sharma,55,Male,O+,9807069355
41694,Riya Kapoor,33,Female,O-,9252508109
41695,Karan Gupta,41,Male,B+,9577373384
41696,Rohan Patel,37,Male,A+,9282948155
41697,Arjun Verma,36,Female,B-,9140909247
41698,Aman Sharma,34,Female,O+,9735850021
41699,Aditya Verma,52,Male,B-,9911153644
41700,Vikram Reddy,31,Male,O-,9887058089
41701,Aditya Kapoor,58,Female,O-,9634929075
41702,Arjun Mehta,18,Male,O-,9655130492
41703,Anjali Sharma,40,Female,A-,9476931495
41704,Anjali Kapoor,22,Female,O+,9916040899
41705,Rahul Singh,18,Female,A+,9326216795
41706,Anjali Reddy,59,Male,AB+,9186411651
41707,Aditya Singh,36,Female,O-,9497773374
41708,Kavya Verma,45,Male,O-,9881663896
41709,Priya Verma,34,Male,B-,9301330484
41710,Arjun Patel,36,Female,O-,9874857969
41711,Aman Sharma,45,Female,O+,9968765075
41712,Aman Kapoor,38,Female,A+,9264897029
41713,Karan Singh,33,Male,B-,9612963712
41714,Pooja Gupta,20,Female,A-,9683436773
41715,Kavya Mehta,32,Female,B+,9560272778
41716,Rahul Verma,54,Female,B+,9259429839
41717,Sahil Kapoor,27,Male,B+,9393778721
41718,Neha Singh,44,Male,AB-,9563987914
41719,Sahil Sharma,36,Male,B+,9237897806
41720,Pooja Singh,19,Male,AB-,9274415121
41721,Arjun Sharma,30,Male,B+,9425493387
41722,Neha Patel,59,Female,B-,9119357136
41723,Aman Kapoor,58,Female,AB+,9635074219
41724,Sahil Gupta,33,Female,A-,9289540363
41725,Sneha Kapoor,30,Male,B-,9506532918
41726,Riya Kapoor,50,Male,O-,9854423331
41727,Sahil Kapoor,51,Female,AB-,9765282548
41728,Vikram Singh,50,Female,AB+,9225701974
41729,Sahil Verma,32,Male,A+,9314449378
41730,Priya Gupta,55,Female,AB-,9152962227
41731,Aditya Sharma,46,Female,A-,9405274162
41732,Neha Singh,19,Female,O+,9188174816
41733,Rahul Patel,20,Male,B+,9490360946
41734,Neha Sharma,41,Male,A+,9970583657
41735,Rohan Mehta,53,Female,AB+,9748721386
41736,Aman Sharma,26,Female,O-,9308345969
41737,Rohan Singh,35,Male,AB-,9140688809
41738,Sneha Reddy,45,Male,B-,9894069134
41739,Arjun Sharma,35,Female,AB-,9172631261
41740,Kavya Sharma,56,Male,B-,9829265694
41741,Rahul Sharma,24,Female,O-,9285376633
41742,Karan Patel,29,Male,B+,9698691400
41743,Arjun Verma,42,Female,AB+,9413081810
41744,Pooja Kapoor,28,Male,B-,9775201252
41745,Riya Gupta,41,Male,AB-,9311190078
41746,Rahul Singh,48,Male,AB+,9533593601
41747,Kavya Reddy,24,Female,A+,9914023321
41748,Aman Kapoor,57,Female,A+,9326709032
41749,Riya Patel,42,Male,O-,9503810884
41750,Rahul Reddy,43,Male,B+,9732141445
41751,Karan Reddy,56,Female,AB-,9177634594
41752,Neha Verma,21,Female,B+,9156031221
41753,Riya Singh,35,Female,O-,9670147224
41754,Arjun Gupta,23,Female,A-,9865437516
41755,Anjali Singh,22,Male,O-,9697114831
41756,Aditya Patel,35,Female,A+,9157974771
41757,Neha Gupta,27,Female,AB+,9148547592
41758,Arjun Singh,47,Female,AB+,9989121210
41759,Aditya Gupta,22,Female,O-,9198260478
41760,Priya Sharma,59,Female,B-,9453575032
41761,Neha Mehta,26,Female,AB+,9858940473
41762,Aman Kapoor,50,Male,A-,9343589349
41763,Kavya Mehta,46,Female,B-,9428355798
41764,Sahil Sharma,27,Male,O+,9956089033
41765,Vikram Sharma,38,Female,B-,9535375937
41766,Karan Mehta,55,Male,O+,9926503019
41767,Kavya Patel,43,Female,A+,9297565782
41768,Sneha Singh,38,Male,AB-,9203044491
41769,Pooja Kapoor,34,Male,O-,9972328097
41770,Sneha Reddy,42,Female,AB-,9249120811
41771,Rahul Singh,33,Female,A-,9415303243
41772,Pooja Verma,21,Female,B-,9198609750
41773,Priya Sharma,58,Female,O+,9207406338
41774,Priya Mehta,20,Male,B+,9523656177
41775,Riya Sharma,29,Female,A-,9253731976
41776,Sahil Sharma,20,Female,AB-,9878310781
41777,Anjali Kapoor,49,Male,AB-,9909359639
41778,Rohan Mehta,26,Male,AB+,9844477158
41779,Priya Kapoor,39,Female,B+,9591368048
41780,Arjun Verma,39,Female,A-,9199162980
41781,Anjali Patel,19,Female,O+,9663876643
41782,Aditya Reddy,25,Female,AB+,9407930886
41783,Kavya Sharma,48,Female,A-,9229302717
41784,Aman Mehta,52,Female,B+,9631611708
41785,Kavya Patel,59,Female,A-,9468507557
41786,Rohan Patel,52,Male,A+,9324677662
41787,Sahil Patel,20,Female,O-,9589570738
41788,Anjali Patel,47,Male,O+,9334830186
41789,Vikram Kapoor,27,Female,A+,9350753112
41790,Pooja Verma,29,Male,B-,9729760780
41791,Sahil Patel,58,Male,B+,9630022022
41792,Karan Singh,32,Female,B+,9420944053
41793,Rohan Mehta,58,Female,O+,9188017912
41794,Vikram Kapoor,50,Male,A-,9670420228
41795,Riya Patel,25,Male,O+,9728297143
41796,Karan Mehta,58,Female,A+,9183080638
41797,Arjun Singh,22,Female,AB+,9201349772
41798,Rohan Verma,47,Female,A+,9441843635
41799,Aditya Patel,33,Male,AB+,9407977228
41800,Kavya Singh,34,Male,A-,9833548314
41801,Divya Verma,27,Male,O+,9659235633
41802,Anjali Singh,44,Male,B-,9557605695
41803,Priya Verma,49,Male,A+,9866918755
41804,Rohan Mehta,55,Female,A+,9620936787
41805,Aman Mehta,23,Male,B-,9203071651
41806,Anjali Sharma,22,Male,B-,9151681083
41807,Priya Gupta,40,Male,O-,9343044869
41808,Pooja Singh,41,Female,B-,9967947785
41809,Kavya Reddy,49,Female,A+,9487775566
41810,Kavya Sharma,49,Male,A-,9242883010
41811,Riya Patel,43,Male,B-,9632790597
41812,Priya Kapoor,41,Female,AB-,9169186366
41813,Divya Gupta,26,Male,A+,9319890616
41814,Sneha Kapoor,37,Female,B-,9687016574
41815,Vikram Patel,21,Male,B-,9637536138
41816,Karan Kapoor,22,Male,B+,9731361985
41817,Neha Verma,60,Male,O-,9488249185
41818,Sneha Verma,56,Female,B+,9422016524
41819,Karan Patel,34,Male,O+,9809050190
41820,Vikram Mehta,40,Female,O-,9433252016
41821,Anjali Sharma,35,Female,O-,9485977641
41822,Rahul Gupta,49,Male,B-,9243052321
41823,Priya Patel,19,Male,AB+,9249642390
41824,Divya Gupta,23,Female,O+,9483752933
41825,Neha Patel,53,Male,A+,9597065582
41826,Karan Patel,21,Male,O+,9989930641
41827,Rahul Kapoor,22,Male,AB-,9915251829
41828,Aman Verma,29,Male,A+,9947816263
41829,Rohan Patel,47,Male,O+,9451186963
41830,Priya Verma,29,Female,A-,9207217072
41831,Pooja Reddy,57,Female,O+,9387292112
41832,Sahil Gupta,55,Male,A-,9800664121
41833,Rahul Kapoor,58,Male,A-,9654001905
41834,Anjali Verma,49,Female,B-,9112816725
41835,Arjun Gupta,30,Male,A+,9186249445
41836,Divya Singh,47,Male,B+,9979395696
41837,Sahil Reddy,36,Male,AB+,9253256305
41838,Vikram Mehta,49,Male,O-,9761225954
41839,Rahul Kapoor,39,Female,A+,9852038794
41840,Anjali Singh,27,Female,AB-,9575239812
41841,Arjun Patel,48,Female,B-,9365557963
41842,Vikram Kapoor,57,Female,B-,9849148113
41843,Kavya Sharma,44,Female,B-,9384895444
41844,Anjali Gupta,23,Female,O+,9530385588
41845,Kavya Gupta,42,Male,A-,9820448055
41846,Priya Patel,47,Female,AB+,9812952000
41847,Aditya Gupta,60,Female,A-,9311053788
41848,Aman Verma,60,Male,B-,9177009651
41849,Kavya Kapoor,29,Female,AB+,9283846636
41850,Arjun Reddy,52,Female,B+,9291136795
41851,Anjali Singh,20,Male,B-,9187281456
41852,Aman Verma,42,Female,A-,9103503634
41853,Pooja Reddy,19,Female,AB+,9283223005
41854,Riya Gupta,23,Female,O+,9668973136
41855,Divya Gupta,38,Male,O-,9808283061
41856,Neha Sharma,18,Female,O-,9472597484
41857,Sahil Kapoor,45,Female,AB-,9737524350
41858,Sahil Gupta,40,Female,AB+,9111116625
41859,Vikram Verma,35,Female,B-,9818060601
41860,Rahul Patel,41,Female,B-,9946061060
41861,Rohan Patel,26,Female,O+,9593025357
41862,Sneha Verma,38,Male,B+,9855703313
41863,Vikram Singh,21,Male,B-,9719167023
41864,Karan Singh,25,Male,O-,9378450562
41865,Arjun Kapoor,49,Male,A+,9854896594
41866,Pooja Patel,21,Male,A+,9707549781
41867,Vikram Gupta,46,Male,B-,9135612047
41868,Aman Kapoor,40,Female,B-,9124309615
41869,Divya Sharma,41,Male,B-,9863536748
41870,Kavya Kapoor,49,Female,B+,9682314798
41871,Aditya Kapoor,35,Female,AB+,9968667607
41872,Riya Kapoor,50,Male,O-,9302147444
41873,Riya Verma,31,Male,A-,9958432381
41874,Pooja Sharma,57,Male,O-,9921094518
41875,Divya Mehta,57,Female,O-,9157852212
41876,Rohan Reddy,33,Male,A+,9638427671
41877,Kavya Kapoor,30,Female,B+,9988185993
41878,Anjali Verma,37,Male,AB+,9454881681
41879,Pooja Mehta,46,Female,O+,9616074991
41880,Sneha Mehta,55,Male,B+,9255405823
41881,Rahul Verma,26,Female,AB+,9117955454
41882,Anjali Singh,57,Female,AB-,9668189873
41883,Pooja Singh,32,Female,A-,9167210322
41884,Vikram Sharma,38,Male,B-,9767415180
41885,Priya Singh,54,Female,AB+,9346326349
41886,Anjali Patel,23,Male,B+,9438007073
41887,Sahil Sharma,50,Male,AB-,9734211170
41888,Pooja Gupta,21,Female,AB-,9421580040
41889,Priya Singh,43,Male,A-,9350832286
41890,Pooja Gupta,44,Male,B+,9138009205
41891,Rahul Patel,56,Female,A-,9514815937
41892,Rahul Verma,57,Female,AB-,9938169621
41893,Anjali Verma,46,Male,A+,9760123754
41894,Pooja Mehta,54,Male,B+,9627091452
41895,Sahil Kapoor,18,Female,A+,9245518082
41896,Divya Reddy,33,Male,B-,9305798642
41897,Sahil Reddy,41,Female,A+,9300353127
41898,Arjun Patel,21,Female,B+,9618389642
41899,Pooja Reddy,55,Female,B-,9682621222
41900,Aditya Patel,51,Male,A+,9894264530
41901,Sneha Patel,52,Female,B+,9952603871
41902,Kavya Reddy,30,Male,A+,9627687975
41903,Pooja Sharma,31,Male,AB+,9797221234
41904,Kavya Mehta,55,Female,A-,9394156334
41905,Kavya Kapoor,50,Female,A+,9617531199
41906,Aman Sharma,55,Male,B-,9436427887
41907,Aman Mehta,58,Female,O+,9647256731
41908,Arjun Reddy,55,Female,B-,9374606345
41909,Karan Singh,21,Male,A-,9495752620
41910,Aman Gupta,60,Male,O-,9114275576
41911,Aditya Reddy,25,Female,A+,9489954402
41912,Pooja Gupta,52,Female,O-,9854358832
41913,Neha Singh,26,Male,O-,9965009849
41914,Riya Gupta,49,Female,A+,9671539386
41915,Riya Patel,40,Male,AB-,9434947017
41916,Vikram Kapoor,23,Male,O+,9659349375
41917,Kavya Kapoor,50,Female,B-,9934694118
41918,Priya Reddy,35,Male,O+,9517777031
41919,Sneha Sharma,51,Female,A+,9402667852
41920,Vikram Gupta,44,Female,A+,9102985241
41921,Aman Gupta,38,Female,A-,9195158394
41922,Divya Sharma,37,Male,O-,9845091739
41923,Riya Kapoor,59,Male,AB-,9525681763
41924,Arjun Sharma,47,Male,O+,9957009502
41925,Karan Gupta,32,Male,AB-,9801475972
41926,Sahil Kapoor,19,Female,O+,9272639393
41927,Divya Patel,53,Female,B+,9858526403
41928,Neha Reddy,20,Male,AB-,9287214160
41929,Sahil Patel,34,Male,A+,9633507599
41930,Aman Patel,57,Male,B+,9685907361
41931,Kavya Verma,41,Female,O-,9120873563
41932,Riya Sharma,57,Female,AB-,9247967544
41933,Sahil Verma,28,Male,B+,9603518027
41934,Pooja Sharma,37,Male,AB-,9759200505
41935,Kavya Kapoor,42,Male,O-,9703742663
41936,Vikram Sharma,23,Male,A+,9217720157
41937,Neha Reddy,31,Female,A-,9442214630
41938,Rohan Gupta,46,Male,AB-,9969341955
41939,Rahul Verma,50,Female,A-,9447892463
41940,Rahul Mehta,31,Male,A-,9776529074
41941,Arjun Sharma,24,Male,O+,9200950848
41942,Anjali Patel,21,Male,AB+,9551371981
41943,Arjun Sharma,48,Female,AB+,9337256036
41944,Anjali Sharma,34,Male,AB-,9115506200
41945,Sneha Patel,55,Male,B+,9686018312
41946,Divya Patel,35,Female,B-,9685372191
41947,Sneha Reddy,36,Female,B+,9791349535
41948,Priya Reddy,37,Male,B-,9829781700
41949,Aman Mehta,44,Male,A+,9509565263
41950,Rahul Mehta,18,Female,B+,9168975565
41951,Aman Verma,53,Female,B-,9403201480
41952,Aman Verma,28,Male,A-,9139258368
41953,Riya Patel,55,Male,A-,9295321463
41954,Pooja Kapoor,41,Male,O-,9778193795
41955,Karan Sharma,21,Male,O-,9806794520
41956,Sahil Reddy,43,Male,AB-,9390207974
41957,Sahil Singh,43,Male,A+,9958381088
41958,Vikram Patel,59,Male,AB-,9126171772
41959,Rohan Reddy,49,Female,A+,9321414884
41960,Arjun Mehta,44,Male,B-,9726049323
41961,Karan Mehta,32,Female,B+,9568056082
41962,Karan Verma,56,Male,B+,9737850378
41963,Priya Reddy,22,Male,A+,9338571291
41964,Rohan Singh,37,Male,AB+,9902834817
41965,Arjun Mehta,44,Female,B-,9492836802
41966,Rahul Singh,19,Female,A+,9299525547
41967,Aman Kapoor,28,Male,O-,9260228572
41968,Aman Mehta,53,Male,AB+,9146970542
41969,Kavya Singh,43,Female,A-,9228849958
41970,Sahil Patel,24,Male,O+,9742290601
41971,Sahil Patel,24,Male,O+,9615390785
41972,Pooja Singh,18,Female,AB-,9192020849
41973,Divya Singh,57,Male,A-,9924135625
41974,Rahul Patel,26,Female,O+,9352552088
41975,Riya Kapoor,60,Female,B+,9578605877
41976,Aditya Patel,57,Male,O-,9269415873
41977,Vikram Sharma,30,Male,B+,9789490879
41978,Pooja Kapoor,46,Male,B+,9694834493
41979,Aditya Patel,24,Male,O-,9787855965
41980,Vikram Patel,46,Male,B-,9843669972
41981,Vikram Verma,29,Female,O+,9815330955
41982,Aman Reddy,59,Female,AB-,9999437920
41983,Kavya Gupta,36,Male,B-,9241927653
41984,Riya Gupta,29,Male,A-,9429101258
41985,Arjun Gupta,20,Female,O+,9350146244
41986,Rohan Gupta,41,Male,A+,9145679232
41987,Aditya Patel,39,Female,A-,9556238326
41988,Arjun Reddy,32,Male,B-,9799176902
41989,Rahul Patel,34,Male,A+,9505519786
41990,Arjun Sharma,55,Female,B+,9942706842
41991,Priya Verma,58,Female,AB-,9510178473
41992,Pooja Mehta,23,Male,AB+,9279765995
41993,Vikram Singh,51,Female,O+,9350104339
41994,Aditya Singh,26,Female,O-,9266086565
41995,Pooja Mehta,18,Female,A+,9587997874
41996,Rohan Verma,50,Male,AB-,9441397948
41997,Riya Kapoor,39,Male,B+,9408877693
41998,Vikram Sharma,18,Male,AB+,9275737198
41999,Karan Verma,36,Female,AB+,9887568846
42000,Divya Reddy,29,Female,A+,9201389643
42001,Vikram Singh,53,Female,O-,9389851339
42002,Pooja Reddy,25,Female,O+,9923101923
42003,Anjali Gupta,50,Male,A+,9680903109
42004,Kavya Mehta,60,Male,AB+,9823713919
42005,Rahul Sharma,50,Male,A+,9553420948
42006,Aditya Singh,47,Male,O+,9170566980
42007,Sneha Sharma,29,Female,AB+,9364532348
42008,Karan Singh,23,Female,O+,9348008013
42009,Anjali Kapoor,25,Female,AB+,9246622652
42010,Priya Mehta,28,Female,B-,9520031151
42011,Kavya Gupta,25,Female,O+,9625611370
42012,Rahul Patel,55,Male,O-,9449790905
42013,Rohan Gupta,46,Male,O-,9661391779
42014,Vikram Singh,36,Female,O+,9332278747
42015,Divya Sharma,31,Male,O+,9980314728
42016,Vikram Gupta,40,Male,AB+,9891550211
42017,Sneha Kapoor,28,Female,B+,9713052537
42018,Divya Patel,50,Male,B+,9927503898
42019,Vikram Patel,33,Female,AB-,9139681832
42020,Rahul Singh,26,Male,O+,9614907780
42021,Neha Patel,35,Male,O+,9795543946
42022,Rahul Patel,58,Male,B+,9735645196
42023,Divya Reddy,60,Male,B-,9564940489
42024,Arjun Patel,36,Male,B-,9353087414
42025,Rahul Kapoor,24,Male,AB-,9889166767
42026,Vikram Reddy,60,Male,A+,9553548922
42027,Priya Gupta,57,Male,O+,9694111586
42028,Pooja Verma,39,Male,O+,9384883859
42029,Sneha Kapoor,60,Male,B+,9724044795
42030,Vikram Gupta,24,Male,A-,9130612149
42031,Vikram Patel,54,Female,A+,9675311198
42032,Riya Verma,48,Male,O-,9815892101
42033,Neha Sharma,37,Female,AB-,9113740823
42034,Rahul Verma,29,Female,O-,9419418586
42035,Pooja Mehta,58,Male,AB+,9550106323
42036,Anjali Kapoor,20,Male,B-,9607061885
42037,Pooja Reddy,36,Male,A-,9541905154
42038,Neha Sharma,52,Female,B-,9374750928
42039,Kavya Gupta,35,Female,A-,9746573112
42040,Aditya Singh,39,Female,AB-,9715302295
42041,Rohan Reddy,37,Female,A+,9358748805
42042,Rohan Gupta,47,Male,O-,9983409078
42043,Aditya Verma,30,Female,AB+,9221065852
42044,Vikram Gupta,51,Female,AB+,9377224766
42045,Rohan Mehta,53,Male,A-,9441256755
42046,Aditya Verma,34,Female,AB+,9138340670
42047,Priya Singh,23,Male,A-,9368927741
42048,Pooja Sharma,38,Female,A+,9909841282
42049,Neha Mehta,53,Male,AB-,9350763035
42050,Aditya Kapoor,26,Male,B-,9322657558
42051,Aman Verma,37,Female,AB-,9483591514
42052,Aditya Gupta,20,Female,O+,9308680760
42053,Divya Mehta,59,Male,AB-,9497972209
42054,Rohan Singh,18,Male,AB+,9610765808
42055,Neha Gupta,27,Female,B+,9927881630
42056,Divya Gupta,20,Male,B-,9533194505
42057,Karan Reddy,41,Male,B-,9329990749
42058,Aditya Verma,32,Female,AB+,9748300449
42059,Priya Mehta,32,Female,A+,9944670064
42060,Rohan Patel,33,Female,O-,9640706980
42061,Anjali Singh,49,Male,A-,9273282166
42062,Rohan Reddy,42,Female,AB-,9183486038
42063,Riya Kapoor,35,Female,A+,9486145419
42064,Karan Kapoor,23,Female,O-,9294005934
42065,Kavya Gupta,33,Male,A+,9753614738
42066,Priya Sharma,36,Male,B+,9268373499
42067,Karan Verma,18,Male,O+,9503739851
42068,Pooja Patel,36,Female,AB-,9376660555
42069,Divya Verma,29,Male,AB-,9518114562
42070,Arjun Singh,19,Female,O-,9679919552
42071,Aman Singh,48,Male,AB+,9186757788
42072,Priya Gupta,41,Female,A-,9311860456
42073,Divya Kapoor,33,Male,AB-,9303477796
42074,Sahil Kapoor,31,Male,B-,9408009061
42075,Pooja Kapoor,29,Male,O+,9746613862
42076,Anjali Kapoor,37,Male,B+,9260395322
42077,Riya Mehta,52,Female,AB-,9350336690
42078,Pooja Kapoor,29,Male,A+,9904789319
42079,Vikram Kapoor,46,Female,AB-,9175424944
42080,Sneha Reddy,53,Male,AB-,9663080404
42081,Sneha Sharma,57,Female,AB+,9499653787
42082,Riya Gupta,36,Male,B-,9501469437
42083,Riya Kapoor,35,Male,A+,9311988929
42084,Aditya Verma,44,Female,AB-,9137088463
42085,Priya Sharma,24,Male,AB-,9245389217
42086,Pooja Gupta,43,Male,A-,9771810651
42087,Kavya Singh,32,Female,B+,9587710959
42088,Rohan Verma,49,Female,O+,9658125793
42089,Rohan Kapoor,21,Male,A+,9622840838
42090,Riya Mehta,20,Male,O+,9183551419
42091,Rohan Mehta,27,Female,O+,9326367949
42092,Priya Mehta,48,Female,AB+,9904783368
42093,Kavya Verma,44,Male,O-,9170688049
42094,Rahul Kapoor,54,Male,A-,9779158166
42095,Priya Verma,42,Male,A+,9438638535
42096,Riya Kapoor,23,Male,A-,9115296534
42097,Rahul Gupta,50,Female,A-,9204090671
42098,Karan Patel,47,Female,AB+,9473539304
42099,Vikram Verma,41,Female,B+,9981502520
42100,Neha Mehta,56,Female,AB+,9998464380
42101,Priya Gupta,46,Female,AB-,9928590940
42102,Vikram Verma,33,Male,B+,9570694082
42103,Arjun Sharma,43,Male,B-,9962025506
42104,Divya Kapoor,53,Male,O+,9750513577
42105,Sneha Kapoor,23,Female,AB-,9145746463
42106,Pooja Patel,27,Female,A-,9873283529
42107,Pooja Kapoor,23,Female,B-,9806048916
42108,Kavya Singh,50,Female,A-,9778994161
42109,Sahil Gupta,44,Female,B-,9649442457
42110,Karan Patel,19,Male,O+,9930104079
42111,Sneha Patel,23,Male,A-,9246741811
42112,Aditya Gupta,33,Female,B-,9720600915
42113,Rohan Kapoor,53,Male,A+,9526914898
42114,Rohan Mehta,54,Female,B+,9184270819
42115,Divya Patel,34,Female,B+,9239923869
42116,Neha Sharma,35,Male,A+,9635752949
42117,Divya Reddy,56,Female,B-,9503195579
42118,Karan Sharma,41,Female,O-,9916309514
42119,Sahil Reddy,41,Male,B-,9333240437
42120,Aditya Verma,38,Female,O-,9401144072
42121,Neha Singh,44,Male,O+,9205412085
42122,Priya Reddy,59,Female,A-,9202613378
42123,Neha Gupta,50,Male,O+,9476087880
42124,Sneha Mehta,49,Male,AB+,9816791208
42125,Karan Verma,52,Female,B-,9483996783
42126,Aditya Reddy,19,Male,A+,9799439349
42127,Sneha Reddy,56,Female,A-,9416566651
42128,Karan Patel,39,Male,A-,9692849934
42129,Aman Verma,29,Male,A-,9198171671
42130,Aman Verma,53,Female,A+,9593472908
42131,Riya Singh,55,Female,AB-,9806205315
42132,Aditya Sharma,19,Male,B-,9651240565
42133,Priya Sharma,42,Male,AB+,9989232109
42134,Karan Patel,31,Male,B+,9196025261
42135,Riya Gupta,23,Female,AB-,9387609243
42136,Priya Patel,27,Female,O-,9171363380
42137,Divya Reddy,56,Male,B+,9465441793
42138,Divya Verma,44,Male,B-,9536721364
42139,Sneha Sharma,54,Female,AB-,9892989371
42140,Rahul Kapoor,22,Male,A+,9344344176
42141,Anjali Sharma,18,Male,AB+,9904908228
42142,Riya Reddy,54,Male,O-,9695484655
42143,Kavya Reddy,27,Male,A+,9606760067
42144,Sahil Patel,51,Male,B-,9860666817
42145,Riya Sharma,21,Male,B+,9395758462
42146,Kavya Verma,23,Female,AB-,9890969656
42147,Arjun Reddy,55,Female,B+,9105714875
42148,Anjali Patel,48,Male,A+,9987004584
42149,Kavya Verma,59,Male,B+,9913386850
42150,Riya Verma,19,Male,AB+,9170830826
42151,Riya Reddy,25,Female,O+,9232290801
42152,Sneha Reddy,27,Female,AB+,9196767215
42153,Vikram Singh,43,Female,O+,9628141508
42154,Rahul Singh,50,Female,A+,9273600736
42155,Aman Singh,21,Female,B-,9465659311
42156,Aditya Kapoor,46,Male,O+,9656222714
42157,Priya Patel,55,Female,O-,9304049739
42158,Sneha Gupta,29,Female,B+,9757327985
42159,Riya Gupta,47,Female,A-,9574323042
42160,Pooja Patel,57,Female,O+,9334534502
42161,Rahul Reddy,22,Female,B-,9724389412
42162,Rahul Verma,22,Female,AB-,9895417118
42163,Kavya Verma,30,Male,A-,9924301574
42164,Divya Mehta,22,Female,O-,9506867437
42165,Sneha Kapoor,46,Male,AB+,9899234376
42166,Priya Singh,38,Male,B+,9748908472
42167,Arjun Sharma,46,Female,A-,9126410626
42168,Divya Singh,48,Male,AB+,9186502845
42169,Aditya Patel,52,Female,AB+,9900924526
42170,Riya Gupta,22,Male,O+,9779953889
42171,Riya Singh,47,Male,O+,9120762912
42172,Anjali Sharma,33,Female,AB-,9583262926
42173,Rahul Sharma,44,Female,AB-,9863543745
42174,Karan Singh,23,Female,B+,9867142461
42175,Aditya Gupta,39,Female,A-,9524295418
42176,Rohan Singh,34,Female,A+,9710858831
42177,Sneha Kapoor,46,Male,AB-,9821627152
42178,Aman Verma,36,Female,AB-,9477507597
42179,Arjun Gupta,52,Male,A-,9843822861
42180,Divya Gupta,36,Male,B+,9356748936
42181,Vikram Gupta,20,Female,A-,9285947519
42182,Pooja Singh,48,Female,O-,9887274755
42183,Rahul Sharma,52,Male,A-,9757567095
42184,Kavya Reddy,50,Male,A-,9860812295
42185,Aman Mehta,25,Male,B-,9240457010
42186,Sahil Sharma,35,Female,A+,9734293923
42187,Aditya Reddy,24,Male,AB-,9737620606
42188,Aman Mehta,43,Male,O-,9646486195
42189,Neha Verma,18,Female,O+,9500401372
42190,Priya Sharma,28,Male,A+,9283801134
42191,Sneha Reddy,30,Female,O+,9669231853
42192,Riya Verma,46,Female,O-,9972112184
42193,Rahul Kapoor,45,Female,AB-,9188946564
42194,Kavya Patel,42,Male,B-,9136655050
42195,Anjali Singh,33,Male,AB-,9737472677
42196,Priya Reddy,48,Male,B+,9632773026
42197,Rohan Singh,30,Female,B-,9394243253
42198,Vikram Sharma,40,Female,B+,9816289861
42199,Riya Patel,60,Male,AB+,9664560105
42200,Sneha Mehta,36,Female,B+,9282989367
42201,Aman Mehta,32,Male,AB+,9397983403
42202,Riya Singh,47,Male,AB-,9541953990
42203,Pooja Patel,58,Female,O+,9695505430
42204,Rahul Mehta,56,Female,A-,9989100337
42205,Neha Singh,58,Male,O-,9596692357
42206,Neha Sharma,32,Female,B-,9825323260
42207,Karan Patel,29,Male,O+,9264821308
42208,Karan Patel,28,Female,AB-,9333329552
42209,Aditya Gupta,59,Female,AB+,9865233047
42210,Rahul Kapoor,27,Male,O+,9986378127
42211,Divya Sharma,32,Female,A+,9192949377
42212,Anjali Gupta,18,Male,A+,9283491737
42213,Kavya Singh,32,Female,A+,9667227163
42214,Sneha Verma,24,Male,AB-,9150700855
42215,Rohan Sharma,21,Female,O-,9323099445
42216,Neha Kapoor,19,Female,B+,9887715135
42217,Rahul Mehta,47,Female,B+,9188544545
42218,Aditya Sharma,33,Female,AB-,9282392072
42219,Divya Mehta,35,Female,O+,9820218975
42220,Riya Reddy,32,Female,O-,9139321203
42221,Aman Sharma,19,Male,O-,9997456045
42222,Sneha Gupta,42,Female,A+,9627145318
42223,Aditya Patel,55,Male,A-,9782959074
42224,Pooja Verma,22,Male,A+,9317981601
42225,Vikram Singh,23,Female,AB+,9700751843
42226,Riya Verma,28,Male,AB-,9613410178
42227,Sahil Mehta,25,Female,A+,9924632182
42228,Rohan Reddy,26,Female,AB-,9719751723
42229,Rohan Singh,42,Male,AB+,9499787451
42230,Aman Gupta,28,Male,A-,9161698033
42231,Sneha Mehta,18,Female,A-,9111675274
42232,Vikram Sharma,18,Male,O+,9684214366
42233,Aditya Sharma,43,Female,B+,9630798971
42234,Aditya Sharma,40,Male,B+,9605508387
42235,Rahul Sharma,47,Male,O+,9810691319
42236,Vikram Sharma,50,Male,A+,9166073194
42237,Vikram Singh,60,Female,O+,9134252308
42238,Pooja Verma,24,Female,A+,9380794075
42239,Anjali Kapoor,32,Male,O+,9389774937
42240,Vikram Gupta,20,Female,A-,9855141527
42241,Aman Reddy,54,Female,A-,9223989949
42242,Priya Reddy,42,Female,O-,9719659864
42243,Riya Mehta,49,Female,B-,9296016766
42244,Divya Sharma,34,Female,A-,9363079984
42245,Sneha Reddy,29,Male,B+,9785333740
42246,Divya Verma,22,Male,B+,9548831265
42247,Riya Gupta,35,Male,A-,9746764825
42248,Pooja Gupta,58,Male,AB+,9577942786
42249,Sneha Sharma,54,Female,A+,9782760743
42250,Pooja Kapoor,47,Male,O+,9916574924
42251,Aditya Patel,30,Male,A-,9279227493
42252,Rahul Patel,28,Male,AB-,9105717996
42253,Priya Sharma,56,Female,A-,9303579311
42254,Rahul Verma,35,Male,AB-,9623790294
42255,Priya Gupta,32,Female,AB-,9659983285
42256,Aman Singh,33,Female,O-,9263078825
42257,Arjun Kapoor,44,Female,AB-,9797778657
42258,Rohan Gupta,48,Male,A+,9489141788
42259,Arjun Verma,47,Male,O+,9826642464
42260,Arjun Singh,21,Female,B-,9706235379
42261,Aditya Kapoor,19,Female,A-,9574374642
42262,Kavya Singh,47,Male,O+,9308762380
42263,Karan Mehta,41,Female,O-,9619428563
42264,Aditya Gupta,50,Male,AB+,9221875080
42265,Rahul Verma,51,Male,B+,9339663898
42266,Divya Verma,42,Female,A+,9824940183
42267,Riya Mehta,38,Female,B-,9815557781
42268,Divya Singh,24,Female,AB-,9615119488
42269,Pooja Verma,57,Female,B+,9488412542
42270,Sneha Patel,37,Female,A+,9787982889
42271,Vikram Patel,45,Male,O-,9452144171
42272,Karan Singh,59,Male,O-,9658584453
42273,Rohan Verma,57,Female,AB+,9944732160
42274,Neha Sharma,42,Male,AB-,9179320218
42275,Vikram Reddy,32,Male,AB+,9642185684
42276,Riya Kapoor,33,Male,O+,9598617444
42277,Neha Reddy,50,Female,AB+,9524941247
42278,Karan Reddy,38,Female,A-,9834728410
42279,Sahil Mehta,29,Female,A-,9914692163
42280,Sahil Singh,32,Female,O+,9637775697
42281,Rohan Patel,27,Female,AB+,9864606840
42282,Kavya Sharma,24,Female,A-,9905619477
42283,Aman Singh,46,Female,B+,9134849890
42284,Anjali Kapoor,34,Male,A-,9172622485
42285,Aman Kapoor,24,Female,AB-,9780896667
42286,Aman Verma,31,Female,AB+,9493816100
42287,Aman Kapoor,35,Male,A-,9322591179
42288,Aman Reddy,42,Female,B-,9869189232
42289,Sneha Patel,38,Male,B-,9366286833
42290,Karan Singh,27,Female,O-,9745772280
42291,Pooja Gupta,20,Male,A+,9291353507
42292,Rohan Mehta,43,Female,A+,9967922659
42293,Pooja Sharma,53,Male,A+,9573763682
42294,Divya Mehta,50,Male,AB+,9739315028
42295,Neha Sharma,24,Female,B-,9976342442
42296,Riya Mehta,34,Female,B+,9623249158
42297,Vikram Singh,43,Male,O+,9358294038
42298,Rahul Gupta,18,Male,A+,9754299798
42299,Aditya Singh,34,Male,AB+,9240617537
42300,Sneha Kapoor,31,Male,A-,9684103281
42301,Kavya Mehta,56,Male,B+,9633445226
42302,Aman Patel,47,Female,A+,9967580713
42303,Arjun Reddy,51,Female,O+,9329725778
42304,Sahil Sharma,54,Male,O+,9593820613
42305,Vikram Verma,35,Female,B+,9690960930
42306,Riya Patel,24,Male,AB+,9104118451
42307,Karan Kapoor,44,Male,O+,9626911490
42308,Arjun Gupta,56,Male,O+,9346205292
42309,Vikram Mehta,23,Male,B+,9500926329
42310,Karan Kapoor,37,Female,AB-,9687446479
42311,Pooja Gupta,59,Female,A+,9395008329
42312,Aditya Gupta,53,Male,B-,9461832778
42313,Vikram Singh,51,Male,A-,9863870280
42314,Neha Verma,59,Female,AB-,9679155738
42315,Kavya Reddy,55,Male,AB-,9974314102
42316,Rohan Reddy,40,Female,AB+,9192409590
42317,Aditya Mehta,34,Male,A-,9998596525
42318,Neha Reddy,37,Female,B+,9165551234
42319,Anjali Patel,38,Female,AB-,9626106917
42320,Arjun Gupta,57,Male,O+,9561210506
42321,Karan Patel,21,Female,O+,9383449190
42322,Aditya Sharma,29,Female,AB+,9168916189
42323,Aman Kapoor,25,Female,AB-,9141945044
42324,Aman Singh,56,Female,O-,9809525032
42325,Rohan Singh,58,Female,AB-,9737905213
42326,Anjali Singh,57,Female,O-,9205663961
42327,Divya Kapoor,44,Female,B-,9816486708
42328,Sneha Verma,19,Female,O-,9344761319
42329,Sneha Sharma,27,Female,AB-,9906174254
42330,Priya Reddy,60,Female,AB+,9534607056
42331,Divya Verma,39,Female,AB+,9337669189
42332,Priya Reddy,38,Female,O-,9714504573
42333,Sahil Singh,33,Male,B-,9937861389
42334,Kavya Mehta,53,Male,B-,9505864611
42335,Pooja Mehta,26,Female,O+,9938656382
42336,Riya Singh,51,Female,A-,9334613137
42337,Sneha Reddy,49,Female,O+,9350132578
42338,Riya Kapoor,20,Female,B-,9382818520
42339,Aman Verma,31,Female,A-,9343208008
42340,Sneha Kapoor,42,Female,A+,9180732511
42341,Riya Singh,18,Male,O-,9649033869
42342,Sahil Gupta,33,Male,A+,9334716216
42343,Rohan Sharma,41,Male,AB+,9869954438
42344,Anjali Reddy,56,Female,A-,9459148372
42345,Kavya Sharma,27,Male,AB+,9342376628
42346,Aman Kapoor,32,Female,AB-,9690389568
42347,Aman Reddy,29,Female,O-,9104372694
42348,Sahil Singh,23,Female,O-,9842800405
42349,Pooja Kapoor,49,Female,A+,9857059231
42350,Karan Reddy,26,Female,A+,9927583318
42351,Divya Reddy,25,Male,O-,9137585143
42352,Aman Kapoor,59,Male,O-,9283388133
42353,Divya Mehta,30,Female,A-,9703180485
42354,Pooja Patel,27,Female,A-,9361727132
42355,Pooja Mehta,43,Female,B+,9225736045
42356,Pooja Gupta,48,Female,B-,9565362927
42357,Divya Sharma,60,Male,O+,9530160575
42358,Rahul Kapoor,48,Male,O-,9207331665
42359,Riya Kapoor,27,Male,A+,9105166819
42360,Arjun Patel,34,Male,O+,9980665410
42361,Neha Reddy,35,Male,A-,9660580269
42362,Kavya Reddy,47,Female,O+,9770413387
42363,Sneha Singh,39,Female,O+,9353973575
42364,Rahul Verma,56,Female,A+,9911899630
42365,Priya Verma,29,Female,AB+,9204444681
42366,Aman Verma,56,Male,AB-,9328097764
42367,Sahil Reddy,49,Male,O-,9397917343
42368,Pooja Singh,43,Female,B-,9211296080
42369,Karan Singh,59,Male,AB+,9518780412
42370,Sahil Sharma,38,Male,O-,9397647520
42371,Neha Reddy,57,Male,A+,9811758982
42372,Riya Mehta,48,Female,A-,9737648650
42373,Arjun Mehta,48,Male,AB+,9206671691
42374,Sneha Singh,55,Female,A-,9589960225
42375,Priya Verma,55,Female,AB-,9697247832
42376,Neha Mehta,47,Male,O+,9872591349
42377,Kavya Reddy,27,Female,B-,9450749227
42378,Sahil Patel,21,Female,A+,9996251515
42379,Pooja Mehta,41,Male,AB-,9639108929
42380,Anjali Singh,54,Male,O+,9937207450
42381,Pooja Reddy,42,Female,O+,9540578301
42382,Rahul Reddy,28,Female,B-,9618249696
42383,Aditya Sharma,40,Female,O+,9248831863
42384,Karan Verma,44,Male,O-,9525243107
42385,Priya Gupta,56,Female,AB+,9842701558
42386,Pooja Singh,54,Male,O-,9750547491
42387,Sahil Singh,37,Female,O-,9518982074
42388,Anjali Kapoor,52,Female,O-,9900139077
42389,Sahil Sharma,29,Male,A-,9344071106
42390,Neha Mehta,33,Male,AB+,9256051929
42391,Riya Verma,24,Male,AB-,9573246864
42392,Anjali Kapoor,55,Female,AB-,9592522790
42393,Rohan Reddy,20,Male,A+,9158837877
42394,Sahil Gupta,51,Male,B+,9811321402
42395,Neha Sharma,51,Female,B-,9527055746
42396,Riya Singh,36,Female,O+,9788945545
42397,Pooja Verma,28,Female,B+,9170863931
42398,Divya Verma,35,Male,A+,9440535777
42399,Neha Gupta,37,Female,A-,9429830276
42400,Divya Kapoor,56,Female,AB-,9533452958
42401,Rohan Reddy,30,Male,AB-,9869714874
42402,Sahil Reddy,49,Female,B+,9655087740
42403,Rahul Reddy,19,Male,O-,9201966640
42404,Vikram Sharma,22,Male,O-,9647210809
42405,Rohan Patel,49,Female,B+,9265479159
42406,Neha Singh,43,Male,AB+,9496338360
42407,Aditya Sharma,51,Female,B-,9699525116
42408,Sneha Gupta,52,Female,B-,9833265380
42409,Pooja Gupta,37,Female,AB+,9597759245
42410,Divya Mehta,57,Male,B-,9306074658
42411,Sneha Singh,47,Female,B+,9914118909
42412,Aman Verma,42,Male,O+,9204102002
42413,Rahul Singh,53,Male,O-,9214123767
42414,Rohan Gupta,42,Male,O-,9156080005
42415,Priya Reddy,25,Male,A-,9665531073
42416,Aditya Gupta,27,Male,A-,9325567123
42417,Karan Kapoor,44,Female,B+,9627297151
42418,Aman Patel,20,Female,A+,9965864808
42419,Divya Patel,39,Male,B-,9966004862
42420,Vikram Verma,58,Female,O+,9846258620
42421,Rohan Mehta,23,Female,B+,9203198711
42422,Anjali Reddy,42,Male,B+,9995229410
42423,Vikram Kapoor,24,Female,O-,9838802332
42424,Kavya Gupta,41,Male,A+,9479025489
42425,Arjun Sharma,42,Male,A-,9701249758
42426,Neha Singh,18,Female,AB+,9811391860
42427,Arjun Reddy,25,Female,A-,9191232816
42428,Karan Gupta,24,Female,B+,9445215954
42429,Priya Gupta,21,Male,AB-,9902632914
42430,Divya Gupta,46,Female,A+,9492265232
42431,Rohan Singh,60,Male,AB-,9723836448
42432,Sahil Verma,38,Male,O+,9520704773
42433,Vikram Sharma,50,Female,O+,9927074227
42434,Vikram Singh,56,Male,AB-,9736639169
42435,Arjun Verma,22,Female,A+,9124604685
42436,Aman Singh,38,Female,A+,9537377814
42437,Rohan Kapoor,31,Male,A-,9410946478
42438,Sneha Verma,52,Female,O+,9130282832
42439,Priya Mehta,38,Female,A-,9668843438
42440,Sneha Patel,24,Male,AB-,9102745759
42441,Riya Gupta,54,Female,AB-,9811282139
42442,Divya Patel,26,Female,AB-,9128782931
42443,Pooja Sharma,51,Female,B+,9839533447
42444,Neha Sharma,25,Female,B+,9513709297
42445,Aditya Patel,25,Female,AB-,9385904090
42446,Sahil Mehta,52,Male,O-,9665789376
42447,Aditya Kapoor,33,Male,AB-,9953496066
42448,Arjun Reddy,40,Male,A+,9600840279
42449,Anjali Gupta,22,Male,A+,9936378653
42450,Kavya Gupta,35,Female,O+,9868191354
42451,Divya Sharma,20,Female,AB+,9195049777
42452,Aditya Sharma,42,Male,AB-,9120315716
42453,Sahil Gupta,18,Male,AB+,9402469757
42454,Arjun Singh,60,Female,A+,9202187493
42455,Arjun Patel,37,Male,AB-,9790618027
42456,Arjun Kapoor,41,Male,B+,9388347790
42457,Sneha Verma,41,Male,AB+,9599442439
42458,Kavya Patel,59,Female,B-,9200162717
42459,Rahul Verma,31,Male,O+,9661185891
42460,Neha Verma,31,Male,O-,9652101660
42461,Karan Singh,60,Female,A+,9451177625
42462,Rohan Verma,29,Female,B+,9864812455
42463,Pooja Singh,26,Female,AB-,9148555524
42464,Kavya Gupta,46,Male,B+,9283940954
42465,Rohan Gupta,35,Male,B-,9219393855
42466,Aditya Gupta,43,Male,B+,9959607355
42467,Rohan Verma,54,Male,B+,9957231329
42468,Riya Mehta,21,Female,A+,9181163313
42469,Rohan Singh,25,Male,O+,9348117011
42470,Aman Singh,21,Male,O-,9203962798
42471,Karan Gupta,45,Female,B-,9888941042
42472,Pooja Gupta,60,Male,B+,9900758200
42473,Aditya Gupta,50,Female,B+,9344648931
42474,Sahil Reddy,45,Male,O+,9917126724
42475,Divya Verma,31,Male,AB-,9744416468
42476,Aditya Gupta,34,Male,AB+,9625280759
42477,Aman Reddy,53,Female,A-,9610497529
42478,Pooja Patel,30,Male,O-,9289400058
42479,Divya Sharma,53,Female,B-,9671609863
42480,Divya Reddy,30,Female,AB+,9524083670
42481,Rohan Kapoor,48,Female,A-,9727174128
42482,Pooja Reddy,58,Male,B-,9269789587
42483,Rahul Sharma,55,Female,A+,9721330017
42484,Rahul Gupta,40,Male,O-,9458031230
42485,Anjali Gupta,43,Female,O-,9110650961
42486,Arjun Kapoor,47,Female,AB-,9569937085
42487,Rohan Mehta,60,Male,A-,9312866326
42488,Rohan Kapoor,48,Female,B+,9111449201
42489,Rahul Reddy,24,Female,B-,9827365035
42490,Rohan Sharma,56,Male,AB+,9824039364
42491,Kavya Mehta,30,Female,B+,9884437348
42492,Pooja Gupta,23,Female,O+,9513088642
42493,Kavya Singh,42,Male,A+,9440933359
42494,Pooja Kapoor,39,Male,A+,9640119176
42495,Rahul Gupta,41,Male,AB+,9813763945
42496,Aditya Verma,51,Female,O-,9866654485
42497,Vikram Reddy,59,Female,O-,9228155159
42498,Divya Patel,45,Female,A-,9394445633
42499,Rahul Sharma,45,Male,AB+,9408226607
42500,Rahul Gupta,56,Male,AB+,9727388164
42501,Aman Patel,46,Male,A+,9397990910
42502,Arjun Patel,51,Female,B+,9558820815
42503,Vikram Sharma,41,Male,O+,9216539637
42504,Karan Gupta,34,Female,A+,9382530844
42505,Pooja Mehta,48,Male,A-,9676141222
42506,Vikram Gupta,51,Female,O-,9278884377
42507,Aman Patel,27,Male,A+,9364640993
42508,Priya Sharma,33,Male,A-,9470809299
42509,Aditya Sharma,27,Male,B+,9960337215
42510,Sahil Sharma,26,Female,AB+,9656065072
42511,Neha Sharma,41,Female,B-,9327723324
42512,Priya Kapoor,24,Female,O+,9934027409
42513,Aditya Verma,53,Female,O+,9803719874
42514,Sahil Reddy,48,Female,B+,9797028957
42515,Riya Reddy,46,Female,B+,9461135872
42516,Aditya Patel,36,Male,AB+,9938666912
42517,Neha Gupta,30,Female,A+,9597514473
42518,Divya Reddy,60,Male,O-,9476523001
42519,Sahil Verma,33,Male,B+,9504001214
42520,Aditya Kapoor,31,Female,B-,9848064655
42521,Aditya Mehta,27,Male,AB-,9252506430
42522,Vikram Reddy,41,Female,AB-,9160046534
42523,Kavya Sharma,48,Male,AB-,9749403686
42524,Karan Singh,46,Female,O+,9228228647
42525,Rohan Reddy,33,Female,A+,9449336390
42526,Vikram Patel,51,Male,O-,9908818731
42527,Kavya Mehta,55,Male,AB+,9491811131
42528,Pooja Patel,23,Female,B-,9819469462
42529,Aman Patel,55,Female,B-,9465261200
42530,Pooja Gupta,51,Female,A-,9335638040
42531,Aditya Patel,58,Female,B-,9735866490
42532,Aditya Sharma,22,Female,A+,9322069212
42533,Aditya Verma,36,Male,A-,9162668460
42534,Divya Gupta,36,Female,B-,9633389573
42535,Riya Verma,22,Female,AB+,9783439631
42536,Pooja Kapoor,43,Male,B+,9664523348
42537,Neha Kapoor,45,Male,A-,9350391057
42538,Sahil Reddy,24,Male,O+,9872182965
42539,Divya Singh,37,Female,A+,9635570616
42540,Kavya Patel,50,Female,AB-,9182283914
42541,Riya Gupta,58,Male,AB+,9530893892
42542,Priya Mehta,51,Female,A-,9259667434
42543,Sahil Mehta,51,Female,A+,9414252242
42544,Rahul Patel,54,Male,AB-,9801319339
42545,Sneha Gupta,52,Female,A+,9425954230
42546,Kavya Singh,38,Male,O+,9320670265
42547,Aman Verma,50,Male,AB+,9291156068
42548,Anjali Kapoor,19,Male,AB+,9655706094
42549,Sahil Gupta,39,Male,B+,9634140019
42550,Kavya Singh,43,Female,AB+,9518996923
42551,Rohan Verma,53,Female,B+,9761867629
42552,Anjali Verma,58,Female,O+,9809582598
42553,Pooja Reddy,48,Male,O-,9632046058
42554,Neha Reddy,50,Male,AB+,9631883866
42555,Pooja Mehta,26,Male,B+,9215178873
42556,Priya Verma,52,Female,B+,9772243337
42557,Kavya Patel,46,Female,B+,9540837226
42558,Riya Reddy,25,Female,O+,9350441439
42559,Divya Singh,54,Male,A-,9339042201
42560,Sneha Singh,51,Male,AB+,9425561054
42561,Riya Gupta,42,Male,B-,9425811490
42562,Kavya Patel,34,Male,AB-,9601764247
42563,Rohan Verma,55,Female,AB+,9762305009
42564,Karan Verma,22,Female,AB+,9494179277
42565,Aman Verma,51,Male,A-,9418272752
42566,Arjun Verma,47,Female,AB+,9441518238
42567,Vikram Patel,22,Male,O+,9654997247
42568,Pooja Sharma,58,Female,O-,9736168787
42569,Aditya Verma,40,Male,A-,9563173447
42570,Aditya Patel,60,Male,B-,9131314647
42571,Rahul Kapoor,32,Male,AB+,9732149246
42572,Sneha Singh,40,Female,A+,9592174217
42573,Pooja Mehta,44,Male,B+,9978247782
42574,Kavya Singh,20,Male,AB-,9981438522
42575,Sahil Gupta,47,Male,O-,9716303976
42576,Arjun Patel,41,Female,A+,9964626204
42577,Neha Gupta,37,Male,B-,9880640961
42578,Kavya Verma,34,Male,O+,9808903194
42579,Divya Gupta,35,Male,A+,9387121266
42580,Sahil Singh,57,Male,B+,9430695659
42581,Vikram Singh,40,Female,B+,9870059749
42582,Neha Verma,41,Male,A+,9779846231
42583,Rohan Patel,37,Male,A-,9607446971
42584,Kavya Verma,25,Male,A-,9634461709
42585,Riya Patel,29,Female,B-,9170828369
42586,Rahul Singh,20,Female,O+,9972854280
42587,Kavya Kapoor,41,Male,O+,9569998349
42588,Neha Mehta,18,Female,O+,9158394942
42589,Sneha Kapoor,19,Male,B+,9853918546
42590,Kavya Verma,32,Female,AB+,9463086139
42591,Rahul Verma,31,Male,O-,9690051060
42592,Rahul Verma,55,Male,B+,9723700424
42593,Neha Mehta,32,Male,A+,9906661010
42594,Vikram Verma,57,Male,O-,9958044389
42595,Rahul Verma,52,Male,O-,9880577414
42596,Aditya Patel,34,Female,O+,9850653633
42597,Divya Patel,38,Female,B+,9727721437
42598,Arjun Kapoor,47,Female,O-,9838438413
42599,Sahil Sharma,24,Female,A-,9488823218
42600,Aman Gupta,46,Female,O-,9836267679
42601,Kavya Mehta,60,Female,AB-,9845554342
42602,Aditya Verma,19,Male,AB+,9765730864
42603,Divya Mehta,32,Male,A-,9794183197
42604,Rohan Singh,35,Male,O-,9893004760
42605,Riya Patel,41,Male,O+,9674467548
42606,Sneha Mehta,60,Female,O-,9972046287
42607,Pooja Sharma,50,Female,O+,9288231128
42608,Rahul Singh,33,Female,AB-,9202381058
42609,Neha Reddy,54,Male,A+,9914485335
42610,Aman Mehta,60,Male,O-,9608782809
42611,Karan Singh,25,Female,A+,9202399659
42612,Anjali Patel,50,Female,B-,9395359045
42613,Rohan Sharma,27,Female,AB-,9814951832
42614,Kavya Kapoor,27,Female,O-,9997733224
42615,Arjun Gupta,25,Male,A-,9611761010
42616,Vikram Sharma,54,Male,B-,9702987107
42617,Vikram Patel,49,Male,AB+,9347305525
42618,Vikram Patel,28,Female,B+,9564385307
42619,Rahul Mehta,18,Male,B+,9615430064
42620,Karan Sharma,42,Female,A+,9382498643
42621,Arjun Singh,22,Female,B+,9848060792
42622,Rohan Reddy,33,Male,O+,9721599432
42623,Neha Sharma,42,Male,B+,9232432495
42624,Sahil Patel,21,Male,B+,9915544805
42625,Riya Mehta,32,Male,A+,9585627879
42626,Anjali Kapoor,41,Male,AB-,9627466133
42627,Rahul Sharma,43,Female,A-,9905226394
42628,Arjun Sharma,53,Female,AB-,9666095833
42629,Aman Patel,22,Male,AB+,9646165760
42630,Arjun Kapoor,29,Female,AB+,9112638036
42631,Rahul Singh,22,Male,B-,9664177571
42632,Sneha Singh,28,Female,A-,9648986557
42633,Kavya Singh,59,Female,A-,9852879459
42634,Rohan Singh,58,Female,B+,9387439511
42635,Riya Sharma,24,Male,A+,9329649077
42636,Arjun Gupta,36,Female,A+,9762938330
42637,Aman Sharma,36,Male,O+,9569492652
42638,Priya Mehta,49,Female,AB-,9279774912
42639,Anjali Gupta,22,Female,AB+,9656712482
42640,Aditya Reddy,45,Male,A+,9412658319
42641,Neha Gupta,27,Female,B-,9143325879
42642,Anjali Singh,36,Female,A-,9671957529
42643,Riya Gupta,32,Male,AB-,9838592594
42644,Kavya Patel,28,Female,AB+,9404762980
42645,Priya Kapoor,18,Female,A-,9997789446
42646,Divya Reddy,49,Male,A-,9995209917
42647,Neha Singh,30,Male,A-,9943534811
42648,Pooja Gupta,28,Male,O-,9888289126
42649,Aditya Gupta,55,Female,A+,9536709558
42650,Kavya Singh,48,Female,B-,9360092154
42651,Sahil Reddy,45,Female,A+,9136182904
42652,Pooja Sharma,50,Male,B-,9391672260
42653,Arjun Singh,24,Female,A-,9476152142
42654,Sneha Reddy,52,Female,B+,9209282939
42655,Aman Patel,46,Female,A-,9735192074
42656,Pooja Gupta,19,Female,O+,9217825345
42657,Neha Mehta,37,Female,AB+,9182234479
42658,Rahul Verma,32,Female,O+,9887938183
42659,Rohan Verma,37,Male,AB+,9719979775
42660,Divya Sharma,24,Male,B-,9493319906
42661,Rahul Kapoor,39,Female,B-,9257977153
42662,Rohan Kapoor,46,Female,B-,9265440599
42663,Priya Kapoor,34,Male,A-,9806023285
42664,Priya Sharma,60,Female,A-,9756887600
42665,Rahul Sharma,43,Female,B+,9303152856
42666,Rahul Reddy,25,Female,O+,9274234435
42667,Vikram Verma,42,Female,O-,9432781384
42668,Arjun Gupta,25,Male,B-,9952871964
42669,Vikram Patel,37,Female,AB+,9159855753
42670,Priya Verma,45,Female,O+,9570879069
42671,Priya Patel,44,Female,B-,9281360632
42672,Kavya Singh,44,Male,B-,9622626214
42673,Rohan Verma,26,Male,A-,9179489952
42674,Aditya Singh,35,Female,AB+,9641606105
42675,Sneha Mehta,46,Female,B-,9457417921
42676,Aman Singh,35,Female,O-,9803325372
42677,Divya Sharma,55,Female,B-,9624449482
42678,Karan Singh,18,Male,A-,9963986998
42679,Neha Sharma,46,Female,A-,9941686344
42680,Sahil Sharma,49,Female,A+,9567273860
42681,Aman Mehta,35,Female,O+,9931198424
42682,Aditya Verma,44,Female,B-,9858026403
42683,Sneha Verma,22,Female,B+,9840383987
42684,Pooja Gupta,33,Female,O+,9346686836
42685,Aman Kapoor,48,Male,B-,9785306895
42686,Riya Reddy,21,Female,O+,9550365224
42687,Sahil Mehta,53,Male,O+,9882028133
42688,Riya Sharma,47,Female,O+,9242886000
42689,Karan Patel,39,Male,B-,9303007555
42690,Rahul Verma,52,Female,A+,9318667370
42691,Riya Kapoor,31,Male,O-,9379613029
42692,Kavya Kapoor,45,Male,AB-,9556565266
42693,Rahul Kapoor,47,Male,B+,9491276120
42694,Rohan Reddy,49,Male,A-,9876820956
42695,Priya Sharma,33,Female,A-,9395262669
42696,Priya Sharma,42,Male,AB+,9227542217
42697,Sahil Mehta,56,Male,AB+,9605260804
42698,Priya Mehta,20,Male,AB+,9844809009
42699,Neha Patel,36,Female,O-,9243651664
42700,Sneha Reddy,47,Female,O-,9180579442
42701,Priya Reddy,24,Male,AB+,9590616771
42702,Rahul Reddy,48,Female,A+,9805389757
42703,Sahil Reddy,23,Female,O+,9137596019
42704,Sneha Sharma,35,Male,AB-,9852455617
42705,Vikram Singh,20,Male,B-,9569885364
42706,Anjali Mehta,36,Female,B-,9404094405
42707,Karan Singh,55,Female,A-,9130785986
42708,Aditya Reddy,18,Female,AB-,9457970355
42709,Sahil Singh,30,Male,AB-,9154532301
42710,Divya Patel,43,Male,AB-,9579328118
42711,Sneha Singh,39,Female,O+,9599114266
42712,Arjun Singh,18,Male,O+,9419336539
42713,Kavya Kapoor,27,Female,O-,9462388435
42714,Vikram Verma,29,Male,AB+,9549992666
42715,Arjun Mehta,43,Male,AB-,9436194732
42716,Divya Kapoor,59,Male,A-,9743568439
42717,Priya Sharma,18,Male,A-,9942661515
42718,Kavya Mehta,21,Female,B+,9853357637
42719,Priya Verma,53,Male,AB-,9770473239
42720,Divya Singh,47,Male,O-,9274699440
42721,Vikram Reddy,43,Female,B-,9587118362
42722,Aman Kapoor,20,Female,A+,9612262408
42723,Sneha Sharma,26,Male,A-,9939724581
42724,Pooja Gupta,51,Female,O-,9179296113
42725,Kavya Gupta,54,Female,B+,9804314447
42726,Rahul Mehta,43,Male,B+,9772226713
42727,Divya Mehta,38,Male,A+,9572226025
42728,Priya Singh,56,Female,O+,9477562229
42729,Rahul Gupta,33,Male,B-,9599861419
42730,Sneha Gupta,55,Female,A+,9426380369
42731,Sneha Sharma,26,Male,AB+,9614293281
42732,Aman Sharma,59,Female,AB+,9865680137
42733,Divya Sharma,48,Female,B-,9558420168
42734,Divya Kapoor,54,Female,O-,9167937073
42735,Vikram Gupta,25,Female,AB-,9289017363
42736,Sahil Singh,53,Male,AB-,9657467196
42737,Aman Patel,57,Male,B+,9993246286
42738,Vikram Patel,20,Female,B+,9736368514
42739,Rohan Mehta,39,Female,AB-,9504365309
42740,Riya Verma,27,Male,AB-,9626585850
42741,Neha Kapoor,25,Male,B-,9327481964
42742,Kavya Singh,18,Female,B+,9348791525
42743,Anjali Mehta,53,Female,AB+,9558654998
42744,Divya Kapoor,46,Female,B+,9427641965
42745,Priya Patel,52,Male,A-,9762127384
42746,Sneha Reddy,51,Male,AB-,9208676412
42747,Pooja Singh,24,Male,O-,9709473681
42748,Aditya Patel,25,Female,B+,9716511886
42749,Anjali Singh,30,Male,AB+,9403923592
42750,Rahul Reddy,28,Male,B-,9523267879
42751,Karan Reddy,59,Female,AB+,9928561941
42752,Rohan Sharma,50,Male,O+,9778947012
42753,Neha Singh,35,Female,B-,9667024951
42754,Vikram Patel,27,Male,AB+,9213623204
42755,Aditya Sharma,39,Female,O+,9820266719
42756,Priya Mehta,60,Female,AB-,9494776588
42757,Arjun Kapoor,39,Female,AB-,9194329365
42758,Anjali Verma,32,Male,A-,9856344319
42759,Arjun Mehta,30,Female,B-,9723440689
42760,Vikram Mehta,47,Male,O+,9309490712
42761,Rohan Gupta,49,Female,O+,9503437656
42762,Riya Sharma,31,Female,AB-,9550750961
42763,Divya Gupta,27,Female,AB+,9716664272
42764,Aditya Mehta,56,Female,A+,9732629688
42765,Aman Singh,32,Male,B+,9999724935
42766,Aman Verma,25,Male,A-,9729491468
42767,Priya Verma,54,Female,B+,9811707489
42768,Karan Verma,22,Male,AB-,9545706765
42769,Anjali Patel,20,Male,B+,9166017024
42770,Arjun Verma,44,Male,A-,9936502105
42771,Kavya Reddy,41,Male,O+,9952002562
42772,Aman Singh,29,Female,AB+,9433755458
42773,Neha Gupta,26,Female,O-,9331810880
42774,Divya Sharma,50,Female,AB-,9839935982
42775,Pooja Reddy,36,Female,B+,9248090354
42776,Riya Sharma,29,Male,B-,9550900074
42777,Sahil Patel,27,Male,AB-,9521663749
42778,Vikram Mehta,58,Male,A-,9473196690
42779,Priya Singh,44,Female,B-,9598593060
42780,Riya Patel,55,Female,B+,9164361529
42781,Vikram Singh,45,Female,AB+,9955968331
42782,Divya Singh,29,Male,B+,9235150354
42783,Pooja Kapoor,38,Male,B+,9922481530
42784,Priya Sharma,47,Female,A-,9549863601
42785,Karan Patel,32,Female,AB-,9956740513
42786,Aditya Gupta,52,Male,O-,9655481142
42787,Priya Sharma,54,Female,A-,9248053502
42788,Rahul Singh,54,Male,B+,9212928803
42789,Neha Verma,46,Female,O+,9561978844
42790,Aman Patel,43,Female,AB-,9605188337
42791,Aditya Gupta,45,Female,B-,9714378731
42792,Arjun Sharma,49,Female,A-,9380850424
42793,Sahil Patel,58,Male,AB-,9148406872
42794,Kavya Verma,35,Male,A+,9360387092
42795,Priya Singh,26,Female,O-,9245010218
42796,Vikram Sharma,32,Female,AB-,9259129714
42797,Rohan Patel,44,Male,AB-,9969228941
42798,Aman Reddy,50,Female,AB+,9639102844
42799,Aman Singh,32,Female,O+,9565024611
42800,Kavya Patel,25,Male,B+,9101663740
42801,Riya Verma,37,Male,A-,9150130199
42802,Priya Verma,26,Male,O+,9360269207
42803,Anjali Patel,46,Female,B-,9426994100
42804,Karan Reddy,33,Female,A+,9273879698
42805,Sahil Reddy,55,Male,AB-,9456115354
42806,Vikram Verma,23,Female,A+,9755488000
42807,Divya Singh,52,Female,O+,9803360650
42808,Sneha Verma,40,Female,A+,9127257762
42809,Rahul Sharma,20,Male,B+,9801084939
42810,Pooja Singh,40,Female,A-,9103554640
42811,Rahul Verma,60,Female,A+,9432617617
42812,Aman Patel,51,Male,A-,9343385527
42813,Sneha Gupta,41,Male,AB-,9260393356
42814,Rahul Patel,55,Male,A+,9825480757
42815,Aditya Gupta,52,Male,A+,9134445231
42816,Aditya Mehta,40,Male,AB-,9299176183
42817,Aman Patel,49,Male,B-,9958388584
42818,Sahil Patel,39,Female,A-,9508343547
42819,Aman Reddy,38,Female,A+,9993036794
42820,Priya Mehta,44,Male,B-,9885833309
42821,Sneha Sharma,39,Male,O-,9397021301
42822,Kavya Reddy,40,Female,AB-,9788580830
42823,Vikram Verma,34,Male,O-,9500165645
42824,Kavya Patel,27,Female,B-,9538854172
42825,Karan Sharma,31,Female,B+,9890118969
42826,Aditya Gupta,49,Male,AB-,9481774522
42827,Neha Verma,60,Male,O+,9331122796
42828,Rahul Verma,56,Female,O+,9723364782
42829,Riya Singh,18,Female,O+,9630063119
42830,Priya Patel,37,Male,AB+,9406161467
42831,Riya Patel,59,Male,AB-,9833376851
42832,Rahul Mehta,28,Male,A-,9383779825
42833,Aman Patel,48,Female,O-,9508924585
42834,Aditya Verma,50,Female,AB-,9995540464
42835,Rohan Patel,52,Female,A-,9660393281
42836,Arjun Singh,36,Male,B-,9783213997
42837,Riya Kapoor,40,Female,B-,9910701183
42838,Sneha Kapoor,45,Male,O-,9733566956
42839,Anjali Mehta,54,Female,A-,9944633923
42840,Vikram Mehta,57,Female,B+,9719099607
42841,Rahul Gupta,60,Male,O-,9359057879
42842,Anjali Mehta,44,Male,AB-,9691120518
42843,Rahul Sharma,22,Male,A-,9141458490
42844,Riya Verma,22,Male,O-,9135929446
42845,Riya Singh,47,Female,B-,9595043899
42846,Divya Reddy,52,Male,AB-,9118885084
42847,Aman Mehta,60,Male,AB+,9427756155
42848,Pooja Kapoor,51,Female,A-,9644407988
42849,Kavya Patel,28,Male,B-,9282849120
42850,Riya Verma,37,Male,B+,9189157565
42851,Karan Patel,32,Male,O-,9108945735
42852,Arjun Reddy,34,Male,AB-,9315782642
42853,Riya Reddy,45,Male,O+,9880600891
42854,Kavya Gupta,53,Male,AB-,9886191595
42855,Sahil Verma,30,Male,B+,9129207668
42856,Kavya Patel,56,Female,O+,9744244502
42857,Sahil Gupta,18,Female,A+,9440948601
42858,Vikram Singh,57,Female,A+,9464988261
42859,Kavya Singh,45,Male,A-,9152393081
42860,Pooja Reddy,43,Male,O-,9412455064
42861,Sahil Patel,54,Female,B-,9667635705
42862,Aditya Mehta,24,Female,O+,9302312428
42863,Kavya Singh,38,Male,B+,9439963408
42864,Neha Kapoor,40,Female,AB+,9158121143
42865,Sneha Verma,22,Male,A+,9313480141
42866,Aman Kapoor,21,Female,B+,9645539386
42867,Sahil Sharma,48,Male,B-,9560696265
42868,Pooja Mehta,48,Male,A-,9364358349
42869,Riya Singh,41,Male,A+,9978169665
42870,Rahul Reddy,27,Female,A+,9786710752
42871,Arjun Mehta,22,Male,AB+,9246734046
42872,Riya Verma,35,Female,B+,9341365369
42873,Priya Sharma,42,Male,AB-,9377261643
42874,Neha Kapoor,27,Male,B-,9277087332
42875,Vikram Kapoor,41,Male,AB-,9335945102
42876,Neha Gupta,55,Male,B+,9245698152
42877,Neha Verma,43,Male,AB-,9831879093
42878,Priya Kapoor,32,Female,B-,9903471055
42879,Arjun Mehta,39,Male,B+,9941021769
42880,Sahil Verma,56,Male,B-,9390235977
42881,Rohan Gupta,51,Female,B-,9778528665
42882,Karan Sharma,29,Male,B-,9753107055
42883,Aman Verma,50,Female,AB+,9746100334
42884,Priya Mehta,54,Female,B-,9847344706
42885,Kavya Verma,41,Female,AB-,9950388355
42886,Priya Kapoor,41,Female,A+,9171883915
42887,Rohan Sharma,29,Female,O-,9949560605
42888,Sneha Kapoor,20,Male,A+,9151023423
42889,Arjun Gupta,36,Male,O-,9927102920
42890,Rohan Singh,51,Female,O+,9673824116
42891,Rohan Gupta,38,Male,AB-,9396068881
42892,Neha Kapoor,52,Male,B-,9882082952
42893,Anjali Verma,42,Female,B-,9223160993
42894,Rahul Mehta,19,Male,O+,9549534880
42895,Karan Mehta,49,Female,O+,9185505864
42896,Aman Mehta,21,Female,B-,9367737460
42897,Neha Reddy,27,Female,A+,9362163062
42898,Anjali Reddy,60,Male,O-,9186202459
42899,Vikram Kapoor,49,Female,O-,9802727556
42900,Riya Singh,38,Male,A+,9936640923
42901,Riya Patel,20,Female,AB+,9943964985
42902,Aman Gupta,47,Female,B+,9226132213
42903,Priya Verma,48,Female,A+,9896901900
42904,Divya Mehta,44,Male,O+,9942972164
42905,Aditya Patel,18,Female,A-,9540886972
42906,Riya Reddy,42,Female,AB+,9698165980
42907,Divya Reddy,25,Male,A+,9484465024
42908,Divya Kapoor,56,Female,B+,9844673724
42909,Anjali Sharma,20,Male,A-,9908006801
42910,Neha Singh,33,Male,A+,9944367412
42911,Priya Patel,42,Female,AB+,9915955769
42912,Sneha Kapoor,23,Female,O-,9503602032
42913,Sahil Reddy,29,Male,A+,9677673048
42914,Aman Sharma,46,Female,A-,9961057651
42915,Karan Sharma,58,Female,O+,9174945279
42916,Rohan Verma,42,Male,O+,9740758917
42917,Neha Verma,53,Male,B-,9483278319
42918,Neha Patel,49,Male,B-,9745481593
42919,Sahil Gupta,20,Male,O-,9900583101
42920,Rahul Reddy,36,Male,A-,9746234582
42921,Aman Mehta,42,Male,A-,9114518262
42922,Rahul Gupta,48,Female,A+,9248325993
42923,Riya Patel,45,Male,A+,9228633395
42924,Pooja Patel,32,Male,A+,9732387369
42925,Priya Gupta,45,Male,B+,9728227766
42926,Arjun Sharma,38,Female,B-,9747625723
42927,Aditya Kapoor,20,Female,B+,9636024202
42928,Sahil Singh,18,Male,A+,9487503527
42929,Rahul Verma,23,Female,A-,9735532192
42930,Riya Singh,60,Male,B-,9643375436
42931,Vikram Mehta,31,Male,A-,9668576928
42932,Priya Mehta,60,Male,B+,9190025145
42933,Aditya Sharma,36,Male,B+,9408118819
42934,Pooja Singh,50,Female,B-,9561404813
42935,Anjali Sharma,38,Female,B-,9202870386
42936,Kavya Singh,57,Male,A+,9654390070
42937,Pooja Reddy,39,Female,B-,9291774985
42938,Arjun Sharma,24,Female,B+,9127869281
42939,Sneha Patel,38,Female,AB+,9830282666
42940,Arjun Patel,55,Female,B+,9228046452
42941,Rohan Reddy,55,Male,O-,9933890866
42942,Divya Sharma,47,Female,O-,9492718601
42943,Aditya Patel,18,Male,O-,9900170487
42944,Aman Sharma,51,Female,AB-,9301128839
42945,Neha Kapoor,33,Male,O-,9408306996
42946,Rahul Sharma,28,Female,B-,9978889798
42947,Aman Kapoor,36,Female,AB+,9589806982
42948,Priya Verma,27,Female,B+,9621345337
42949,Riya Patel,50,Female,O+,9580579395
42950,Karan Reddy,31,Male,O-,9960725283
42951,Rohan Reddy,47,Female,B+,9168061831
42952,Aman Kapoor,43,Female,O+,9101333846
42953,Rohan Patel,24,Female,A+,9873833084
42954,Rohan Reddy,32,Male,O-,9843403436
42955,Anjali Gupta,48,Female,B-,9488230008
42956,Vikram Reddy,18,Female,AB-,9559802748
42957,Vikram Verma,27,Female,A+,9588437321
42958,Arjun Gupta,46,Male,O-,9167116270
42959,Vikram Mehta,21,Female,B-,9153365055
42960,Pooja Verma,29,Male,AB-,9467994301
42961,Sahil Verma,56,Female,AB-,9465137971
42962,Neha Singh,26,Female,B-,9471150883
42963,Arjun Reddy,40,Female,AB+,9805765121
42964,Sahil Kapoor,22,Male,AB-,9467014135
42965,Sneha Reddy,35,Male,A+,9813712337
42966,Vikram Singh,22,Female,AB-,9633299910
42967,Neha Verma,22,Male,A-,9256628192
42968,Sahil Gupta,30,Female,O-,9712459978
42969,Anjali Singh,20,Male,B+,9945789630
42970,Divya Patel,51,Male,A+,9989721285
42971,Divya Gupta,29,Male,B-,9521112691
42972,Karan Reddy,22,Female,B+,9939290756
42973,Rohan Singh,27,Female,O-,9625770925
42974,Sneha Mehta,53,Female,B+,9553042580
42975,Aman Patel,54,Female,A+,9472497499
42976,Riya Reddy,33,Male,O-,9766340995
42977,Sahil Verma,47,Female,B-,9186164127
42978,Kavya Gupta,27,Female,AB-,9197918561
42979,Rohan Sharma,36,Male,AB+,9157117409
42980,Priya Reddy,44,Female,B+,9976836252
42981,Riya Singh,21,Male,O-,9432667790
42982,Priya Patel,23,Male,B-,9797067445
42983,Karan Sharma,57,Male,AB-,9946252816
42984,Anjali Gupta,27,Female,O-,9781965513
42985,Kavya Kapoor,36,Female,O-,9689978571
42986,Neha Mehta,40,Female,AB-,9332362485
42987,Karan Reddy,19,Female,AB+,9959525458
42988,Rohan Patel,40,Female,B-,9430625617
42989,Aditya Kapoor,49,Female,B-,9151315844
42990,Vikram Reddy,28,Male,B+,9437237308
42991,Priya Verma,26,Male,B+,9754809412
42992,Rohan Verma,18,Male,B-,9929842209
42993,Karan Singh,46,Female,AB-,9102774014
42994,Sneha Sharma,32,Female,O+,9676767581
42995,Karan Verma,39,Female,AB-,9483426450
42996,Sneha Reddy,24,Male,O-,9686859044
42997,Sneha Sharma,18,Male,A+,9429317498
42998,Vikram Sharma,46,Female,O-,9750953703
42999,Divya Patel,49,Male,A-,9263903724
43000,Aditya Singh,53,Male,B+,9888311466
43001,Karan Gupta,46,Female,AB+,9887002955
43002,Arjun Kapoor,39,Male,AB-,9248525847
43003,Rahul Gupta,19,Male,AB+,9154627815
43004,Rahul Mehta,45,Female,A-,9389830960
43005,Kavya Gupta,21,Male,AB+,9828411438
43006,Neha Mehta,44,Female,B+,9392126529
43007,Rohan Reddy,46,Female,B-,9145286306
43008,Kavya Verma,20,Female,O-,9466747488
43009,Rohan Reddy,39,Female,O-,9157641883
43010,Vikram Verma,49,Female,AB+,9486111041
43011,Aman Kapoor,41,Female,AB+,9622868914
43012,Kavya Gupta,46,Male,B-,9880922860
43013,Sneha Patel,33,Male,B+,9718950298
43014,Neha Mehta,25,Female,B-,9530379306
43015,Sahil Singh,46,Female,A+,9753090492
43016,Rahul Sharma,60,Male,AB-,9263810104
43017,Sneha Patel,28,Female,A+,9824204508
43018,Karan Patel,21,Female,B+,9742591934
43019,Riya Verma,59,Male,O+,9329125032
43020,Neha Mehta,56,Male,A-,9415642053
43021,Pooja Verma,60,Female,O+,9939588347
43022,Arjun Singh,27,Female,B+,9454441766
43023,Pooja Kapoor,42,Female,A-,9515226809
43024,Pooja Mehta,21,Male,A-,9158118825
43025,Rohan Sharma,39,Male,B+,9217201089
43026,Kavya Verma,44,Female,O-,9349324917
43027,Divya Patel,54,Female,A+,9511573236
43028,Neha Gupta,27,Female,O+,9902580362
43029,Vikram Sharma,55,Male,B+,9304703231
43030,Anjali Sharma,46,Female,AB-,9428509114
43031,Kavya Gupta,51,Female,O-,9541738589
43032,Pooja Gupta,41,Female,A+,9777382296
43033,Pooja Patel,18,Female,AB-,9708547545
43034,Karan Verma,45,Male,A-,9662271880
43035,Aman Patel,56,Male,AB+,9118471003
43036,Aman Reddy,54,Male,A+,9425459723
43037,Arjun Reddy,26,Female,A-,9271883243
43038,Karan Singh,60,Female,A-,9402720992
43039,Sahil Kapoor,29,Male,B+,9139094146
43040,Rahul Reddy,33,Male,O+,9772882621
43041,Vikram Mehta,53,Male,O+,9295087429
43042,Aman Kapoor,34,Male,A+,9788248297
43043,Vikram Singh,47,Female,B+,9379637867
43044,Rohan Gupta,24,Female,O-,9580433550
43045,Arjun Singh,18,Male,A-,9337115312
43046,Rahul Patel,23,Male,AB+,9319375024
43047,Priya Reddy,33,Male,B+,9493300613
43048,Vikram Mehta,33,Male,B-,9701961415
43049,Riya Singh,34,Male,B-,9779262523
43050,Sneha Kapoor,43,Male,A-,9494565266
43051,Karan Kapoor,18,Male,B-,9387390663
43052,Sahil Gupta,38,Female,O-,9571618430
43053,Kavya Mehta,25,Male,B+,9952204581
43054,Rahul Gupta,52,Female,A+,9723414264
43055,Pooja Verma,49,Male,AB+,9651401584
43056,Karan Verma,55,Male,B+,9796988488
43057,Priya Mehta,45,Female,B+,9926772984
43058,Pooja Kapoor,35,Female,A+,9531428370
43059,Aditya Mehta,20,Female,A+,9398053793
43060,Priya Gupta,27,Female,B-,9484030254
43061,Sneha Sharma,41,Female,AB-,9805990475
43062,Arjun Mehta,48,Male,O-,9905482525
43063,Arjun Patel,29,Male,B+,9301663814
43064,Karan Mehta,34,Female,B+,9954235331
43065,Arjun Reddy,26,Male,A-,9749008895
43066,Riya Patel,22,Male,A+,9914311376
43067,Sahil Sharma,18,Female,B+,9966222630
43068,Anjali Sharma,43,Female,O-,9250970741
43069,Anjali Mehta,23,Male,B+,9201947452
43070,Divya Kapoor,39,Male,A+,9909672777
43071,Vikram Verma,28,Female,AB+,9216255018
43072,Sahil Kapoor,45,Female,A-,9659601551
43073,Vikram Verma,28,Male,O-,9118237359
43074,Priya Reddy,58,Male,B-,9761673713
43075,Divya Mehta,21,Male,A-,9493014042
43076,Vikram Singh,36,Male,AB-,9100812527
43077,Priya Reddy,39,Male,AB+,9735350271
43078,Priya Sharma,60,Male,O+,9655880981
43079,Rahul Verma,58,Male,O-,9836729798
43080,Riya Patel,42,Male,O-,9275942836
43081,Divya Gupta,22,Female,B-,9344242366
43082,Sneha Patel,35,Female,A-,9462365027
43083,Vikram Singh,25,Female,A-,9245858080
43084,Sneha Reddy,20,Male,AB-,9899576197
43085,Divya Verma,33,Female,O-,9253742632
43086,Kavya Kapoor,52,Male,B-,9762662012
43087,Pooja Mehta,59,Female,AB+,9853808971
43088,Priya Verma,36,Male,AB-,9101830987
43089,Rahul Sharma,57,Male,B+,9725067157
43090,Divya Patel,37,Female,AB+,9308277204
43091,Priya Kapoor,46,Male,AB-,9170495481
43092,Sneha Singh,34,Male,O+,9933320165
43093,Anjali Sharma,23,Male,AB-,9513437978
43094,Sahil Reddy,51,Male,O+,9941881178
43095,Divya Kapoor,32,Male,B-,9893277686
43096,Priya Reddy,24,Female,AB-,9911942992
43097,Aditya Singh,54,Male,B+,9439862281
43098,Pooja Reddy,30,Male,B-,9408286440
43099,Aditya Verma,57,Female,B-,9265860366
43100,Karan Kapoor,39,Male,A-,9495158990
43101,Sneha Patel,21,Female,A+,9213750065
43102,Sahil Mehta,35,Male,O-,9390134290
43103,Rohan Kapoor,23,Male,B+,9620217449
43104,Pooja Reddy,38,Male,AB-,9222224605
43105,Karan Gupta,56,Female,AB-,9941815529
43106,Priya Reddy,23,Female,B-,9494932035
43107,Sneha Verma,51,Female,B+,9108331807
43108,Neha Reddy,54,Male,O-,9316096134
43109,Rohan Reddy,43,Female,O-,9775071931
43110,Divya Patel,24,Male,A+,9456616076
43111,Sahil Reddy,46,Male,O+,9304109364
43112,Sneha Singh,30,Male,AB-,9834026423
43113,Divya Sharma,52,Male,AB+,9929047108
43114,Divya Kapoor,58,Female,O+,9431195079
43115,Vikram Singh,39,Female,AB-,9307730571
43116,Kavya Singh,49,Female,O-,9536599271
43117,Aditya Singh,37,Female,A-,9720120113
43118,Sahil Mehta,21,Female,O-,9314066990
43119,Rohan Mehta,44,Male,B+,9744666456
43120,Vikram Verma,27,Male,AB-,9556408798
43121,Aditya Singh,30,Male,AB+,9834232564
43122,Sneha Patel,46,Male,B-,9317220048
43123,Aman Singh,45,Male,O-,9397569588
43124,Riya Verma,36,Female,B-,9156491156
43125,Divya Gupta,55,Female,O+,9621634430
43126,Priya Gupta,56,Male,B-,9910395489
43127,Sneha Reddy,37,Female,A-,9651354195
43128,Pooja Gupta,24,Male,AB-,9824971524
43129,Rohan Gupta,60,Female,AB+,9877526921
43130,Priya Reddy,56,Female,B+,9515687103
43131,Vikram Patel,46,Male,O+,9468251873
43132,Kavya Verma,24,Female,AB-,9102523314
43133,Divya Kapoor,51,Female,AB+,9338397195
43134,Vikram Patel,41,Female,O+,9397618716
43135,Karan Mehta,24,Male,A+,9512262288
43136,Kavya Kapoor,29,Female,AB-,9257516857
43137,Pooja Gupta,31,Female,B+,9600693868
43138,Riya Gupta,56,Male,A-,9628862474
43139,Riya Sharma,29,Male,O+,9147264459
43140,Divya Mehta,57,Female,O+,9210242354
43141,Arjun Singh,30,Male,B+,9642186293
43142,Rahul Gupta,47,Female,O+,9686083164
43143,Rohan Reddy,54,Male,O+,9544227240
43144,Rohan Verma,23,Female,B+,9779280224
43145,Divya Verma,60,Male,AB+,9574448478
43146,Pooja Kapoor,57,Male,B-,9335910545
43147,Sneha Gupta,21,Female,O+,9638297412
43148,Arjun Gupta,42,Male,A+,9842234720
43149,Rohan Mehta,59,Male,AB+,9979457574
43150,Kavya Gupta,34,Female,AB-,9583861383
43151,Rahul Verma,36,Male,O-,9997940258
43152,Rohan Gupta,24,Male,B+,9967853814
43153,Sahil Verma,19,Male,AB+,9246492634
43154,Sahil Kapoor,22,Female,AB+,9343166437
43155,Aman Sharma,30,Female,A+,9647160757
43156,Rahul Singh,36,Male,O-,9234911228
43157,Rohan Mehta,50,Male,AB-,9501849699
43158,Anjali Sharma,27,Female,A+,9675805729
43159,Pooja Patel,41,Female,B-,9236315409
43160,Karan Singh,29,Male,AB-,9989814357
43161,Riya Sharma,46,Female,B-,9454103510
43162,Pooja Sharma,48,Female,A-,9284658185
43163,Riya Mehta,40,Male,AB-,9593156764
43164,Rahul Gupta,31,Female,O+,9704822169
43165,Riya Gupta,32,Female,B+,9678068048
43166,Vikram Kapoor,49,Male,AB-,9663928452
43167,Rohan Gupta,45,Female,A-,9970868667
43168,Vikram Reddy,36,Male,B-,9432791994
43169,Priya Singh,21,Female,B+,9577321347
43170,Neha Reddy,19,Female,B-,9153656071
43171,Aditya Patel,39,Female,B-,9959231380
43172,Rohan Kapoor,41,Female,O+,9423757722
43173,Sneha Verma,31,Female,AB+,9870235270
43174,Divya Gupta,19,Male,O-,9654910455
43175,Sahil Singh,38,Male,AB+,9150756510
43176,Sneha Verma,57,Female,B-,9882584885
43177,Rahul Mehta,34,Male,O+,9883589586
43178,Neha Mehta,45,Male,AB+,9389775045
43179,Priya Reddy,36,Male,AB-,9874784742
43180,Anjali Singh,23,Female,AB-,9439432771
43181,Sahil Verma,55,Male,B-,9960911958
43182,Pooja Kapoor,47,Male,O-,9357578503
43183,Sneha Singh,38,Female,A+,9189749836
43184,Vikram Verma,22,Male,AB+,9760433149
43185,Riya Sharma,41,Male,B-,9728927287
43186,Neha Reddy,36,Male,B-,9699455989
43187,Rohan Patel,22,Female,O+,9949399166
43188,Kavya Patel,36,Female,O+,9710022248
43189,Aman Reddy,27,Female,AB+,9202429307
43190,Rahul Patel,52,Female,B-,9633534840
43191,Arjun Gupta,46,Female,A-,9651243029
43192,Anjali Reddy,18,Male,AB-,9164364021
43193,Neha Verma,42,Female,AB+,9547821139
43194,Sneha Sharma,46,Male,O-,9480119496
43195,Neha Mehta,44,Female,O-,9255323706
43196,Aditya Gupta,18,Female,B+,9817717457
43197,Sahil Singh,37,Male,B+,9339565017
43198,Kavya Kapoor,45,Female,O+,9113916353
43199,Priya Singh,21,Female,O-,9421964173
43200,Rohan Singh,48,Male,A+,9267192847
43201,Kavya Verma,53,Female,AB-,9330850070
43202,Priya Verma,52,Male,O-,9874415616
43203,Aditya Gupta,29,Female,A-,9440480162
43204,Pooja Verma,44,Female,A-,9959674000
43205,Kavya Sharma,51,Male,O+,9793871855
43206,Pooja Patel,52,Female,AB-,9529263666
43207,Sahil Gupta,36,Female,B+,9607033212
43208,Sneha Reddy,40,Female,B-,9156129709
43209,Arjun Singh,54,Male,A-,9905470008
43210,Aditya Mehta,48,Female,O-,9531739572
43211,Karan Gupta,34,Male,A-,9981835094
43212,Aditya Patel,27,Male,A+,9240966635
43213,Aman Mehta,22,Male,A+,9304792493
43214,Divya Singh,19,Female,B+,9124921136
43215,Rahul Sharma,34,Female,B+,9456162601
43216,Rohan Verma,22,Male,O-,9338627327
43217,Divya Singh,34,Male,O+,9791968861
43218,Vikram Patel,55,Female,AB-,9279698938
43219,Riya Patel,29,Male,B-,9672483580
43220,Pooja Kapoor,59,Male,AB+,9176683806
43221,Rohan Gupta,22,Male,AB-,9222362702
43222,Priya Gupta,33,Male,A+,9874165550
43223,Vikram Sharma,30,Male,A-,9279734060
43224,Sahil Sharma,20,Female,AB-,9496792152
43225,Aman Gupta,46,Female,B+,9923914051
43226,Karan Mehta,47,Female,B+,9866286095
43227,Neha Mehta,53,Male,A-,9521216471
43228,Rahul Sharma,36,Male,B-,9344275611
43229,Sahil Gupta,47,Male,A+,9205901680
43230,Riya Kapoor,49,Male,A-,9521042817
43231,Aditya Reddy,40,Male,AB-,9266311102
43232,Divya Kapoor,30,Female,AB+,9539011283
43233,Kavya Sharma,49,Female,B+,9695504346
43234,Anjali Reddy,30,Female,O+,9210282345
43235,Sahil Singh,34,Female,O-,9481354137
43236,Divya Reddy,33,Female,AB+,9969213373
43237,Aman Verma,30,Female,AB-,9179140631
43238,Rohan Verma,58,Male,A-,9403242338
43239,Aman Verma,41,Female,A-,9540060902
43240,Sneha Reddy,28,Male,B-,9366466661
43241,Pooja Patel,19,Male,AB-,9756902813
43242,Pooja Verma,37,Male,B-,9656046074
43243,Sahil Sharma,18,Female,B-,9869020305
43244,Arjun Singh,21,Male,AB-,9311033229
43245,Karan Verma,34,Male,O+,9422880996
43246,Pooja Sharma,33,Male,AB-,9607340201
43247,Neha Verma,47,Male,O+,9474736982
43248,Rahul Gupta,19,Male,AB-,9231898431
43249,Karan Patel,49,Male,A-,9828621165
43250,Kavya Patel,39,Female,B-,9770695137
43251,Anjali Singh,19,Female,B-,9136343347
43252,Rahul Reddy,59,Male,A-,9202218454
43253,Pooja Verma,55,Female,AB-,9744091180
43254,Sneha Verma,56,Female,A-,9789844351
43255,Karan Kapoor,37,Female,A-,9843530468
43256,Anjali Patel,32,Female,O-,9987510835
43257,Rahul Singh,55,Female,O-,9545558941
43258,Kavya Kapoor,33,Male,B-,9580275126
43259,Vikram Kapoor,49,Male,O+,9857543439
43260,Anjali Verma,60,Female,O+,9486302380
43261,Anjali Verma,26,Female,AB+,9871128070
43262,Sahil Singh,19,Male,B-,9179066549
43263,Pooja Kapoor,20,Male,A-,9304587430
43264,Arjun Patel,41,Male,A+,9342250959
43265,Karan Kapoor,58,Female,A-,9768588042
43266,Kavya Kapoor,38,Female,A-,9527116987
43267,Sahil Kapoor,36,Male,B-,9146283782
43268,Karan Mehta,22,Female,A-,9999755943
43269,Kavya Kapoor,53,Male,O+,9632947953
43270,Aditya Patel,58,Female,A-,9884159977
43271,Divya Singh,28,Female,AB-,9310303815
43272,Aditya Verma,58,Male,B-,9373801768
43273,Pooja Singh,28,Female,B+,9540027065
43274,Kavya Gupta,46,Male,AB+,9896798444
43275,Karan Sharma,19,Male,A+,9272588232
43276,Karan Singh,32,Female,AB+,9313204968
43277,Pooja Patel,54,Female,A-,9225937924
43278,Vikram Gupta,59,Male,A-,9643697445
43279,Priya Gupta,37,Female,AB-,9883008993
43280,Divya Mehta,27,Female,O-,9603147792
43281,Vikram Verma,22,Male,B+,9412965126
43282,Aman Reddy,45,Female,O-,9444605800
43283,Anjali Gupta,33,Male,O-,9251864353
43284,Divya Patel,49,Male,AB-,9314079162
43285,Pooja Gupta,51,Female,AB-,9754262875
43286,Neha Mehta,35,Female,O+,9601175106
43287,Aman Kapoor,34,Female,O+,9900986868
43288,Aman Sharma,56,Female,B-,9561882347
43289,Anjali Patel,28,Male,O+,9961149409
43290,Aditya Reddy,29,Female,B+,9219105460
43291,Sneha Mehta,56,Female,O+,9853511546
43292,Divya Sharma,20,Male,A+,9450018968
43293,Pooja Singh,53,Female,O-,9366991413
43294,Pooja Singh,19,Female,A-,9750304658
43295,Karan Mehta,55,Female,AB+,9470988925
43296,Sahil Mehta,19,Female,A+,9518268392
43297,Neha Kapoor,50,Female,AB+,9594365866
43298,Sahil Patel,58,Male,AB+,9920515734
43299,Rahul Reddy,54,Female,A+,9298854198
43300,Rahul Mehta,53,Male,B-,9535399150
43301,Riya Singh,52,Female,O+,9749064700
43302,Sneha Sharma,28,Female,O+,9499713796
43303,Divya Gupta,26,Male,A-,9486754214
43304,Neha Singh,20,Male,O+,9506064925
43305,Sneha Kapoor,22,Female,AB-,9904641650
43306,Rohan Kapoor,49,Male,B+,9879991535
43307,Rohan Verma,56,Male,O+,9818453328
43308,Sahil Verma,32,Female,AB-,9835080916
43309,Divya Verma,37,Female,O-,9927492669
43310,Divya Verma,35,Female,A+,9239964758
43311,Divya Verma,20,Female,AB+,9594794492
43312,Aman Reddy,44,Female,AB+,9829699800
43313,Riya Patel,55,Male,AB-,9694564448
43314,Anjali Reddy,33,Male,O+,9985638508
43315,Karan Mehta,38,Male,A-,9289368856
43316,Rahul Gupta,18,Female,O-,9185391950
43317,Divya Reddy,18,Male,B+,9778466376
43318,Rohan Gupta,54,Female,AB+,9304983570
43319,Neha Mehta,58,Male,O-,9326921013
43320,Rohan Gupta,23,Male,O-,9930704188
43321,Arjun Verma,56,Female,AB+,9260797853
43322,Divya Singh,33,Male,O+,9142588773
43323,Divya Kapoor,38,Female,B-,9670547121
43324,Karan Singh,20,Female,O+,9815491178
43325,Pooja Mehta,49,Female,AB+,9875677428
43326,Pooja Verma,20,Female,O-,9381598841
43327,Divya Gupta,53,Female,O+,9903770480
43328,Vikram Singh,58,Male,B-,9971822343
43329,Pooja Patel,40,Male,A+,9759324348
43330,Riya Sharma,37,Male,AB-,9528374927
43331,Divya Mehta,42,Female,AB+,9891356824
43332,Rohan Gupta,22,Male,O-,9795034233
43333,Aman Mehta,41,Male,AB+,9430008540
43334,Divya Patel,38,Male,AB-,9322755129
43335,Riya Gupta,29,Female,O+,9484360832
43336,Aditya Sharma,24,Male,B+,9688614673
43337,Pooja Patel,45,Male,A+,9857273006
43338,Aman Sharma,53,Female,B-,9477223088
43339,Sneha Gupta,30,Female,O-,9432374022
43340,Riya Gupta,37,Male,B+,9811346733
43341,Kavya Sharma,53,Female,B+,9697377049
43342,Karan Gupta,56,Male,B-,9294727229
43343,Divya Verma,44,Female,B+,9412604342
43344,Riya Gupta,36,Male,B-,9954836274
43345,Aman Sharma,37,Female,O-,9371104030
43346,Arjun Patel,23,Male,A-,9909580065
43347,Karan Sharma,48,Male,O+,9997828538
43348,Aman Reddy,29,Male,AB-,9363630351
43349,Rahul Sharma,44,Female,B+,9217357714
43350,Vikram Verma,20,Female,AB-,9657516276
43351,Sahil Reddy,22,Female,O+,9829974047
43352,Kavya Singh,21,Female,AB-,9292235243
43353,Neha Singh,21,Male,AB+,9994782023
43354,Sneha Sharma,60,Female,B-,9249744970
43355,Sahil Reddy,58,Male,B+,9137233954
43356,Divya Singh,36,Female,B+,9508788634
43357,Pooja Reddy,45,Female,A-,9215272392
43358,Sahil Gupta,45,Male,A-,9496826979
43359,Sahil Sharma,24,Female,B-,9348801220
43360,Arjun Gupta,53,Male,B-,9426917222
43361,Sneha Reddy,60,Male,O+,9544762344
43362,Arjun Sharma,52,Female,B-,9842177431
43363,Pooja Gupta,60,Female,AB+,9638146902
43364,Kavya Patel,30,Female,AB+,9237441835
43365,Rahul Mehta,40,Male,B-,9793645716
43366,Vikram Mehta,58,Male,B+,9315274334
43367,Rohan Gupta,38,Female,B+,9335494631
43368,Rahul Reddy,43,Female,B-,9759999863
43369,Vikram Reddy,56,Male,A-,9573665881
43370,Vikram Singh,54,Male,O-,9991529016
43371,Divya Singh,46,Female,O+,9447223586
43372,Sahil Verma,56,Male,A-,9587033880
43373,Aman Reddy,24,Male,A-,9656201027
43374,Divya Kapoor,18,Female,O+,9816747637
43375,Divya Reddy,41,Male,AB+,9296814584
43376,Priya Sharma,55,Male,O+,9402794054
43377,Divya Verma,41,Female,O+,9168604335
43378,Divya Reddy,18,Female,AB+,9288502015
43379,Riya Reddy,26,Female,B+,9965817990
43380,Kavya Patel,45,Female,O+,9921139489
43381,Sahil Reddy,57,Male,O+,9515978508
43382,Rohan Sharma,21,Female,AB+,9489617338
43383,Kavya Sharma,31,Female,O-,9190367067
43384,Aman Sharma,20,Male,AB+,9836494504
43385,Riya Kapoor,55,Female,AB-,9752105885
43386,Priya Singh,53,Male,O-,9481713167
43387,Aditya Verma,37,Female,B+,9299799031
43388,Pooja Reddy,54,Male,B+,9401834251
43389,Aman Reddy,29,Female,O+,9891558823
43390,Riya Kapoor,41,Female,B-,9368364432
43391,Divya Verma,49,Female,O+,9482271187
43392,Aditya Verma,23,Female,B+,9204343712
43393,Riya Sharma,57,Male,B+,9706580048
43394,Kavya Patel,30,Female,B+,9165476275
43395,Aman Patel,36,Female,O+,9298373883
43396,Aman Patel,45,Female,B+,9650339031
43397,Priya Verma,44,Female,O-,9619467341
43398,Rahul Verma,60,Female,O+,9527533356
43399,Riya Patel,40,Female,B-,9310666517
43400,Pooja Reddy,56,Male,AB+,9389228268
43401,Aditya Sharma,29,Female,AB+,9323378256
43402,Sahil Reddy,45,Female,A-,9759927800
43403,Aman Singh,51,Female,B-,9705862025
43404,Karan Patel,19,Male,AB-,9331704961
43405,Aditya Gupta,29,Male,A+,9672205735
43406,Divya Sharma,46,Male,AB-,9985867347
43407,Sneha Verma,27,Female,B+,9833581069
43408,Divya Verma,57,Female,B-,9585236359
43409,Neha Kapoor,38,Female,A+,9866893245
43410,Sneha Singh,43,Male,A+,9524638874
43411,Sahil Kapoor,60,Female,B+,9813421245
43412,Neha Kapoor,26,Male,A-,9941847160
43413,Karan Singh,21,Female,O+,9680473391
43414,Arjun Kapoor,47,Male,AB-,9222890828
43415,Riya Gupta,29,Female,A+,9948471929
43416,Rohan Patel,38,Female,AB+,9931465680
43417,Aman Gupta,25,Female,B+,9639335774
43418,Sneha Patel,50,Male,AB-,9293469442
43419,Kavya Singh,56,Male,B-,9187327557
43420,Pooja Singh,54,Male,A-,9776492158
43421,Rahul Patel,23,Male,O+,9896165455
43422,Aman Gupta,54,Female,O+,9623313835
43423,Karan Reddy,60,Female,B+,9527208752
43424,Rohan Kapoor,56,Female,B+,9343930770
43425,Pooja Sharma,48,Female,O-,9244959634
43426,Kavya Singh,49,Female,A+,9367479260
43427,Pooja Verma,30,Female,O+,9110407875
43428,Priya Mehta,40,Male,O-,9788941659
43429,Pooja Verma,24,Male,B+,9690941549
43430,Anjali Kapoor,23,Male,B-,9852628452
43431,Riya Mehta,39,Male,O-,9720119120
43432,Kavya Verma,37,Male,A+,9205810114
43433,Divya Patel,59,Female,B-,9480654115
43434,Kavya Reddy,34,Male,B-,9657678205
43435,Aditya Verma,39,Male,AB+,9955680014
43436,Aman Singh,27,Male,AB-,9142970993
43437,Divya Kapoor,57,Female,O+,9680703472
43438,Rahul Singh,59,Female,O+,9638574405
43439,Karan Verma,21,Male,O+,9969884457
43440,Neha Reddy,36,Male,A+,9676140283
43441,Sneha Mehta,28,Male,O-,9923155162
43442,Neha Reddy,34,Male,O-,9540828119
43443,Vikram Singh,35,Female,A+,9436065205
43444,Arjun Gupta,51,Female,AB-,9684725032
43445,Sneha Verma,21,Male,AB-,9419056020
43446,Sahil Sharma,25,Female,AB-,9933704463
43447,Karan Reddy,35,Female,A+,9588124409
43448,Sahil Reddy,36,Female,B+,9377533423
43449,Anjali Gupta,50,Female,B-,9967547395
43450,Pooja Kapoor,47,Female,AB-,9694966619
43451,Vikram Mehta,58,Female,A-,9461929754
43452,Aman Sharma,42,Female,A-,9211125984
43453,Divya Kapoor,51,Female,B-,9897037438
43454,Kavya Verma,59,Male,O+,9799515187
43455,Kavya Sharma,44,Female,B+,9599764775
43456,Arjun Reddy,49,Female,A+,9886058248
43457,Rohan Gupta,32,Male,A+,9678049206
43458,Anjali Gupta,44,Male,B-,9241615733
43459,Rohan Sharma,55,Male,A+,9164421703
43460,Riya Verma,58,Male,AB-,9429375403
43461,Rohan Mehta,18,Male,O-,9650666312
43462,Neha Mehta,38,Male,B+,9671346810
43463,Sahil Sharma,23,Female,O-,9716569927
43464,Rohan Gupta,28,Female,A+,9309785249
43465,Kavya Sharma,56,Male,B-,9774424763
43466,Kavya Mehta,50,Female,O+,9939533762
43467,Aman Reddy,25,Male,A+,9567196383
43468,Rohan Patel,41,Female,B+,9277450335
43469,Priya Gupta,36,Female,B-,9377296228
43470,Pooja Mehta,20,Male,B+,9295089807
43471,Aditya Patel,51,Female,A+,9268088542
43472,Kavya Mehta,49,Female,A+,9315009575
43473,Vikram Kapoor,34,Male,B+,9418294685
43474,Rohan Gupta,44,Male,A-,9223209483
43475,Rahul Singh,27,Female,AB-,9458736067
43476,Aman Sharma,46,Male,B-,9623325475
43477,Divya Sharma,39,Female,A+,9733390040
43478,Riya Singh,53,Male,A-,9384478231
43479,Sneha Kapoor,34,Male,B-,9640109685
43480,Aditya Mehta,23,Male,A+,9687584730
43481,Divya Kapoor,19,Male,A-,9346148183
43482,Arjun Mehta,34,Male,AB+,9190957797
43483,Karan Mehta,18,Female,O-,9753968646
43484,Aditya Singh,23,Male,B+,9913639454
43485,Riya Gupta,31,Male,AB-,9629878440
43486,Kavya Gupta,25,Male,B+,9839452837
43487,Rahul Gupta,38,Male,B+,9261578904
43488,Neha Gupta,53,Male,O-,9384709509
43489,Vikram Kapoor,58,Female,B-,9537681477
43490,Rahul Gupta,43,Male,AB+,9590770608
43491,Priya Mehta,50,Female,A-,9590639133
43492,Divya Reddy,46,Male,A+,9705669404
43493,Anjali Sharma,56,Female,O+,9826081041
43494,Pooja Reddy,60,Male,AB-,9111338388
43495,Arjun Mehta,37,Female,AB+,9397120498
43496,Sahil Patel,60,Male,O-,9989853571
43497,Rahul Verma,26,Male,A-,9154254172
43498,Kavya Gupta,36,Female,O-,9151337631
43499,Pooja Verma,42,Male,A-,9473321308
43500,Aman Kapoor,33,Male,A-,9571122976
43501,Pooja Kapoor,18,Female,A-,9312251554
43502,Karan Mehta,58,Male,A+,9728593162
43503,Aman Reddy,43,Female,B-,9713177092
43504,Sneha Singh,59,Female,B-,9100294559
43505,Rohan Gupta,44,Female,A+,9337613684
43506,Arjun Mehta,51,Female,A+,9278248736
43507,Aditya Reddy,40,Female,O+,9166897875
43508,Anjali Verma,26,Female,A+,9468900463
43509,Divya Gupta,19,Female,A-,9714824503
43510,Neha Mehta,59,Female,A+,9424272650
43511,Rahul Reddy,48,Female,B-,9966084421
43512,Neha Kapoor,19,Female,A-,9227152384
43513,Kavya Patel,44,Male,O+,9254496969
43514,Karan Sharma,35,Female,B+,9439039741
43515,Divya Reddy,48,Female,B+,9125367948
43516,Riya Patel,41,Male,O+,9180688744
43517,Riya Verma,40,Male,B-,9305434610
43518,Divya Sharma,22,Female,O-,9934612425
43519,Pooja Verma,58,Male,AB-,9594436176
43520,Rahul Reddy,59,Male,B+,9415402471
43521,Rohan Kapoor,25,Female,O-,9441895956
43522,Anjali Gupta,50,Male,O+,9665463909
43523,Divya Verma,41,Male,A+,9816094909
43524,Karan Reddy,57,Female,AB+,9857437309
43525,Neha Gupta,39,Female,AB+,9116889501
43526,Divya Reddy,38,Female,B+,9232393111
43527,Riya Singh,59,Female,O+,9182773456
43528,Aditya Gupta,59,Female,AB+,9631753801
43529,Sahil Mehta,21,Female,B+,9578271480
43530,Divya Mehta,22,Female,A-,9896901603
43531,Sahil Singh,48,Female,B+,9612549518
43532,Priya Kapoor,52,Female,A+,9224298892
43533,Rahul Kapoor,37,Male,B-,9787727369
43534,Vikram Mehta,52,Male,A+,9535230699
43535,Sneha Mehta,25,Male,AB+,9102736014
43536,Arjun Reddy,47,Female,O-,9471939515
43537,Divya Kapoor,53,Female,O-,9839061874
43538,Pooja Sharma,51,Female,O+,9583083532
43539,Rahul Reddy,41,Male,AB+,9833508393
43540,Vikram Verma,20,Male,B+,9909398250
43541,Priya Sharma,57,Male,AB+,9406492799
43542,Divya Kapoor,56,Female,AB-,9855518473
43543,Aman Patel,45,Female,O-,9470540382
43544,Anjali Gupta,32,Male,AB+,9188385832
43545,Arjun Kapoor,29,Male,A-,9669851770
43546,Karan Sharma,58,Male,O+,9546358295
43547,Vikram Reddy,37,Male,B-,9289634856
43548,Karan Verma,41,Female,B+,9796171952
43549,Pooja Kapoor,22,Male,A-,9573527507
43550,Vikram Sharma,38,Male,AB+,9124456508
43551,Priya Sharma,24,Female,O-,9119553210
43552,Neha Reddy,23,Male,AB+,9891621605
43553,Kavya Verma,51,Female,AB-,9671581372
43554,Rohan Mehta,26,Female,A-,9928758443
43555,Neha Mehta,53,Male,AB+,9572497886
43556,Aditya Mehta,51,Male,B+,9301222966
43557,Aditya Reddy,45,Female,O-,9590803308
43558,Priya Reddy,48,Female,O-,9752299897
43559,Sahil Reddy,50,Male,O+,9904541382
43560,Divya Verma,31,Female,O-,9930356045
43561,Riya Verma,27,Female,A-,9746112998
43562,Divya Mehta,45,Female,AB-,9725944952
43563,Riya Singh,23,Male,A-,9443964218
43564,Sahil Reddy,21,Male,AB-,9522897742
43565,Aman Reddy,23,Male,A+,9806538539
43566,Riya Singh,58,Male,AB+,9747704796
43567,Vikram Kapoor,18,Female,AB-,9970949226
43568,Divya Reddy,59,Female,A-,9156184178
43569,Riya Verma,51,Male,B-,9582165801
43570,Riya Kapoor,26,Female,AB+,9816749400
43571,Arjun Sharma,34,Male,B+,9457516903
43572,Arjun Sharma,46,Male,A-,9351988496
43573,Pooja Verma,32,Female,O-,9708213455
43574,Aman Patel,29,Male,B+,9828965379
43575,Vikram Kapoor,29,Male,A-,9644091034
43576,Pooja Kapoor,40,Female,B-,9132116838
43577,Divya Patel,22,Female,AB+,9200229020
43578,Pooja Sharma,29,Female,B-,9507390756
43579,Priya Singh,36,Female,B-,9562758750
43580,Vikram Kapoor,38,Female,A-,9509181275
43581,Rahul Sharma,18,Female,O-,9749285692
43582,Karan Gupta,41,Female,B-,9707285945
43583,Riya Sharma,22,Female,AB-,9866009282
43584,Sneha Reddy,41,Male,A-,9941811776
43585,Rahul Sharma,28,Male,A+,9433887692
43586,Aman Reddy,56,Female,A-,9655858802
43587,Sneha Mehta,22,Male,O+,9428951047
43588,Pooja Singh,26,Male,A-,9170831326
43589,Sneha Kapoor,21,Male,A-,9892379682
43590,Arjun Reddy,22,Male,AB+,9784711150
43591,Aman Gupta,28,Male,AB-,9290209791
43592,Kavya Patel,33,Female,AB+,9994632778
43593,Riya Reddy,36,Male,B-,9966476505
43594,Priya Reddy,25,Female,AB+,9642884058
43595,Arjun Kapoor,39,Female,A-,9587248259
43596,Arjun Gupta,42,Female,O+,9522013814
43597,Anjali Patel,33,Male,A-,9811567502
43598,Rohan Mehta,41,Female,B-,9304602041
43599,Karan Singh,33,Male,O+,9440287116
43600,Priya Mehta,47,Female,O-,9236260628
43601,Karan Verma,20,Female,A+,9306313120
43602,Divya Patel,57,Male,B-,9392509135
43603,Neha Patel,29,Female,B+,9474878275
43604,Aman Verma,33,Female,A+,9365232792
43605,Riya Patel,45,Male,AB+,9548014978
43606,Neha Kapoor,47,Male,AB-,9647400788
43607,Anjali Verma,47,Female,AB+,9148502649
43608,Rohan Gupta,36,Male,B+,9639873346
43609,Sahil Gupta,49,Male,O-,9451025497
43610,Rahul Gupta,33,Female,AB+,9165537328
43611,Aditya Gupta,31,Male,AB+,9308214491
43612,Rahul Verma,54,Male,A-,9299847048
43613,Arjun Sharma,46,Female,A-,9287708295
43614,Priya Mehta,22,Female,AB-,9237599365
43615,Arjun Kapoor,59,Male,B+,9905209956
43616,Sahil Mehta,50,Male,O-,9544025518
43617,Arjun Verma,27,Male,B-,9809155250
43618,Priya Patel,20,Male,A-,9598558470
43619,Kavya Patel,60,Female,O+,9534985439
43620,Riya Kapoor,47,Male,B-,9101135098
43621,Kavya Patel,30,Male,AB-,9601855895
43622,Divya Verma,24,Male,AB+,9568529114
43623,Divya Sharma,58,Male,B-,9406317300
43624,Neha Patel,21,Female,B-,9494256232
43625,Kavya Sharma,33,Male,B+,9365130602
43626,Riya Verma,39,Female,B+,9872401598
43627,Vikram Gupta,21,Female,B-,9740972171
43628,Sahil Reddy,58,Male,O-,9707788752
43629,Karan Singh,59,Female,B-,9385064592
43630,Aditya Patel,53,Male,AB+,9684897605
43631,Divya Gupta,24,Female,B+,9603187098
43632,Pooja Verma,37,Female,A+,9244756168
43633,Arjun Kapoor,35,Male,B-,9286158894
43634,Aman Sharma,36,Female,B+,9416758985
43635,Divya Patel,18,Female,O-,9697401946
43636,Rahul Singh,54,Male,AB-,9456478472
43637,Aditya Kapoor,39,Male,AB-,9128529263
43638,Anjali Patel,27,Male,B+,9341850775
43639,Arjun Singh,21,Male,AB+,9487484863
43640,Arjun Gupta,26,Female,B+,9644963175
43641,Riya Sharma,36,Male,A-,9285968040
43642,Aman Mehta,33,Male,AB+,9591228590
43643,Rohan Reddy,29,Female,B+,9126969016
43644,Priya Sharma,44,Female,A-,9943515970
43645,Priya Kapoor,49,Male,A+,9342881750
43646,Arjun Sharma,29,Female,A-,9118142863
43647,Priya Gupta,18,Female,A-,9600732895
43648,Kavya Kapoor,38,Female,AB+,9811444693
43649,Sahil Patel,40,Female,AB-,9352055896
43650,Riya Kapoor,26,Male,A-,9450429119
43651,Aditya Kapoor,60,Female,O-,9703006681
43652,Neha Reddy,22,Female,O+,9877864600
43653,Sahil Reddy,19,Male,A-,9112401446
43654,Neha Patel,32,Female,O-,9940419640
43655,Aman Reddy,27,Male,O-,9935241247
43656,Sneha Singh,47,Female,O-,9655625461
43657,Priya Sharma,53,Male,A-,9646755836
43658,Sneha Singh,36,Female,B+,9740652881
43659,Kavya Verma,46,Male,O+,9468093216
43660,Aditya Kapoor,35,Male,A-,9690687921
43661,Karan Patel,20,Male,O-,9861265170
43662,Karan Mehta,27,Male,AB+,9721256864
43663,Divya Verma,53,Male,O-,9457427649
43664,Rohan Kapoor,38,Male,O+,9282938779
43665,Rahul Reddy,35,Female,AB+,9290109268
43666,Anjali Gupta,35,Female,A+,9525220026
43667,Pooja Gupta,30,Female,O-,9363202920
43668,Rahul Mehta,46,Male,B-,9586476595
43669,Karan Gupta,30,Male,AB+,9829006050
43670,Rohan Sharma,51,Female,O+,9864399375
43671,Riya Kapoor,46,Female,B+,9117022445
43672,Karan Kapoor,52,Male,B+,9653885118
43673,Kavya Mehta,31,Female,A+,9532709406
43674,Rohan Singh,27,Female,O-,9241614403
43675,Riya Patel,54,Female,A+,9810274572
43676,Kavya Patel,36,Female,A+,9921103680
43677,Kavya Kapoor,22,Female,O-,9954306239
43678,Vikram Mehta,54,Male,A-,9947159376
43679,Rohan Gupta,37,Male,AB-,9633011385
43680,Divya Reddy,37,Male,B-,9346812235
43681,Kavya Singh,27,Female,B-,9304241803
43682,Divya Reddy,34,Female,AB-,9859568270
43683,Pooja Gupta,56,Male,B+,9179251982
43684,Rahul Kapoor,29,Male,A-,9851024463
43685,Vikram Mehta,41,Male,B+,9260674079
43686,Rohan Verma,56,Male,AB-,9377782884
43687,Vikram Gupta,30,Female,A-,9363712058
43688,Arjun Verma,34,Male,A+,9651618915
43689,Sneha Sharma,43,Male,AB+,9695471979
43690,Rohan Kapoor,55,Male,B-,9792140806
43691,Pooja Patel,44,Female,B+,9304748349
43692,Neha Singh,46,Female,AB-,9718708282
43693,Rohan Singh,23,Male,O+,9172767620
43694,Aditya Mehta,59,Male,B-,9402027219
43695,Anjali Kapoor,49,Female,B+,9469643271
43696,Riya Kapoor,53,Male,B+,9488025451
43697,Divya Verma,47,Male,B-,9696097914
43698,Anjali Patel,43,Female,AB-,9761401270
43699,Rohan Reddy,43,Male,AB-,9359913004
43700,Arjun Verma,25,Female,B-,9206142339
43701,Anjali Singh,19,Male,AB+,9486753381
43702,Rohan Reddy,58,Female,AB-,9200628813
43703,Pooja Gupta,39,Female,AB-,9994384226
43704,Anjali Sharma,56,Male,B-,9328944373
43705,Riya Kapoor,29,Female,B-,9165668989
43706,Rohan Verma,47,Female,AB-,9158136352
43707,Vikram Sharma,54,Male,B+,9186026601
43708,Sahil Mehta,29,Female,O-,9568205483
43709,Aditya Gupta,31,Male,A-,9515742121
43710,Sneha Gupta,40,Female,O+,9920821655
43711,Aditya Mehta,30,Female,B-,9612901659
43712,Riya Mehta,51,Male,AB+,9612121302
43713,Neha Reddy,48,Female,AB+,9229060040
43714,Rohan Reddy,29,Female,B-,9677335366
43715,Rahul Reddy,21,Male,A+,9917940791
43716,Aman Gupta,54,Female,A-,9522891140
43717,Aditya Reddy,27,Female,A+,9613160193
43718,Anjali Patel,45,Male,A-,9544074831
43719,Rahul Mehta,23,Female,O+,9209816967
43720,Aman Mehta,20,Female,AB-,9560527655
43721,Sahil Kapoor,53,Male,A-,9821615886
43722,Riya Patel,19,Male,AB-,9371691794
43723,Vikram Gupta,43,Female,A-,9479170070
43724,Aman Singh,20,Male,O-,9215102718
43725,Priya Kapoor,26,Female,AB+,9932458278
43726,Anjali Gupta,43,Female,AB+,9639759077
43727,Aditya Kapoor,31,Female,A-,9456534990
43728,Kavya Singh,34,Male,B+,9990764255
43729,Divya Verma,19,Male,AB+,9838457507
43730,Karan Mehta,24,Female,AB+,9679408904
43731,Riya Mehta,44,Female,A-,9494092925
43732,Riya Kapoor,50,Female,B+,9528269734
43733,Riya Sharma,22,Female,AB+,9848621988
43734,Neha Gupta,30,Male,A-,9781403245
43735,Divya Sharma,24,Female,B+,9873021363
43736,Riya Reddy,44,Female,A-,9363705094
43737,Aman Sharma,41,Male,AB+,9908066585
43738,Divya Verma,22,Male,B+,9745008592
43739,Pooja Verma,20,Female,A+,9625775279
43740,Pooja Singh,60,Male,O-,9189990214
43741,Priya Patel,33,Female,AB+,9929480125
43742,Sahil Kapoor,54,Female,B+,9488234022
43743,Sahil Mehta,34,Female,O+,9974613504
43744,Arjun Mehta,21,Male,O+,9661610242
43745,Anjali Reddy,28,Female,O-,9511456625
43746,Neha Patel,47,Male,AB+,9721646270
43747,Rohan Patel,41,Male,A+,9490867228
43748,Anjali Reddy,23,Female,B+,9601456107
43749,Sneha Kapoor,54,Male,A+,9589257890
43750,Vikram Patel,22,Female,AB-,9411300487
43751,Aman Verma,38,Female,B-,9983919107
43752,Rohan Reddy,55,Female,AB-,9874357094
43753,Divya Mehta,58,Female,A+,9737269279
43754,Neha Verma,34,Male,AB-,9881663558
43755,Aditya Verma,44,Male,A+,9335291020
43756,Vikram Kapoor,32,Male,B+,9788921084
43757,Vikram Patel,40,Male,A+,9602674106
43758,Sneha Singh,20,Male,A-,9846873907
43759,Arjun Sharma,36,Male,B+,9821203066
43760,Priya Kapoor,53,Male,AB-,9259672840
43761,Aditya Singh,56,Male,AB-,9275836599
43762,Neha Patel,57,Female,A-,9983225535
43763,Arjun Verma,33,Female,O-,9585198787
43764,Priya Singh,26,Male,AB+,9239019463
43765,Aman Singh,40,Male,AB-,9788683079
43766,Divya Sharma,60,Female,A+,9275022396
43767,Anjali Patel,42,Male,A+,9417114744
43768,Sahil Verma,35,Male,O+,9297983723
43769,Pooja Sharma,52,Female,B-,9783617376
43770,Aditya Kapoor,46,Male,A+,9228730287
43771,Sneha Singh,58,Male,A-,9118749808
43772,Aditya Mehta,41,Female,B+,9192535665
43773,Riya Sharma,47,Male,A+,9766561627
43774,Aman Verma,18,Male,O-,9360132104
43775,Karan Reddy,18,Female,O-,9746778563
43776,Anjali Gupta,60,Male,O-,9474347966
43777,Pooja Kapoor,37,Male,A-,9692114340
43778,Aditya Reddy,56,Female,O-,9994644620
43779,Karan Singh,53,Female,AB+,9186937134
43780,Neha Kapoor,20,Male,B-,9769151120
43781,Anjali Verma,34,Female,O-,9154010358
43782,Pooja Kapoor,32,Female,O+,9984845834
43783,Vikram Verma,39,Female,O+,9626140069
43784,Sneha Reddy,19,Male,B+,9300174391
43785,Anjali Kapoor,41,Female,A-,9738234974
43786,Pooja Gupta,22,Female,A+,9365362064
43787,Karan Reddy,53,Female,A-,9182691075
43788,Pooja Patel,39,Male,AB+,9428330985
43789,Sneha Gupta,43,Female,AB+,9514546973
43790,Rohan Mehta,29,Female,B+,9377804072
43791,Divya Sharma,37,Male,AB-,9935321897
43792,Karan Kapoor,40,Male,O+,9291105388
43793,Aditya Sharma,25,Female,AB+,9579612532
43794,Priya Mehta,23,Male,AB+,9839635843
43795,Neha Singh,26,Female,A+,9457101142
43796,Riya Kapoor,59,Male,AB-,9344308429
43797,Anjali Verma,24,Female,B+,9574146878
43798,Anjali Gupta,50,Male,O+,9404672632
43799,Divya Sharma,25,Female,O+,9730338193
43800,Arjun Mehta,21,Female,A+,9225288953
43801,Sahil Sharma,39,Female,AB+,9421328864
43802,Priya Sharma,57,Male,AB-,9645164910
43803,Aditya Gupta,31,Female,O+,9187874958
43804,Rohan Kapoor,31,Female,A+,9513368176
43805,Arjun Mehta,20,Female,AB+,9667209346
43806,Rohan Mehta,45,Female,AB-,9975093881
43807,Karan Kapoor,27,Female,A+,9809903574
43808,Anjali Gupta,35,Female,A+,9763871106
43809,Arjun Patel,38,Male,A-,9128390536
43810,Karan Gupta,33,Male,B-,9558092767
43811,Aditya Reddy,33,Female,AB-,9981091419
43812,Anjali Singh,56,Male,O+,9745819069
43813,Divya Gupta,44,Male,O+,9250422809
43814,Aman Mehta,20,Male,O-,9947254439
43815,Riya Sharma,20,Female,A-,9468045075
43816,Sneha Verma,42,Female,AB-,9677577812
43817,Rahul Gupta,47,Female,A-,9276401939
43818,Riya Gupta,23,Female,O-,9328263915
43819,Kavya Kapoor,29,Male,B+,9714472295
43820,Neha Verma,48,Female,O+,9404432302
43821,Sneha Kapoor,45,Female,AB-,9813284588
43822,Priya Sharma,26,Male,O-,9812214754
43823,Aditya Sharma,45,Female,O+,9111509533
43824,Rahul Reddy,50,Female,A+,9855042866
43825,Sneha Verma,58,Male,AB-,9695373742
43826,Karan Gupta,21,Male,A+,9877132172
43827,Vikram Verma,33,Female,O+,9621854353
43828,Kavya Reddy,54,Male,B-,9483813464
43829,Anjali Singh,30,Female,O+,9671339907
43830,Sneha Singh,27,Male,AB+,9439932638
43831,Aman Sharma,46,Male,A+,9718324754
43832,Rahul Verma,59,Female,B-,9871324987
43833,Anjali Reddy,45,Male,B+,9591373379
43834,Aman Singh,56,Female,AB-,9416904329
43835,Sahil Gupta,36,Female,AB-,9930162870
43836,Divya Kapoor,21,Female,O+,9334671833
43837,Kavya Kapoor,52,Female,AB-,9189107653
43838,Priya Singh,40,Male,AB+,9442574427
43839,Aman Sharma,19,Female,B+,9109893309
43840,Aman Patel,25,Female,O+,9258141577
43841,Rahul Gupta,34,Male,B-,9278378902
43842,Rohan Sharma,56,Male,AB+,9733398962
43843,Sahil Gupta,54,Male,B+,9146857496
43844,Divya Gupta,58,Female,B-,9251910145
43845,Kavya Singh,50,Female,O+,9317443014
43846,Riya Kapoor,42,Male,B+,9624849691
43847,Sneha Patel,26,Female,O-,9650044627
43848,Aditya Verma,43,Female,B+,9637432329
43849,Kavya Kapoor,47,Male,O-,9950052038
43850,Riya Gupta,33,Female,A-,9411143489
43851,Vikram Mehta,49,Female,O+,9215634633
43852,Kavya Singh,23,Male,AB-,9904379882
43853,Sneha Singh,53,Male,A+,9367519631
43854,Pooja Singh,25,Female,A-,9557844958
43855,Vikram Gupta,56,Female,A+,9440532196
43856,Pooja Mehta,20,Female,O-,9326614136
43857,Priya Sharma,32,Female,B-,9571503192
43858,Kavya Kapoor,34,Female,A+,9475149111
43859,Divya Verma,27,Male,A+,9247717472
43860,Vikram Gupta,47,Female,O+,9121619784
43861,Sahil Singh,48,Female,A-,9867449573
43862,Kavya Patel,41,Male,A-,9614743429
43863,Aman Sharma,27,Male,B+,9518364059
43864,Rohan Patel,22,Female,A-,9466329985
43865,Vikram Verma,23,Male,B+,9347096157
43866,Aditya Gupta,26,Male,A-,9673157057
43867,Arjun Verma,28,Male,B+,9230292006
43868,Sahil Kapoor,38,Female,AB+,9705261041
43869,Anjali Gupta,29,Male,A-,9240777885
43870,Aman Sharma,29,Male,A+,9674717083
43871,Vikram Patel,18,Male,A+,9457802965
43872,Kavya Sharma,39,Male,A+,9844502385
43873,Vikram Sharma,53,Female,AB+,9107468569
43874,Vikram Verma,27,Male,O-,9702135565
43875,Neha Sharma,26,Male,A+,9147896557
43876,Sahil Verma,33,Male,B-,9987947527
43877,Sneha Reddy,54,Male,A+,9766977787
43878,Sneha Patel,60,Male,B-,9204757748
43879,Riya Patel,56,Female,O+,9909062158
43880,Karan Reddy,36,Male,O+,9464267891
43881,Neha Mehta,53,Female,B-,9488158913
43882,Divya Mehta,48,Female,AB+,9941970502
43883,Anjali Mehta,53,Male,O+,9369594428
43884,Pooja Reddy,27,Female,B-,9999601105
43885,Rohan Reddy,57,Female,A+,9700894282
43886,Divya Patel,28,Female,AB-,9847572561
43887,Rahul Patel,56,Female,O+,9939176936
43888,Rahul Mehta,50,Male,A-,9139479666
43889,Rohan Gupta,34,Male,A-,9331335093
43890,Pooja Kapoor,53,Female,A-,9311189451
43891,Sneha Kapoor,38,Female,A-,9692725506
43892,Divya Reddy,33,Male,A-,9181013797
43893,Pooja Sharma,33,Male,B+,9428352918
43894,Riya Patel,50,Female,A+,9450747078
43895,Aditya Verma,25,Female,O+,9873514903
43896,Anjali Mehta,21,Male,A+,9889655158
43897,Riya Kapoor,44,Male,O-,9488925802
43898,Anjali Sharma,47,Female,B+,9915579792
43899,Aman Sharma,25,Male,AB-,9698803030
43900,Rahul Patel,50,Male,O-,9772618349
43901,Rahul Sharma,37,Female,A+,9716276728
43902,Pooja Sharma,44,Female,B-,9926588557
43903,Neha Mehta,51,Male,A+,9949663472
43904,Karan Patel,25,Female,AB+,9527175333
43905,Pooja Sharma,19,Female,B+,9245204615
43906,Divya Patel,22,Female,O-,9624766178
43907,Rahul Mehta,27,Female,AB+,9274164099
43908,Aditya Reddy,22,Female,A+,9610881692
43909,Aditya Sharma,18,Female,AB+,9339518552
43910,Riya Verma,58,Female,B+,9379542566
43911,Arjun Gupta,18,Female,AB+,9684662444
43912,Divya Singh,20,Female,O-,9300304545
43913,Sahil Reddy,41,Male,A+,9220349712
43914,Anjali Mehta,19,Female,AB-,9840402848
43915,Neha Reddy,49,Female,O-,9655801633
43916,Rahul Sharma,35,Male,O-,9632670182
43917,Kavya Reddy,28,Male,B+,9412689835
43918,Pooja Gupta,45,Male,A-,9630464009
43919,Neha Sharma,47,Male,AB+,9544968316
43920,Riya Reddy,41,Male,B-,9755485885
43921,Priya Kapoor,46,Female,B-,9793285819
43922,Sneha Patel,33,Male,A+,9598668433
43923,Aman Kapoor,42,Male,O+,9600476817
43924,Kavya Reddy,41,Male,AB+,9296983964
43925,Anjali Patel,19,Female,AB+,9898909654
43926,Neha Verma,58,Female,O-,9535708504
43927,Kavya Gupta,25,Male,A-,9119801002
43928,Aditya Verma,57,Male,A+,9135177710
43929,Riya Reddy,31,Male,A-,9585576577
43930,Riya Mehta,39,Female,AB+,9482366223
43931,Vikram Mehta,18,Male,O+,9273363204
43932,Sahil Mehta,53,Male,B-,9554872867
43933,Sahil Singh,34,Female,A+,9235045009
43934,Sahil Sharma,44,Female,AB+,9405041241
43935,Aman Gupta,48,Male,AB-,9188046499
43936,Neha Kapoor,32,Female,O+,9196667050
43937,Sahil Reddy,18,Male,O-,9286018148
43938,Pooja Mehta,45,Male,AB+,9739242533
43939,Karan Gupta,42,Female,A+,9981889518
43940,Karan Mehta,21,Male,AB-,9950107196
43941,Sneha Singh,53,Female,B+,9434039601
43942,Rahul Singh,36,Female,A+,9902591335
43943,Neha Verma,49,Male,B+,9934293266
43944,Neha Gupta,43,Male,O-,9915746574
43945,Riya Sharma,57,Male,O-,9331626620
43946,Pooja Singh,45,Male,O+,9898724012
43947,Riya Gupta,53,Male,AB+,9706354836
43948,Aditya Mehta,40,Male,AB+,9933572284
43949,Rahul Sharma,41,Female,B+,9989562525
43950,Neha Sharma,29,Female,AB-,9677988955
43951,Riya Mehta,54,Male,A+,9422900411
43952,Karan Singh,45,Female,O+,9691327111
43953,Neha Gupta,50,Male,O+,9740297522
43954,Priya Kapoor,22,Male,O+,9358939088
43955,Sneha Kapoor,22,Female,B+,9402627169
43956,Rahul Verma,29,Female,B+,9150858492
43957,Rohan Verma,53,Male,B-,9238541858
43958,Arjun Verma,34,Male,AB-,9238726392
43959,Aditya Kapoor,38,Female,O+,9921765045
43960,Sahil Mehta,25,Male,A-,9219108927
43961,Rohan Verma,45,Female,A+,9329255522
43962,Kavya Sharma,50,Female,B+,9502218499
43963,Arjun Gupta,57,Male,B+,9724075096
43964,Sneha Verma,18,Male,A-,9112533403
43965,Karan Singh,41,Male,B-,9452952258
43966,Riya Patel,34,Female,A-,9765630324
43967,Sahil Patel,53,Female,A+,9875270668
43968,Arjun Patel,35,Male,A-,9702098288
43969,Divya Singh,46,Female,O-,9625596221
43970,Kavya Reddy,29,Male,AB-,9537867745
43971,Sahil Sharma,54,Male,B+,9548817148
43972,Arjun Singh,22,Male,O-,9821142249
43973,Arjun Sharma,34,Male,A-,9521970200
43974,Priya Patel,44,Female,O-,9481692714
43975,Rahul Verma,44,Female,AB+,9712328956
43976,Aman Kapoor,41,Male,AB+,9587226358
43977,Karan Singh,57,Male,A-,9822632794
43978,Riya Singh,23,Female,A-,9366192725
43979,Rohan Gupta,56,Female,O+,9823576950
43980,Priya Reddy,20,Male,AB-,9193483206
43981,Sneha Patel,37,Female,O-,9135342416
43982,Sahil Patel,22,Female,O+,9936030938
43983,Neha Gupta,29,Female,AB+,9455419379
43984,Divya Mehta,48,Male,A+,9626074369
43985,Anjali Gupta,21,Male,O-,9448075558
43986,Kavya Patel,18,Male,B+,9670394395
43987,Neha Mehta,18,Male,B+,9922639948
43988,Karan Reddy,33,Female,A-,9995763981
43989,Pooja Kapoor,21,Male,AB+,9915592005
43990,Divya Singh,19,Male,O+,9902249440
43991,Vikram Verma,35,Female,B+,9145888424
43992,Karan Gupta,39,Female,B+,9744507672
43993,Sahil Reddy,18,Male,O-,9659242057
43994,Pooja Gupta,47,Female,B-,9389855783
43995,Arjun Sharma,49,Female,B+,9657989583
43996,Kavya Singh,48,Female,O+,9700902871
43997,Sahil Kapoor,30,Male,AB+,9300996914
43998,Aman Reddy,29,Female,A-,9288822143
43999,Anjali Mehta,36,Male,O+,9715402292
44000,Kavya Gupta,31,Female,AB-,9529904168
44001,Divya Reddy,55,Female,AB+,9936341515
44002,Aditya Verma,60,Male,B-,9463437620
44003,Rohan Reddy,27,Male,B+,9843515616
44004,Neha Patel,30,Male,A-,9990284762
44005,Anjali Reddy,50,Male,A+,9521612487
44006,Rohan Singh,54,Male,O-,9970252394
44007,Sneha Singh,23,Male,A+,9877574727
44008,Rahul Singh,54,Female,B+,9306385484
44009,Sahil Verma,40,Male,B+,9514116366
44010,Priya Gupta,54,Male,B-,9658963285
44011,Anjali Singh,54,Male,B+,9839806591
44012,Sneha Sharma,43,Male,B-,9565055504
44013,Aman Mehta,31,Male,AB-,9539044539
44014,Sneha Mehta,49,Female,A+,9362025481
44015,Divya Reddy,41,Male,B-,9740110721
44016,Riya Gupta,24,Female,A+,9301617945
44017,Divya Reddy,38,Male,AB+,9926485753
44018,Sneha Verma,50,Female,O-,9905901696
44019,Sneha Singh,42,Male,B+,9839362805
44020,Arjun Mehta,37,Male,B+,9905991130
44021,Sneha Mehta,38,Male,AB-,9805138785
44022,Divya Sharma,20,Female,AB+,9545216387
44023,Vikram Sharma,36,Male,O-,9584459199
44024,Rahul Singh,24,Male,O-,9319474315
44025,Vikram Reddy,38,Female,AB-,9247563190
44026,Karan Sharma,18,Female,A-,9424684580
44027,Arjun Singh,35,Female,AB+,9797143732
44028,Rahul Mehta,54,Female,A+,9450518649
44029,Sneha Kapoor,21,Male,AB+,9256339291
44030,Aman Sharma,58,Female,A-,9717575934
44031,Divya Kapoor,35,Male,A+,9578268869
44032,Aman Sharma,60,Male,B-,9822799800
44033,Sneha Mehta,55,Female,AB+,9177179763
44034,Karan Patel,46,Female,O+,9562849354
44035,Riya Reddy,59,Male,A+,9976890421
44036,Anjali Singh,37,Female,AB+,9855361874
44037,Aditya Mehta,55,Female,A+,9293976479
44038,Aditya Reddy,28,Male,B-,9686323633
44039,Aditya Singh,49,Female,O+,9367437456
44040,Riya Reddy,58,Male,AB-,9235575598
44041,Arjun Gupta,56,Male,AB-,9595552154
44042,Kavya Patel,33,Male,O-,9497231862
44043,Arjun Gupta,22,Female,AB-,9743154819
44044,Rahul Kapoor,39,Female,AB-,9445052952
44045,Divya Gupta,37,Female,O-,9703706476
44046,Karan Mehta,40,Male,AB+,9381926902
44047,Aditya Sharma,42,Male,AB+,9529594221
44048,Sneha Mehta,50,Female,AB-,9268632179
44049,Rohan Gupta,27,Female,B+,9432148696
44050,Arjun Kapoor,20,Female,AB-,9814090210
44051,Rohan Reddy,55,Female,AB+,9922219602
44052,Priya Patel,36,Male,AB+,9594809188
44053,Neha Kapoor,34,Female,AB+,9271623634
44054,Aditya Sharma,55,Female,A+,9729090668
44055,Pooja Gupta,30,Female,A-,9901139047
44056,Arjun Sharma,53,Male,A+,9310912551
44057,Arjun Reddy,22,Male,A-,9671931209
44058,Vikram Gupta,29,Female,B-,9380451753
44059,Aman Mehta,24,Female,A-,9985671331
44060,Arjun Gupta,42,Female,B+,9354525205
44061,Kavya Sharma,31,Male,AB+,9841826700
44062,Arjun Mehta,19,Male,O-,9547322746
44063,Aditya Gupta,33,Male,B+,9195330855
44064,Vikram Reddy,41,Female,A-,9286038814
44065,Rahul Reddy,46,Male,O-,9280951706
44066,Priya Verma,40,Male,AB+,9710037471
44067,Rohan Gupta,22,Female,A+,9382109390
44068,Neha Singh,23,Male,O-,9888602036
44069,Sahil Reddy,54,Female,A-,9215070574
44070,Divya Mehta,33,Male,B+,9509799458
44071,Neha Singh,46,Male,AB-,9994237366
44072,Aman Reddy,55,Female,O-,9558920861
44073,Anjali Verma,42,Male,B-,9666440966
44074,Karan Gupta,53,Male,B+,9337110447
44075,Riya Verma,45,Male,AB-,9142379359
44076,Anjali Kapoor,54,Male,AB-,9217312413
44077,Pooja Verma,32,Male,B+,9247055759
44078,Riya Singh,22,Female,AB-,9793450942
44079,Priya Reddy,18,Female,A-,9305296059
44080,Divya Verma,45,Female,A+,9512097286
44081,Kavya Mehta,50,Female,AB-,9408794835
44082,Aman Verma,35,Female,O+,9783053445
44083,Divya Sharma,44,Male,O-,9166908698
44084,Riya Sharma,55,Female,O+,9505163383
44085,Kavya Verma,38,Female,O+,9375005145
44086,Neha Sharma,31,Male,O+,9687892324
44087,Aditya Kapoor,30,Female,O-,9136237905
44088,Vikram Verma,25,Male,O-,9786081801
44089,Rahul Gupta,39,Male,B-,9955130058
44090,Karan Gupta,18,Male,B-,9498777215
44091,Riya Patel,31,Female,AB-,9303090840
44092,Pooja Mehta,60,Female,B-,9308619493
44093,Kavya Gupta,52,Female,O+,9684343568
44094,Priya Patel,38,Female,A+,9872019448
44095,Aditya Sharma,36,Male,B-,9662574809
44096,Aditya Patel,49,Male,O-,9329818185
44097,Kavya Verma,57,Female,A-,9877303109
44098,Karan Kapoor,27,Female,O-,9423102522
44099,Neha Sharma,28,Male,A+,9545729272
44100,Rahul Verma,19,Female,B+,9958817809
44101,Rohan Singh,23,Male,AB+,9936831982
44102,Neha Patel,24,Female,A-,9664108017
44103,Vikram Sharma,28,Female,O+,9701563725
44104,Divya Gupta,40,Female,B+,9680413908
44105,Karan Kapoor,54,Male,B-,9649971538
44106,Anjali Reddy,44,Male,B-,9658388204
44107,Karan Reddy,22,Female,B+,9873032764
44108,Rahul Kapoor,42,Female,AB+,9919466127
44109,Vikram Patel,24,Female,AB-,9862198559
44110,Rohan Gupta,55,Male,O+,9240158427
44111,Karan Kapoor,35,Male,A+,9737173246
44112,Riya Singh,26,Male,AB-,9925786327
44113,Vikram Mehta,46,Female,O+,9572300090
44114,Sneha Verma,43,Female,B-,9379062437
44115,Arjun Sharma,58,Male,B-,9409582397
44116,Rohan Kapoor,24,Male,B+,9912148809
44117,Sahil Kapoor,20,Female,A+,9803780797
44118,Rahul Kapoor,41,Female,AB-,9189562558
44119,Sneha Singh,29,Male,O-,9641603174
44120,Divya Mehta,21,Male,O+,9438327674
44121,Rahul Reddy,54,Male,A-,9693525022
44122,Divya Gupta,40,Male,AB+,9255191834
44123,Rohan Verma,38,Male,B-,9149903791
44124,Karan Singh,47,Female,AB+,9360578184
44125,Riya Verma,58,Male,A+,9953217776
44126,Priya Kapoor,49,Male,B-,9857714489
44127,Sahil Patel,29,Female,B+,9175611240
44128,Sahil Reddy,58,Male,B+,9159653864
44129,Arjun Sharma,21,Male,A+,9569387969
44130,Rohan Gupta,53,Male,AB-,9957920481
44131,Pooja Mehta,19,Male,B-,9343558343
44132,Divya Kapoor,43,Male,A+,9423028728
44133,Aditya Sharma,23,Female,B+,9894330166
44134,Neha Kapoor,23,Female,O-,9455222168
44135,Divya Gupta,37,Female,O-,9965850879
44136,Sneha Gupta,24,Female,A-,9734073552
44137,Aditya Patel,31,Female,AB+,9711820864
44138,Anjali Reddy,29,Female,B+,9370265344
44139,Priya Verma,30,Female,AB+,9721178191
44140,Divya Kapoor,59,Male,A+,9488185296
44141,Sneha Patel,58,Male,AB-,9597335022
44142,Kavya Mehta,18,Female,A-,9337871027
44143,Kavya Sharma,22,Male,AB+,9963181158
44144,Vikram Sharma,42,Male,AB+,9255346438
44145,Neha Gupta,60,Female,AB-,9294419495
44146,Neha Mehta,24,Male,A+,9200812188
44147,Kavya Reddy,40,Male,A-,9739916334
44148,Rohan Sharma,34,Male,AB-,9226385897
44149,Arjun Patel,36,Male,AB-,9162212517
44150,Divya Gupta,36,Female,AB+,9403044526
44151,Pooja Gupta,25,Female,A-,9950499029
44152,Divya Gupta,19,Female,A-,9486019799
44153,Karan Sharma,30,Male,AB+,9803249991
44154,Rohan Kapoor,53,Female,AB+,9216942930
44155,Kavya Singh,47,Male,O+,9383645941
44156,Kavya Sharma,29,Female,AB+,9298245457
44157,Kavya Patel,50,Female,O+,9738770960
44158,Aman Kapoor,23,Male,AB-,9159507995
44159,Aditya Mehta,39,Female,B-,9983636777
44160,Aman Mehta,45,Male,B+,9946398445
44161,Karan Singh,57,Male,O-,9529366282
44162,Vikram Sharma,49,Male,A-,9254526714
44163,Pooja Gupta,40,Female,A+,9158028651
44164,Pooja Reddy,38,Male,O-,9739472193
44165,Neha Mehta,23,Male,AB-,9706800759
44166,Priya Sharma,57,Female,AB+,9141975957
44167,Sahil Gupta,43,Female,B-,9972493990
44168,Aditya Verma,49,Female,O-,9284679039
44169,Priya Verma,49,Female,A-,9580022756
44170,Pooja Patel,54,Male,B+,9765253128
44171,Riya Singh,22,Female,A+,9789623704
44172,Vikram Singh,33,Female,A+,9250444753
44173,Divya Sharma,20,Female,AB-,9899948128
44174,Sneha Mehta,25,Male,O-,9893549355
44175,Arjun Verma,47,Male,A+,9842131525
44176,Vikram Patel,40,Female,AB-,9996154316
44177,Riya Reddy,25,Male,B-,9132148325
44178,Neha Verma,25,Female,O+,9233574603
44179,Aman Mehta,23,Female,A-,9246516147
44180,Anjali Patel,38,Male,B+,9908174481
44181,Rohan Reddy,49,Male,B+,9951315882
44182,Kavya Sharma,31,Male,A-,9443258546
44183,Riya Singh,41,Female,A-,9703732439
44184,Divya Reddy,27,Male,A+,9247934913
44185,Sneha Reddy,39,Male,AB-,9859035273
44186,Aditya Reddy,45,Female,O+,9799685588
44187,Pooja Reddy,38,Male,O+,9115857088
44188,Vikram Patel,52,Male,A+,9661373664
44189,Rohan Gupta,23,Female,AB-,9448528255
44190,Karan Singh,41,Male,AB-,9141017895
44191,Sneha Patel,22,Male,B-,9327224750
44192,Aman Gupta,48,Female,O-,9763061462
44193,Kavya Kapoor,59,Male,O-,9793156446
44194,Sneha Patel,58,Female,B-,9375397874
44195,Divya Verma,46,Female,B-,9998641158
44196,Rahul Mehta,33,Male,AB-,9745437291
44197,Divya Sharma,21,Female,AB-,9943287051
44198,Sahil Sharma,35,Male,AB+,9773093192
44199,Arjun Sharma,27,Male,AB+,9321724787
44200,Divya Verma,32,Male,A-,9503992509
44201,Aditya Gupta,45,Female,AB+,9891550705
44202,Sneha Gupta,18,Male,O+,9214356057
44203,Sahil Mehta,29,Male,O-,9239420019
44204,Priya Verma,54,Female,O-,9726184764
44205,Rahul Reddy,25,Male,A-,9447367944
44206,Neha Verma,59,Male,AB+,9840805834
44207,Rohan Mehta,32,Male,O+,9234917436
44208,Aditya Verma,57,Female,B-,9409508479
44209,Arjun Kapoor,30,Female,B+,9574203652
44210,Aman Verma,38,Male,AB+,9189220724
44211,Karan Sharma,32,Female,O+,9606629589
44212,Pooja Singh,36,Female,A-,9617997140
44213,Karan Mehta,31,Male,O+,9940906493
44214,Neha Reddy,21,Male,A+,9504849854
44215,Riya Kapoor,25,Male,A+,9620044208
44216,Aditya Mehta,27,Male,AB+,9638467990
44217,Divya Reddy,59,Female,A-,9672365876
44218,Pooja Verma,46,Male,AB+,9993900587
44219,Aman Mehta,59,Female,B+,9545777683
44220,Rohan Singh,38,Female,A+,9798297982
44221,Priya Mehta,25,Female,O-,9485298476
44222,Aditya Singh,58,Male,A-,9865567577
44223,Kavya Kapoor,40,Male,A-,9747557096
44224,Riya Singh,53,Female,O-,9780835314
44225,Sneha Verma,36,Female,AB-,9921559139
44226,Rohan Sharma,51,Male,A-,9769164135
44227,Rohan Verma,26,Male,B+,9485829928
44228,Aditya Sharma,44,Female,AB+,9664818103
44229,Vikram Gupta,18,Male,B+,9970034554
44230,Kavya Kapoor,32,Male,O+,9537661446
44231,Rohan Singh,34,Female,O-,9889567357
44232,Sneha Sharma,28,Male,O+,9701627230
44233,Rahul Verma,20,Female,AB+,9688731605
44234,Divya Gupta,33,Female,AB-,9127293310
44235,Riya Gupta,51,Male,B+,9208507174
44236,Riya Gupta,53,Female,B-,9900562321
44237,Kavya Reddy,43,Male,O-,9623899518
44238,Arjun Mehta,28,Male,O-,9411993039
44239,Pooja Sharma,43,Male,AB-,9746363349
44240,Neha Patel,28,Female,AB-,9855336604
44241,Rohan Mehta,54,Male,O-,9826649128
44242,Neha Kapoor,51,Male,AB+,9160566650
44243,Pooja Patel,24,Male,AB-,9316102951
44244,Pooja Kapoor,40,Female,AB-,9559144910
44245,Arjun Reddy,48,Male,A-,9302906815
44246,Vikram Gupta,42,Female,A+,9813055111
44247,Aditya Kapoor,57,Female,A-,9578565831
44248,Rohan Reddy,34,Female,O-,9389748871
44249,Rahul Reddy,26,Female,AB+,9940281277
44250,Aditya Singh,43,Male,O+,9882723803
44251,Vikram Sharma,54,Female,B+,9265695213
44252,Neha Mehta,24,Female,AB-,9581937287
44253,Rohan Reddy,28,Female,AB+,9561007942
44254,Rahul Sharma,56,Male,B-,9284947758
44255,Rahul Reddy,50,Female,O-,9204824036
44256,Karan Singh,27,Female,A-,9703097331
44257,Rohan Verma,56,Female,AB+,9765605617
44258,Aditya Kapoor,39,Female,O-,9756868141
44259,Vikram Mehta,50,Male,AB-,9496998596
44260,Anjali Sharma,18,Female,O-,9194092553
44261,Anjali Mehta,35,Male,B-,9730078941
44262,Sahil Mehta,45,Male,A-,9688927357
44263,Aditya Mehta,58,Female,O+,9778752380
44264,Sahil Mehta,22,Female,A+,9588076242
44265,Aman Mehta,50,Female,B+,9673303582
44266,Pooja Singh,28,Female,A-,9197126867
44267,Neha Kapoor,46,Female,B-,9583195431
44268,Rohan Sharma,19,Male,O+,9155741005
44269,Rahul Singh,55,Female,AB-,9560707862
44270,Rohan Singh,36,Male,O-,9120638757
44271,Karan Patel,55,Male,B-,9784364842
44272,Aditya Gupta,49,Female,O-,9470433358
44273,Neha Reddy,36,Female,A-,9711642247
44274,Pooja Mehta,57,Female,B-,9453069339
44275,Pooja Singh,19,Male,A-,9341312484
44276,Vikram Patel,27,Male,AB-,9931821214
44277,Priya Gupta,27,Female,B+,9813591282
44278,Neha Sharma,34,Female,B-,9392884217
44279,Rahul Kapoor,29,Female,O+,9696746287
44280,Rahul Reddy,55,Female,O+,9246808184
44281,Aditya Kapoor,19,Male,A-,9567315714
44282,Rahul Patel,45,Male,O-,9753330013
44283,Karan Singh,58,Male,AB-,9574251500
44284,Rahul Sharma,50,Male,B-,9204984373
44285,Vikram Gupta,30,Male,B+,9366352909
44286,Vikram Kapoor,49,Male,A-,9819112149
44287,Rahul Sharma,51,Male,AB+,9416577565
44288,Rahul Kapoor,38,Male,A+,9783720753
44289,Rahul Mehta,53,Female,A-,9746960102
44290,Vikram Kapoor,52,Female,AB+,9863227919
44291,Sahil Verma,35,Male,B-,9412841400
44292,Vikram Sharma,57,Male,AB-,9719072509
44293,Sneha Reddy,52,Male,B-,9823501542
44294,Rohan Verma,24,Male,A+,9890854030
44295,Priya Mehta,39,Female,AB+,9706740507
44296,Aditya Verma,18,Male,AB-,9923108958
44297,Riya Reddy,28,Male,O-,9232102643
44298,Aman Sharma,58,Male,AB-,9105970140
44299,Aman Gupta,26,Male,AB+,9710014225
44300,Anjali Mehta,55,Female,AB+,9770239797
44301,Rohan Reddy,31,Female,A-,9855988042
44302,Riya Sharma,56,Male,A+,9525931856
44303,Sneha Sharma,19,Male,B-,9868444213
44304,Aman Kapoor,39,Female,AB-,9896018435
44305,Arjun Verma,34,Male,O+,9753497236
44306,Kavya Mehta,19,Female,A-,9912382837
44307,Karan Gupta,28,Male,A+,9378972824
44308,Sneha Mehta,29,Male,O+,9542377949
44309,Rahul Patel,19,Male,A-,9953840510
44310,Riya Patel,33,Male,B-,9952934736
44311,Karan Patel,29,Male,AB-,9670241225
44312,Rahul Reddy,23,Male,B-,9579052253
44313,Rohan Singh,45,Female,A+,9820485416
44314,Priya Verma,55,Male,B-,9189285530
44315,Vikram Gupta,23,Male,O-,9235429822
44316,Anjali Reddy,32,Female,B-,9923104007
44317,Vikram Kapoor,58,Female,AB-,9260926787
44318,Sahil Reddy,32,Female,B-,9502016744
44319,Rahul Singh,56,Male,A+,9283001933
44320,Priya Verma,49,Male,O+,9590505624
44321,Aman Verma,60,Male,AB+,9299062074
44322,Rahul Reddy,58,Female,B+,9533201061
44323,Kavya Patel,49,Male,B+,9156320266
44324,Aditya Kapoor,55,Male,O+,9117560529
44325,Priya Singh,24,Male,A-,9680673090
44326,Kavya Patel,50,Female,B+,9550169706
44327,Arjun Kapoor,59,Male,AB-,9285977343
44328,Vikram Sharma,26,Male,A+,9706142612
44329,Sneha Reddy,31,Female,AB-,9574080493
44330,Divya Sharma,60,Male,B-,9185103599
44331,Arjun Singh,55,Female,A-,9793100017
44332,Arjun Verma,38,Female,B-,9424490493
44333,Rahul Verma,60,Female,A+,9724899498
44334,Vikram Gupta,56,Male,AB-,9866224137
44335,Karan Verma,38,Male,AB-,9662299331
44336,Anjali Mehta,58,Female,B-,9444022805
44337,Arjun Patel,57,Male,B+,9606425355
44338,Neha Patel,50,Female,A-,9836366039
44339,Riya Kapoor,59,Male,AB+,9955852110
44340,Karan Sharma,52,Male,A+,9183886774
44341,Priya Verma,25,Female,A-,9661957854
44342,Neha Mehta,50,Male,B+,9274110491
44343,Pooja Verma,50,Female,A+,9857458843
44344,Neha Mehta,21,Female,AB-,9345063940
44345,Kavya Kapoor,42,Female,B-,9417526031
44346,Sahil Patel,58,Male,A+,9579097423
44347,Sneha Kapoor,39,Female,O-,9555254326
44348,Rahul Singh,25,Female,B-,9233018866
44349,Rohan Patel,29,Female,A+,9515428771
44350,Divya Sharma,60,Male,A+,9592900364
44351,Divya Verma,19,Male,AB+,9607395962
44352,Priya Mehta,54,Male,A+,9416082889
44353,Vikram Verma,40,Male,A+,9971805261
44354,Rahul Gupta,21,Male,A-,9689437294
44355,Karan Patel,29,Female,O+,9621893564
44356,Karan Verma,50,Male,B-,9869108247
44357,Aditya Reddy,24,Male,AB+,9634066114
44358,Pooja Reddy,35,Female,O+,9151237182
44359,Sneha Verma,26,Female,O+,9550713282
44360,Arjun Patel,53,Male,O-,9873217354
44361,Neha Verma,26,Female,AB+,9483023124
44362,Anjali Verma,25,Male,A-,9215793442
44363,Rahul Patel,18,Male,O+,9299129547
44364,Anjali Sharma,58,Male,A+,9583118519
44365,Vikram Gupta,44,Female,A+,9722985287
44366,Riya Kapoor,39,Male,AB+,9797954996
44367,Arjun Kapoor,53,Female,B-,9998290543
44368,Divya Sharma,39,Male,AB-,9441959010
44369,Aman Singh,45,Female,AB-,9289254729
44370,Neha Verma,47,Male,AB-,9394197806
44371,Karan Verma,30,Female,O+,9206572274
44372,Vikram Mehta,45,Female,AB+,9363679706
44373,Priya Patel,44,Female,B+,9889610282
44374,Riya Reddy,46,Female,B+,9776235509
44375,Aditya Patel,31,Male,B+,9861029156
44376,Rohan Sharma,49,Male,B-,9414806888
44377,Anjali Verma,58,Male,B+,9687170420
44378,Rahul Reddy,21,Male,AB-,9134354582
44379,Riya Kapoor,34,Female,A-,9475421049
44380,Aditya Mehta,21,Male,A-,9578213244
44381,Aman Reddy,50,Female,B-,9106199801
44382,Sahil Mehta,33,Male,AB-,9200317787
44383,Kavya Verma,18,Male,O-,9271873584
44384,Pooja Verma,21,Male,A-,9171786277
44385,Priya Singh,41,Female,B+,9647884097
44386,Anjali Gupta,40,Male,O+,9927425335
44387,Rohan Reddy,32,Male,AB-,9275087586
44388,Sahil Sharma,21,Male,A-,9497883287
44389,Arjun Kapoor,19,Female,A+,9806721278
44390,Riya Singh,29,Male,O+,9166145797
44391,Priya Mehta,47,Male,B+,9667664358
44392,Sahil Singh,24,Female,B-,9706352986
44393,Vikram Gupta,33,Male,A+,9816731514
44394,Aditya Singh,22,Male,AB+,9717612231
44395,Divya Reddy,60,Male,A+,9782611124
44396,Aditya Singh,18,Female,A-,9390028579
44397,Neha Mehta,26,Male,O+,9906485719
44398,Priya Gupta,38,Male,B-,9611031103
44399,Priya Sharma,23,Female,AB+,9253812819
44400,Divya Singh,19,Female,O+,9374682861
44401,Sneha Singh,59,Female,AB+,9745242359
44402,Vikram Sharma,33,Female,AB-,9482255590
44403,Aditya Verma,31,Male,O+,9497674042
44404,Anjali Gupta,30,Female,AB+,9121126159
44405,Vikram Patel,48,Male,O-,9631979096
44406,Rohan Patel,40,Male,AB+,9395794641
44407,Rohan Verma,48,Male,O+,9995603286
44408,Divya Patel,46,Male,AB+,9807336373
44409,Rohan Reddy,57,Female,B-,9978745233
44410,Rohan Sharma,26,Male,AB-,9772343156
44411,Aditya Singh,18,Male,AB-,9612124033
44412,Sahil Patel,48,Male,A-,9238875507
44413,Karan Verma,23,Female,AB-,9436240352
44414,Anjali Patel,23,Female,B-,9834007719
44415,Arjun Reddy,54,Male,AB-,9880666436
44416,Aman Verma,33,Female,B-,9489600513
44417,Priya Gupta,32,Female,O+,9136325388
44418,Riya Verma,19,Male,B+,9601638226
44419,Aditya Patel,40,Female,O+,9465685046
44420,Aman Mehta,30,Male,A+,9926225556
44421,Priya Patel,42,Female,O-,9460546326
44422,Neha Verma,31,Male,B-,9576623452
44423,Rahul Verma,58,Male,A-,9472590686
44424,Karan Gupta,20,Female,B+,9523427418
44425,Sahil Singh,53,Male,B+,9126005997
44426,Kavya Mehta,36,Male,O+,9365102450
44427,Vikram Sharma,30,Female,B-,9554025113
44428,Sneha Sharma,46,Female,AB-,9976487637
44429,Sneha Singh,39,Male,O+,9161782264
44430,Neha Kapoor,47,Male,AB-,9338383703
44431,Neha Reddy,27,Female,A+,9752390180
44432,Rahul Mehta,49,Male,O+,9491598067
44433,Rohan Mehta,40,Female,O-,9480837180
44434,Aman Reddy,35,Female,O+,9861922334
44435,Pooja Singh,39,Male,AB-,9483666496
44436,Karan Kapoor,50,Female,B+,9483193829
44437,Rahul Sharma,49,Male,AB+,9346935149
44438,Rohan Gupta,19,Male,A-,9822492120
44439,Sahil Singh,38,Female,AB+,9881703195
44440,Rahul Kapoor,30,Male,O+,9770821641
44441,Aman Mehta,20,Female,A+,9458108883
44442,Riya Mehta,57,Male,AB+,9990524039
44443,Anjali Gupta,31,Female,B-,9860371754
44444,Rohan Gupta,20,Female,AB+,9267573211
44445,Karan Reddy,50,Female,B-,9712952534
44446,Vikram Sharma,19,Female,B+,9987435709
44447,Priya Kapoor,35,Male,A+,9872012825
44448,Sahil Verma,60,Female,O-,9395639770
44449,Pooja Mehta,53,Female,AB-,9964179433
44450,Rahul Reddy,20,Male,O+,9602037558
44451,Arjun Patel,52,Male,AB-,9673160386
44452,Rohan Sharma,54,Female,AB+,9289027638
44453,Pooja Verma,36,Male,A+,9350227194
44454,Vikram Verma,28,Male,B-,9935836435
44455,Karan Gupta,37,Female,A+,9411784717
44456,Sahil Kapoor,31,Female,O-,9710064348
44457,Riya Patel,30,Female,AB-,9873994270
44458,Divya Reddy,57,Female,O+,9530945657
44459,Aditya Sharma,35,Female,B-,9418786616
44460,Priya Kapoor,46,Female,AB-,9956643195
44461,Arjun Kapoor,50,Female,AB+,9693392378
44462,Riya Gupta,18,Male,A+,9810938159
44463,Divya Patel,54,Female,A+,9401061221
44464,Kavya Kapoor,51,Female,O+,9623738518
44465,Sahil Mehta,31,Female,O-,9505635397
44466,Divya Reddy,25,Female,O-,9733749925
44467,Arjun Kapoor,23,Male,B+,9180401497
44468,Pooja Kapoor,32,Female,A-,9954471597
44469,Karan Patel,23,Female,AB-,9521169208
44470,Anjali Reddy,60,Male,AB+,9855626138
44471,Aman Kapoor,29,Female,O-,9941627393
44472,Aditya Mehta,28,Female,O+,9675354702
44473,Rahul Sharma,49,Male,O+,9147747254
44474,Priya Patel,18,Female,O+,9258419411
44475,Arjun Sharma,52,Female,AB-,9137814548
44476,Anjali Gupta,48,Male,A+,9562813917
44477,Aditya Sharma,37,Male,O-,9182158985
44478,Arjun Patel,26,Female,O-,9738120458
44479,Sneha Kapoor,47,Male,A+,9933834001
44480,Aditya Patel,39,Female,AB-,9512282788
44481,Sahil Mehta,45,Female,B+,9545479941
44482,Anjali Sharma,47,Male,AB+,9704261714
44483,Karan Reddy,33,Male,AB-,9537991887
44484,Karan Reddy,44,Male,B+,9860472097
44485,Priya Patel,58,Female,A-,9460536550
44486,Neha Mehta,58,Male,B+,9254273110
44487,Vikram Sharma,30,Male,A-,9432726880
44488,Divya Patel,48,Female,A+,9329653772
44489,Kavya Reddy,36,Male,B-,9685412369
44490,Pooja Gupta,60,Female,AB-,9343998893
44491,Sneha Kapoor,32,Female,A+,9507819897
44492,Karan Gupta,50,Female,AB-,9680008409
44493,Priya Gupta,59,Male,O+,9711885148
44494,Anjali Gupta,36,Female,AB-,9969273069
44495,Rohan Gupta,43,Male,O+,9710062679
44496,Priya Patel,44,Female,A+,9462857580
44497,Priya Kapoor,31,Female,AB+,9608081772
44498,Rahul Patel,19,Female,A-,9515449650
44499,Kavya Singh,19,Female,A-,9926918818
44500,Neha Verma,55,Male,A-,9357379256
44501,Vikram Mehta,32,Female,A+,9657353546
44502,Aman Patel,31,Male,O-,9284585887
44503,Pooja Verma,47,Male,O-,9843381467
44504,Divya Kapoor,57,Female,O+,9743503638
44505,Rohan Kapoor,36,Female,AB+,9514749199
44506,Aman Mehta,45,Male,O+,9287345863
44507,Karan Patel,50,Male,O-,9463001103
44508,Vikram Mehta,29,Female,A-,9612675063
44509,Aditya Reddy,36,Male,O+,9102406617
44510,Kavya Singh,38,Female,A+,9618629015
44511,Pooja Verma,32,Female,B+,9244227226
44512,Anjali Sharma,31,Male,A+,9281531348
44513,Sahil Reddy,33,Female,A+,9817174178
44514,Divya Kapoor,51,Female,AB+,9650943861
44515,Sahil Reddy,44,Female,A-,9961418864
44516,Riya Singh,54,Female,A+,9363261997
44517,Priya Sharma,35,Male,B+,9963700629
44518,Neha Gupta,46,Male,AB-,9789139434
44519,Anjali Kapoor,29,Male,AB+,9901909878
44520,Rahul Patel,50,Male,B+,9547510400
44521,Arjun Gupta,35,Male,A-,9953699639
44522,Neha Patel,53,Male,O+,9898592286
44523,Divya Singh,56,Female,AB-,9330276497
44524,Kavya Gupta,31,Male,O+,9548070167
44525,Divya Verma,39,Female,B+,9909664008
44526,Sahil Patel,21,Male,O+,9749305698
44527,Vikram Patel,49,Male,AB-,9450852308
44528,Rohan Kapoor,21,Female,B+,9665385047
44529,Sahil Verma,29,Female,B+,9489518337
44530,Karan Reddy,53,Female,O-,9154568800
44531,Aditya Patel,39,Female,A-,9261757057
44532,Kavya Singh,59,Male,A-,9928166209
44533,Sneha Mehta,55,Male,AB-,9139600455
44534,Karan Mehta,50,Male,B-,9340218801
44535,Sahil Gupta,53,Female,AB-,9785243730
44536,Priya Patel,44,Male,AB+,9502328236
44537,Pooja Sharma,34,Female,A+,9482568000
44538,Anjali Verma,45,Male,O+,9676572365
44539,Rahul Singh,44,Male,O+,9904203642
44540,Neha Reddy,42,Female,A-,9253291847
44541,Karan Singh,41,Male,B-,9227535654
44542,Kavya Kapoor,54,Female,AB+,9962857629
44543,Rohan Verma,37,Male,O-,9681622608
44544,Sneha Kapoor,43,Female,B-,9254746915
44545,Anjali Verma,20,Male,O-,9901763160
44546,Priya Singh,39,Female,AB-,9945878338
44547,Pooja Singh,45,Female,A-,9621252324
44548,Arjun Singh,18,Male,B+,9647415011
44549,Rahul Verma,53,Male,AB-,9763310565
44550,Aditya Reddy,42,Female,O+,9294421977
44551,Aman Gupta,25,Female,B-,9994922799
44552,Vikram Patel,49,Male,A-,9745105428
44553,Vikram Patel,23,Female,A+,9376419972
44554,Pooja Kapoor,29,Female,O-,9564714970
44555,Vikram Singh,29,Male,O-,9799990664
44556,Priya Reddy,42,Male,AB+,9861409442
44557,Priya Mehta,18,Male,A+,9229720628
44558,Neha Singh,58,Male,AB+,9520860090
44559,Sahil Patel,34,Male,A-,9400260296
44560,Kavya Verma,55,Male,AB-,9166299816
44561,Rohan Singh,42,Male,B+,9389545258
44562,Neha Mehta,20,Female,AB+,9367481108
44563,Arjun Mehta,42,Female,A-,9328915902
44564,Karan Patel,44,Male,A-,9506069626
44565,Karan Mehta,57,Male,AB-,9716341530
44566,Rohan Kapoor,59,Female,O+,9103257533
44567,Priya Verma,49,Male,B+,9518255978
44568,Riya Mehta,58,Male,A-,9985450372
44569,Vikram Kapoor,20,Male,B-,9173113721
44570,Sneha Patel,41,Female,A+,9623003102
44571,Sahil Reddy,36,Male,AB-,9337416596
44572,Priya Singh,59,Female,O-,9858197610
44573,Neha Mehta,53,Male,A+,9753789935
44574,Riya Kapoor,33,Female,B-,9702876476
44575,Sahil Reddy,56,Female,O-,9419671896
44576,Divya Kapoor,60,Male,B-,9261696398
44577,Priya Kapoor,26,Male,B-,9498569786
44578,Neha Reddy,29,Male,O-,9764311465
44579,Riya Sharma,32,Male,A+,9531222193
44580,Priya Kapoor,35,Female,A+,9314668212
44581,Pooja Sharma,27,Male,AB-,9946742911
44582,Neha Singh,38,Female,AB+,9987462329
44583,Anjali Verma,18,Female,B-,9934090882
44584,Aditya Verma,28,Male,B+,9972869702
44585,Divya Sharma,46,Female,AB+,9369986981
44586,Arjun Sharma,43,Female,A-,9666829731
44587,Pooja Verma,46,Male,A-,9853069351
44588,Aditya Kapoor,38,Female,O-,9312105164
44589,Riya Kapoor,24,Female,B-,9957680844
44590,Rohan Singh,18,Female,AB+,9768598150
44591,Rahul Sharma,57,Male,B+,9843461164
44592,Pooja Gupta,28,Male,O+,9146931296
44593,Karan Mehta,22,Female,B-,9926324473
44594,Aditya Singh,56,Male,A-,9991661112
44595,Rahul Verma,20,Female,B+,9823383396
44596,Aman Patel,35,Male,O+,9132343289
44597,Anjali Kapoor,46,Female,O+,9348838900
44598,Aman Sharma,33,Female,B+,9761802626
44599,Priya Patel,39,Male,AB+,9602588235
44600,Riya Reddy,51,Male,O-,9181007567
44601,Priya Reddy,40,Female,B-,9640977437
44602,Rahul Verma,18,Female,B+,9451797372
44603,Rahul Sharma,35,Male,AB+,9626899525
44604,Priya Kapoor,44,Male,A+,9775971567
44605,Priya Reddy,56,Female,O-,9807794741
44606,Vikram Verma,51,Male,O+,9956484782
44607,Kavya Sharma,33,Male,B+,9674691754
44608,Vikram Verma,45,Female,AB-,9573062646
44609,Sahil Singh,19,Male,A-,9189318783
44610,Aditya Mehta,48,Male,A+,9595383186
44611,Priya Sharma,44,Male,B-,9881866037
44612,Kavya Mehta,43,Male,O+,9330115001
44613,Riya Gupta,51,Female,O-,9324483594
44614,Priya Singh,18,Female,O+,9486526945
44615,Sahil Verma,53,Male,O+,9597243763
44616,Priya Reddy,21,Female,O-,9459101836
44617,Pooja Kapoor,52,Female,B+,9314507958
44618,Sneha Reddy,43,Male,AB+,9153191668
44619,Pooja Sharma,23,Male,AB-,9423270931
44620,Pooja Verma,33,Female,A+,9824370064
44621,Vikram Sharma,46,Male,O-,9890065439
44622,Neha Singh,29,Male,B-,9406739652
44623,Rahul Mehta,33,Male,B+,9292392949
44624,Aman Gupta,37,Female,AB-,9661759644
44625,Rahul Gupta,28,Male,A-,9700274222
44626,Vikram Verma,56,Female,A+,9932593457
44627,Aman Mehta,38,Female,A+,9835318650
44628,Sneha Reddy,35,Male,B+,9338564551
44629,Divya Sharma,37,Female,O-,9926324077
44630,Sneha Singh,32,Male,O-,9221047864
44631,Riya Sharma,33,Female,O+,9905422520
44632,Karan Sharma,51,Male,A-,9846407445
44633,Kavya Singh,51,Female,B-,9384043440
44634,Rahul Reddy,56,Female,AB-,9943773950
44635,Karan Reddy,27,Male,B+,9209733568
44636,Sneha Kapoor,37,Female,O-,9542685904
44637,Aditya Mehta,51,Male,B-,9284874093
44638,Aditya Sharma,38,Male,O-,9639241551
44639,Riya Mehta,53,Male,O-,9284224921
44640,Aditya Verma,44,Female,A-,9164578375
44641,Anjali Kapoor,29,Male,AB+,9833363389
44642,Kavya Patel,38,Female,O+,9575679288
44643,Vikram Singh,30,Male,A+,9572285141
44644,Pooja Patel,43,Male,A+,9460934106
44645,Aman Reddy,37,Male,A+,9617122050
44646,Anjali Singh,54,Female,B-,9251677709
44647,Vikram Verma,32,Male,B-,9522158191
44648,Pooja Singh,21,Male,AB+,9392569015
44649,Sneha Patel,56,Female,B-,9377762547
44650,Aman Patel,41,Male,A+,9212817742
44651,Pooja Mehta,50,Female,B-,9295843120
44652,Kavya Kapoor,21,Female,AB+,9922506246
44653,Aman Mehta,33,Male,A-,9977398669
44654,Aditya Reddy,51,Female,A-,9447819195
44655,Kavya Mehta,35,Female,B+,9987588233
44656,Rahul Reddy,35,Male,B-,9882215933
44657,Aman Gupta,23,Male,AB+,9380646338
44658,Divya Singh,43,Male,O+,9498478322
44659,Kavya Sharma,26,Female,O+,9768965274
44660,Karan Patel,55,Female,A-,9385875727
44661,Karan Verma,35,Female,B-,9579909317
44662,Rahul Verma,37,Female,A-,9905242564
44663,Anjali Singh,34,Female,AB-,9851099220
44664,Neha Mehta,25,Male,A+,9744868364
44665,Kavya Kapoor,52,Female,AB-,9756373659
44666,Neha Gupta,27,Male,B-,9644496836
44667,Aman Kapoor,56,Female,AB-,9360435875
44668,Anjali Gupta,59,Male,B+,9593273269
44669,Rohan Patel,36,Female,B+,9988935017
44670,Neha Kapoor,36,Male,O-,9138586100
44671,Rohan Reddy,57,Female,B-,9272282013
44672,Rohan Verma,55,Female,B+,9881592554
44673,Neha Patel,60,Male,O+,9538281755
44674,Kavya Kapoor,35,Male,AB+,9646157608
44675,Rohan Gupta,55,Male,O-,9891050186
44676,Riya Sharma,20,Male,AB-,9594222115
44677,Rohan Patel,59,Male,O+,9496050398
44678,Vikram Kapoor,50,Female,B+,9665864677
44679,Vikram Gupta,20,Male,B+,9905971348
44680,Aman Verma,47,Female,B+,9714916434
44681,Rohan Singh,49,Female,O+,9836186163
44682,Vikram Sharma,20,Female,B+,9343311349
44683,Karan Reddy,43,Male,AB+,9808315575
44684,Vikram Singh,24,Male,B-,9910800495
44685,Priya Mehta,59,Female,AB-,9208031223
44686,Rahul Sharma,51,Female,A-,9820834685
44687,Aman Patel,41,Female,A-,9916309071
44688,Sahil Gupta,37,Female,AB-,9200134087
44689,Kavya Patel,31,Female,O-,9513466303
44690,Rahul Verma,41,Male,AB-,9473360725
44691,Anjali Mehta,35,Male,AB-,9574924930
44692,Riya Mehta,25,Male,A+,9473633462
44693,Aman Mehta,58,Male,O+,9947722018
44694,Sneha Patel,32,Male,AB+,9631264401
44695,Divya Patel,41,Female,AB-,9383352294
44696,Arjun Kapoor,42,Female,O-,9531711336
44697,Anjali Sharma,51,Male,AB-,9135505693
44698,Priya Gupta,45,Male,O+,9542663476
44699,Aman Sharma,53,Male,AB-,9775449556
44700,Aman Verma,35,Male,O-,9869527256
44701,Aditya Verma,23,Male,O-,9911332436
44702,Rahul Mehta,30,Female,A+,9550488554
44703,Karan Gupta,21,Female,O-,9745163220
44704,Rahul Patel,50,Male,O+,9112994328
44705,Priya Mehta,46,Female,B+,9501604934
44706,Neha Gupta,47,Male,A+,9913501105
44707,Arjun Gupta,42,Male,AB+,9823148158
44708,Rahul Sharma,29,Male,AB-,9694687341
44709,Rohan Kapoor,33,Male,B+,9549667415
44710,Pooja Sharma,44,Female,AB-,9862739462
44711,Sahil Sharma,21,Female,O+,9576579430
44712,Riya Sharma,48,Male,B+,9200663265
44713,Neha Mehta,24,Female,B+,9661982484
44714,Divya Reddy,49,Male,AB+,9935968033
44715,Rahul Kapoor,48,Male,A+,9245197886
44716,Pooja Verma,34,Male,B-,9159964117
44717,Priya Verma,23,Female,A+,9272824403
44718,Priya Patel,34,Female,O+,9904828878
44719,Aditya Verma,60,Male,AB-,9517351990
44720,Sneha Reddy,34,Female,B-,9437106856
44721,Aditya Sharma,26,Female,O+,9497165485
44722,Aditya Gupta,44,Female,B-,9387425995
44723,Sahil Sharma,36,Female,A-,9304619742
44724,Kavya Singh,59,Male,B+,9931196881
44725,Rohan Mehta,30,Male,AB-,9361565806
44726,Divya Verma,53,Female,A-,9899586209
44727,Arjun Reddy,36,Female,AB-,9202758902
44728,Aditya Sharma,56,Female,A-,9696869170
44729,Riya Verma,34,Male,A-,9780465082
44730,Kavya Verma,57,Female,A-,9140475373
44731,Neha Gupta,41,Female,B-,9646671126
44732,Karan Gupta,48,Male,AB+,9693765676
44733,Arjun Kapoor,31,Male,O+,9319796523
44734,Rohan Kapoor,23,Male,B-,9186346527
44735,Aman Singh,56,Female,AB+,9452151631
44736,Aditya Kapoor,29,Female,B+,9416185768
44737,Aman Gupta,28,Male,B+,9392518472
44738,Aman Reddy,41,Male,O-,9650753850
44739,Divya Patel,19,Female,A-,9378067285
44740,Sneha Sharma,38,Female,O-,9716250375
44741,Priya Sharma,26,Male,B-,9910818372
44742,Kavya Sharma,31,Female,B+,9253607707
44743,Pooja Mehta,21,Male,O+,9203657059
44744,Aman Reddy,25,Male,AB+,9884695792
44745,Rahul Patel,34,Female,B+,9594266116
44746,Anjali Gupta,23,Male,AB+,9609507732
44747,Riya Singh,30,Female,AB+,9553308062
44748,Arjun Reddy,50,Male,B-,9949869138
44749,Karan Reddy,29,Male,B+,9339738728
44750,Arjun Singh,19,Female,B-,9382274532
44751,Sahil Patel,52,Male,A+,9857099736
44752,Karan Singh,42,Male,O+,9485444586
44753,Sneha Verma,50,Male,O-,9356380404
44754,Pooja Kapoor,20,Male,A+,9720705000
44755,Sneha Reddy,35,Male,A+,9888564470
44756,Neha Mehta,22,Male,A+,9859858998
44757,Karan Sharma,19,Female,O+,9580912032
44758,Anjali Kapoor,32,Male,A-,9314661155
44759,Neha Sharma,27,Female,B+,9456412327
44760,Sahil Kapoor,21,Male,B-,9424956261
44761,Rohan Mehta,47,Male,A+,9584140929
44762,Karan Sharma,59,Male,A-,9865486779
44763,Divya Sharma,23,Male,O-,9239758595
44764,Karan Reddy,41,Female,O-,9301014635
44765,Pooja Patel,54,Female,AB-,9974686805
44766,Sneha Sharma,32,Female,B-,9260024414
44767,Aman Verma,60,Male,A-,9351883049
44768,Aman Singh,45,Male,A+,9735109919
44769,Riya Verma,47,Female,B-,9129722947
44770,Sneha Mehta,55,Female,B-,9391422338
44771,Neha Kapoor,57,Female,B-,9761465015
44772,Sneha Patel,48,Male,O-,9123084365
44773,Aman Mehta,49,Male,O+,9710635026
44774,Kavya Reddy,38,Male,O-,9588688240
44775,Sahil Patel,56,Female,A-,9513549235
44776,Karan Reddy,29,Male,A+,9647140305
44777,Aman Gupta,32,Male,B+,9912060066
44778,Aditya Gupta,21,Male,O+,9999292679
44779,Rahul Reddy,35,Male,AB-,9103462342
44780,Kavya Singh,60,Female,AB+,9408560952
44781,Kavya Singh,47,Male,O+,9563094280
44782,Arjun Patel,38,Male,AB+,9336731344
44783,Aman Singh,36,Male,AB-,9300551918
44784,Aditya Gupta,28,Male,B-,9165641986
44785,Arjun Mehta,34,Male,B+,9732964924
44786,Aman Patel,33,Male,O+,9156926463
44787,Aman Verma,30,Male,A-,9236577998
44788,Anjali Patel,26,Female,A+,9690539715
44789,Riya Verma,19,Female,O-,9884214081
44790,Anjali Reddy,47,Male,A-,9390637463
44791,Sahil Singh,54,Male,B+,9966625772
44792,Vikram Verma,35,Male,B+,9249359948
44793,Anjali Mehta,44,Female,A+,9625159137
44794,Sahil Verma,19,Male,AB-,9975844979
44795,Sneha Verma,34,Female,AB+,9545087795
44796,Rahul Mehta,18,Male,AB-,9758185772
44797,Arjun Kapoor,48,Female,A+,9670749611
44798,Rohan Gupta,40,Female,O-,9391749451
44799,Aman Verma,25,Female,A-,9914099795
44800,Aditya Sharma,60,Male,O-,9545388541
44801,Aditya Singh,55,Female,O+,9430524398
44802,Riya Mehta,37,Male,A-,9589877829
44803,Riya Gupta,51,Male,B-,9538532898
44804,Pooja Kapoor,40,Male,AB-,9892202197
44805,Kavya Reddy,34,Male,O+,9897325769
44806,Sneha Verma,32,Female,AB-,9351562710
44807,Anjali Kapoor,24,Female,A+,9213655829
44808,Riya Mehta,46,Female,A+,9746206351
44809,Neha Sharma,60,Female,AB-,9320703492
44810,Sahil Verma,45,Male,AB-,9323617434
44811,Riya Sharma,36,Female,AB+,9363449004
44812,Karan Mehta,20,Male,B-,9328913791
44813,Kavya Kapoor,46,Male,AB-,9936396656
44814,Arjun Kapoor,44,Male,O+,9617115580
44815,Rahul Singh,20,Female,A+,9396072895
44816,Aditya Gupta,51,Female,B+,9369300428
44817,Neha Patel,34,Male,O-,9549202740
44818,Anjali Singh,48,Male,B+,9473590725
44819,Karan Mehta,36,Female,A+,9599000654
44820,Rohan Gupta,39,Female,A+,9812614189
44821,Neha Singh,48,Female,AB+,9644170558
44822,Pooja Patel,19,Male,O+,9123161909
44823,Kavya Singh,26,Female,A+,9443625229
44824,Pooja Verma,48,Female,O+,9720025845
44825,Arjun Reddy,26,Male,B-,9950881976
44826,Rahul Patel,33,Female,AB-,9660926615
44827,Aman Gupta,24,Female,O+,9485174209
44828,Anjali Gupta,21,Female,B-,9860416224
44829,Aman Verma,18,Male,A-,9181284687
44830,Sahil Kapoor,49,Female,A+,9462065712
44831,Anjali Reddy,55,Female,A-,9104431226
44832,Anjali Verma,40,Male,A-,9745735613
44833,Vikram Verma,44,Male,AB+,9173298908
44834,Kavya Verma,42,Female,A+,9434906832
44835,Rohan Verma,33,Male,AB+,9699496281
44836,Rahul Mehta,48,Male,O+,9658639869
44837,Anjali Singh,60,Female,O-,9355170455
44838,Karan Reddy,21,Male,B+,9633348871
44839,Karan Kapoor,40,Male,AB+,9156527187
44840,Kavya Verma,33,Female,A+,9507035354
44841,Rahul Reddy,55,Female,B-,9398646568
44842,Riya Patel,39,Female,A+,9729049552
44843,Neha Verma,57,Male,O-,9498379003
44844,Neha Sharma,43,Male,A+,9882573263
44845,Arjun Sharma,49,Male,B+,9411657068
44846,Sneha Sharma,59,Female,B+,9285205413
44847,Aman Sharma,49,Female,B-,9443079710
44848,Arjun Mehta,52,Female,A-,9600141457
44849,Rahul Kapoor,35,Male,AB-,9536846527
44850,Sahil Verma,37,Male,A+,9943817931
44851,Divya Sharma,49,Male,AB+,9233002406
44852,Pooja Patel,26,Female,A-,9782965619
44853,Sahil Verma,46,Female,AB-,9347122459
44854,Vikram Verma,34,Female,A+,9554116043
44855,Karan Singh,22,Male,A-,9276776670
44856,Vikram Verma,22,Male,AB+,9616391611
44857,Rahul Sharma,43,Male,B-,9255972540
44858,Karan Gupta,43,Male,O+,9104295911
44859,Sahil Gupta,39,Female,O-,9101884650
44860,Riya Singh,34,Female,AB-,9782850110
44861,Rohan Reddy,59,Male,O-,9646652694
44862,Vikram Mehta,18,Male,AB-,9304105353
44863,Karan Verma,19,Male,AB+,9443902460
44864,Sahil Verma,27,Female,AB+,9339627387
44865,Neha Reddy,35,Female,O-,9717428756
44866,Kavya Gupta,47,Female,A+,9711108366
44867,Divya Verma,34,Female,O-,9586310125
44868,Riya Verma,41,Female,O-,9823912409
44869,Pooja Mehta,57,Male,AB-,9505090690
44870,Karan Reddy,44,Female,B-,9353905605
44871,Pooja Patel,47,Male,A-,9137256328
44872,Arjun Patel,52,Male,O+,9567741476
44873,Vikram Singh,55,Male,B+,9312570734
44874,Divya Sharma,51,Male,A+,9399838509
44875,Divya Verma,43,Male,B+,9128247925
44876,Kavya Singh,39,Female,A+,9990933459
44877,Aman Sharma,44,Female,AB-,9752084915
44878,Karan Kapoor,44,Female,B+,9239994737
44879,Kavya Reddy,27,Female,O-,9879695752
44880,Arjun Verma,44,Male,O+,9791385920
44881,Neha Singh,40,Female,O+,9406493289
44882,Pooja Kapoor,60,Female,O+,9700617813
44883,Divya Singh,25,Female,O-,9776546934
44884,Sneha Gupta,56,Female,AB+,9206691989
44885,Rohan Reddy,31,Male,B+,9558567175
44886,Sneha Singh,32,Female,B+,9419488603
44887,Vikram Patel,54,Female,A-,9465292712
44888,Karan Mehta,25,Female,B-,9555692600
44889,Sneha Mehta,47,Male,O+,9562479584
44890,Vikram Kapoor,56,Female,O+,9181193814
44891,Rahul Sharma,60,Male,A-,9702084177
44892,Neha Patel,44,Male,B+,9870515061
44893,Anjali Kapoor,30,Female,B+,9888291101
44894,Divya Mehta,58,Male,B-,9937101021
44895,Vikram Verma,35,Male,A-,9308343431
44896,Divya Mehta,21,Male,AB+,9239020821
44897,Aman Mehta,36,Female,AB+,9853927015
44898,Kavya Reddy,42,Female,AB-,9619547961
44899,Arjun Kapoor,39,Female,O-,9967920643
44900,Pooja Verma,31,Male,AB-,9656549789
44901,Rahul Verma,34,Female,A+,9972240651
44902,Sneha Reddy,28,Female,O-,9402973678
44903,Karan Sharma,31,Female,A-,9233405803
44904,Sahil Patel,28,Male,AB-,9351400877
44905,Rahul Patel,41,Male,O-,9596984449
44906,Aditya Singh,49,Male,B+,9334653123
44907,Neha Mehta,36,Male,A+,9777754213
44908,Kavya Patel,36,Male,A+,9240547952
44909,Arjun Mehta,47,Female,A+,9946677396
44910,Vikram Kapoor,23,Male,A+,9602278286
44911,Pooja Singh,26,Female,A+,9422731928
44912,Vikram Patel,33,Female,A-,9158627486
44913,Kavya Patel,45,Male,AB+,9667239872
44914,Sneha Reddy,19,Female,A+,9737685741
44915,Aditya Reddy,52,Female,O-,9707585907
44916,Karan Patel,56,Female,A-,9268564775
44917,Neha Mehta,30,Male,A+,9332833306
44918,Kavya Patel,55,Female,B-,9288292410
44919,Arjun Reddy,59,Male,O-,9394332114
44920,Anjali Verma,24,Female,O+,9941997117
44921,Karan Reddy,57,Male,A+,9853030740
44922,Divya Sharma,28,Female,B-,9202013689
44923,Divya Reddy,57,Male,AB+,9767466960
44924,Aman Patel,27,Female,A+,9900748859
44925,Vikram Patel,31,Female,AB+,9617722371
44926,Vikram Verma,48,Male,A-,9188543275
44927,Aman Gupta,42,Male,A-,9117822631
44928,Arjun Verma,53,Female,B-,9725957277
44929,Divya Sharma,21,Male,O+,9457857711
44930,Priya Verma,23,Female,B-,9988544702
44931,Pooja Sharma,18,Male,AB-,9396426915
44932,Sahil Kapoor,33,Female,AB-,9487918086
44933,Kavya Gupta,52,Male,O-,9262460312
44934,Arjun Patel,58,Female,AB+,9487209022
44935,Riya Singh,26,Female,A+,9810044661
44936,Anjali Patel,42,Female,AB-,9732893128
44937,Karan Verma,37,Male,O+,9846133622
44938,Vikram Mehta,24,Male,B-,9576131824
44939,Arjun Singh,18,Male,B-,9685326341
44940,Priya Sharma,24,Male,AB+,9713529878
44941,Sahil Kapoor,42,Male,A+,9128541522
44942,Priya Reddy,31,Male,O+,9387566544
44943,Kavya Verma,46,Male,AB-,9193231341
44944,Sneha Singh,23,Male,B+,9659008229
44945,Riya Singh,40,Male,B+,9159232971
44946,Sahil Gupta,22,Female,B-,9256563042
44947,Karan Patel,58,Male,A+,9199001825
44948,Neha Sharma,34,Female,O-,9734606364
44949,Kavya Verma,45,Female,O-,9519349825
44950,Karan Kapoor,47,Female,A-,9514152611
44951,Rahul Mehta,47,Male,O+,9621405214
44952,Neha Reddy,34,Male,O+,9774854903
44953,Sahil Sharma,58,Male,O-,9709001963
44954,Vikram Reddy,35,Male,A+,9970339029
44955,Karan Singh,32,Male,O-,9872860174
44956,Sneha Sharma,34,Female,AB+,9339497378
44957,Anjali Verma,43,Male,AB+,9835775371
44958,Arjun Mehta,46,Female,B-,9760743537
44959,Karan Verma,26,Male,B-,9946471731
44960,Riya Verma,58,Male,A-,9704658072
44961,Pooja Verma,58,Male,AB+,9457013405
44962,Aman Reddy,20,Female,O+,9787488030
44963,Arjun Sharma,30,Male,O-,9717409763
44964,Priya Singh,37,Male,A-,9997214781
44965,Rohan Gupta,28,Female,AB+,9542663272
44966,Aman Gupta,42,Male,A+,9361662262
44967,Anjali Verma,27,Female,B+,9724092067
44968,Aman Mehta,36,Male,O-,9120174966
44969,Aman Verma,44,Male,B-,9340760027
44970,Aman Mehta,60,Male,B-,9132076065
44971,Sneha Reddy,37,Male,B+,9925127522
44972,Priya Kapoor,57,Male,AB-,9173228334
44973,Karan Gupta,27,Male,A-,9381699126
44974,Arjun Mehta,25,Male,B-,9978784818
44975,Sneha Mehta,58,Male,AB-,9702410444
44976,Priya Gupta,56,Female,AB+,9123349523
44977,Aman Verma,38,Female,A+,9245663819
44978,Karan Sharma,39,Male,AB-,9859819382
44979,Rahul Gupta,39,Male,AB-,9629279766
44980,Kavya Gupta,55,Female,A+,9126452628
44981,Vikram Sharma,42,Male,B-,9970381001
44982,Divya Kapoor,48,Male,B-,9622660952
44983,Aditya Patel,35,Male,O-,9125139672
44984,Pooja Sharma,45,Female,AB-,9129392008
44985,Rahul Mehta,40,Female,A-,9140134037
44986,Aditya Gupta,28,Female,A-,9410675836
44987,Riya Singh,47,Male,AB+,9874253758
44988,Sahil Verma,27,Male,B-,9162294225
44989,Riya Mehta,44,Male,A+,9608866067
44990,Karan Kapoor,46,Female,A+,9580316467
44991,Aditya Verma,22,Male,A-,9718647007
44992,Kavya Patel,53,Male,AB+,9104908081
44993,Rohan Singh,50,Male,O+,9969960735
44994,Neha Kapoor,54,Male,B+,9663581845
44995,Sahil Reddy,41,Female,A+,9154883638
44996,Aditya Kapoor,42,Male,O+,9841077050
44997,Aman Gupta,56,Male,B-,9542587948
44998,Anjali Sharma,45,Male,AB-,9831641466
44999,Kavya Reddy,40,Female,A-,9284808158
45000,Rohan Patel,56,Female,AB-,9369946456
45001,Rahul Reddy,27,Male,B-,9885942305
45002,Anjali Singh,56,Male,A-,9302600293
45003,Anjali Patel,44,Female,B-,9687903945
45004,Aman Sharma,47,Female,O-,9505025642
45005,Vikram Mehta,36,Male,O+,9176949051
45006,Arjun Reddy,55,Female,B-,9123263345
45007,Priya Kapoor,60,Female,AB-,9482382269
45008,Anjali Mehta,40,Male,O-,9910016242
45009,Aditya Gupta,27,Female,O+,9209480485
45010,Anjali Singh,23,Female,A+,9411632139
45011,Rahul Reddy,48,Male,O-,9316926139
45012,Pooja Verma,53,Female,O+,9880901849
45013,Neha Sharma,58,Female,AB+,9725666660
45014,Rohan Sharma,41,Male,O-,9997268429
45015,Riya Sharma,42,Male,A+,9745935996
45016,Divya Verma,40,Female,AB+,9195647080
45017,Rohan Singh,23,Female,B-,9618663946
45018,Divya Kapoor,51,Female,B-,9773986779
45019,Neha Reddy,20,Female,B-,9876848321
45020,Sahil Reddy,23,Female,AB+,9352461355
45021,Sahil Verma,47,Female,A+,9889350149
45022,Riya Mehta,51,Female,B+,9781553965
45023,Sneha Gupta,47,Male,B-,9305551397
45024,Karan Singh,49,Female,A-,9795445590
45025,Divya Reddy,36,Female,AB+,9437451864
45026,Kavya Singh,44,Female,B-,9403225815
45027,Priya Mehta,46,Female,O+,9228585546
45028,Kavya Gupta,55,Female,O+,9706102989
45029,Sneha Sharma,55,Female,AB+,9867956459
45030,Sahil Reddy,43,Female,A-,9845346933
45031,Anjali Mehta,58,Female,A-,9777684738
45032,Aman Verma,57,Female,O+,9299382677
45033,Sneha Gupta,30,Male,B+,9942403298
45034,Sneha Reddy,57,Male,O-,9542497935
45035,Anjali Verma,36,Female,A+,9521177988
45036,Sahil Gupta,29,Female,A-,9932549174
45037,Rohan Gupta,26,Male,A+,9978800541
45038,Priya Gupta,58,Female,AB-,9664507748
45039,Neha Verma,22,Male,O-,9668903346
45040,Sahil Mehta,19,Male,A-,9611470436
45041,Anjali Verma,25,Male,A+,9125807833
45042,Aditya Patel,32,Female,A+,9704754397
45043,Priya Verma,36,Male,B-,9222617902
45044,Sahil Mehta,28,Male,B-,9583922952
45045,Arjun Mehta,45,Male,O+,9831466807
45046,Divya Reddy,32,Female,O-,9569711007
45047,Anjali Reddy,33,Male,O+,9117226080
45048,Priya Kapoor,27,Male,B+,9621053157
45049,Neha Reddy,52,Female,O-,9414356236
45050,Aman Mehta,40,Female,O+,9216354730
45051,Sahil Reddy,51,Male,AB-,9666455151
45052,Karan Patel,22,Female,AB+,9376673263
45053,Riya Kapoor,19,Female,A+,9848621828
45054,Sahil Verma,59,Female,AB-,9829917401
45055,Rohan Singh,59,Female,A-,9526613725
45056,Aman Gupta,22,Male,B+,9497215918
45057,Sneha Kapoor,46,Female,AB+,9489376745
45058,Riya Kapoor,30,Male,AB-,9562686217
45059,Riya Gupta,26,Male,A+,9107593356
45060,Vikram Mehta,50,Male,A+,9786168818
45061,Divya Patel,26,Female,O-,9967589455
45062,Aditya Gupta,21,Female,O+,9531307657
45063,Priya Verma,29,Female,AB+,9829618340
45064,Riya Mehta,32,Male,AB-,9723537132
45065,Rohan Sharma,32,Male,B-,9424504258
45066,Vikram Mehta,52,Male,A+,9610188270
45067,Aditya Verma,20,Female,A+,9427094323
45068,Pooja Kapoor,46,Female,B-,9341568913
45069,Rahul Singh,35,Male,AB+,9921727920
45070,Divya Sharma,20,Female,A+,9668826494
45071,Sahil Patel,55,Female,A-,9438879458
45072,Vikram Patel,32,Female,A+,9464771643
45073,Pooja Gupta,53,Male,AB+,9164507395
45074,Karan Reddy,50,Female,A+,9659718206
45075,Aditya Gupta,60,Female,AB+,9284978524
45076,Riya Gupta,34,Female,A-,9852197689
45077,Aman Reddy,43,Male,A+,9656257522
45078,Aditya Singh,50,Male,A+,9700009471
45079,Karan Gupta,21,Male,A-,9156199987
45080,Aman Patel,27,Female,A+,9142407661
45081,Pooja Sharma,36,Male,A+,9754911643
45082,Anjali Kapoor,59,Male,AB+,9617130916
45083,Karan Mehta,34,Female,A+,9287617820
45084,Priya Kapoor,50,Male,B-,9127663712
45085,Rohan Sharma,22,Male,AB-,9589751240
45086,Aditya Verma,48,Female,A-,9988609983
45087,Vikram Gupta,31,Female,A+,9311113938
45088,Rahul Patel,19,Male,B+,9332096851
45089,Divya Singh,60,Female,B+,9597356213
45090,Arjun Mehta,27,Female,B-,9556912562
45091,Sahil Singh,50,Male,AB+,9725845169
45092,Riya Kapoor,18,Female,AB+,9263642145
45093,Neha Sharma,22,Male,A+,9536414695
45094,Karan Gupta,20,Female,O+,9762280772
45095,Aman Patel,18,Female,O-,9536478287
45096,Divya Verma,41,Male,B+,9603929239
45097,Priya Kapoor,51,Male,A+,9253198225
45098,Neha Kapoor,19,Male,AB+,9584719677
45099,Riya Kapoor,39,Female,O-,9987804763
45100,Riya Patel,52,Male,B+,9808619277
45101,Aman Gupta,45,Male,O-,9434176206
45102,Aditya Singh,36,Female,A+,9694705808
45103,Rahul Patel,37,Male,B-,9712313800
45104,Divya Verma,42,Female,AB-,9964338923
45105,Neha Sharma,58,Female,B+,9652736217
45106,Pooja Sharma,39,Female,A+,9794180556
45107,Divya Mehta,37,Female,B-,9626952576
45108,Neha Mehta,51,Female,AB-,9606754984
45109,Aman Reddy,44,Female,B-,9583591458
45110,Sneha Verma,24,Female,B-,9229900057
45111,Vikram Mehta,48,Male,O-,9960997369
45112,Priya Verma,20,Male,A-,9414152167
45113,Kavya Sharma,37,Female,A+,9990626633
45114,Sneha Sharma,33,Female,AB-,9764898827
45115,Sahil Kapoor,35,Male,O+,9101804001
45116,Arjun Singh,39,Female,O+,9489152359
45117,Neha Gupta,26,Male,A+,9506858834
45118,Sneha Mehta,25,Male,AB-,9561226131
45119,Rahul Gupta,53,Male,B+,9649175495
45120,Riya Gupta,27,Male,A-,9883326982
45121,Priya Singh,29,Male,B-,9678289747
45122,Rohan Patel,43,Female,AB-,9498259535
45123,Pooja Mehta,54,Female,B-,9734374686
45124,Sneha Reddy,55,Male,O+,9357992188
45125,Divya Sharma,50,Male,B+,9509009917
45126,Divya Kapoor,47,Male,A+,9549270398
45127,Sneha Mehta,45,Male,O+,9830305213
45128,Rohan Patel,19,Female,B+,9168213578
45129,Anjali Verma,26,Female,AB-,9949111842
45130,Priya Gupta,34,Female,O+,9960382868
45131,Vikram Reddy,47,Female,AB+,9161813947
45132,Rohan Verma,42,Female,O-,9468144457
45133,Aman Sharma,31,Female,B-,9581736912
45134,Rohan Kapoor,47,Female,A-,9506987145
45135,Aditya Sharma,24,Female,A-,9452689546
45136,Pooja Reddy,42,Female,AB-,9300904690
45137,Vikram Singh,43,Male,A-,9354166393
45138,Karan Mehta,44,Female,AB-,9285726083
45139,Aman Singh,52,Male,AB-,9386202784
45140,Riya Kapoor,58,Female,A-,9305541491
45141,Sahil Singh,31,Female,O-,9277346555
45142,Vikram Gupta,20,Female,B-,9983611673
45143,Sneha Kapoor,31,Female,AB-,9331301612
45144,Pooja Singh,50,Female,B+,9495600012
45145,Riya Kapoor,58,Female,A+,9227871004
45146,Divya Patel,41,Female,A-,9130348288
45147,Vikram Kapoor,60,Male,AB-,9204866193
45148,Rahul Sharma,49,Male,AB-,9283144475
45149,Divya Verma,55,Male,A+,9319664692
45150,Anjali Patel,28,Male,O+,9702433969
45151,Priya Singh,37,Male,O-,9492126685
45152,Aditya Singh,34,Female,O-,9669689661
45153,Aditya Mehta,59,Male,B+,9461566099
45154,Riya Patel,47,Female,A+,9643019953
45155,Pooja Singh,37,Female,O-,9338283841
45156,Rohan Sharma,28,Male,B+,9439658950
45157,Sneha Mehta,28,Female,B+,9282207530
45158,Arjun Singh,24,Female,O+,9390882194
45159,Kavya Verma,35,Male,AB-,9773927093
45160,Karan Singh,35,Male,AB+,9458903666
45161,Sneha Singh,26,Female,AB-,9374543924
45162,Aman Sharma,34,Female,AB-,9637879090
45163,Karan Singh,34,Female,AB-,9888548339
45164,Arjun Verma,28,Female,O+,9517263085
45165,Arjun Kapoor,55,Female,AB+,9962675676
45166,Riya Singh,26,Female,A-,9798193004
45167,Anjali Kapoor,30,Male,O+,9874116339
45168,Anjali Reddy,42,Male,A+,9189558128
45169,Sahil Verma,29,Female,B-,9321868985
45170,Sneha Gupta,53,Female,A+,9378544663
45171,Sneha Sharma,41,Female,B-,9375700390
45172,Sneha Reddy,55,Male,AB+,9343664292
45173,Aditya Patel,39,Female,B+,9823765568
45174,Rohan Kapoor,30,Female,B-,9127983291
45175,Karan Mehta,35,Female,AB-,9689019916
45176,Aman Kapoor,20,Male,AB+,9924447399
45177,Rahul Sharma,39,Male,O-,9845927692
45178,Aditya Sharma,25,Male,A+,9371612211
45179,Sahil Verma,44,Female,AB-,9506253522
45180,Pooja Kapoor,51,Female,B-,9193619439
45181,Priya Gupta,26,Female,A+,9895300051
45182,Vikram Gupta,57,Male,O+,9234204081
45183,Rahul Mehta,26,Male,A-,9157495393
45184,Arjun Gupta,22,Female,A+,9988396776
45185,Kavya Kapoor,28,Male,A+,9666585048
45186,Priya Reddy,48,Male,A+,9502961750
45187,Priya Kapoor,38,Male,B+,9461422962
45188,Priya Reddy,46,Female,AB-,9402968004
45189,Divya Mehta,23,Male,B+,9311231307
45190,Rohan Gupta,51,Male,O-,9885241714
45191,Aditya Gupta,32,Female,O+,9941334352
45192,Rohan Gupta,45,Male,O-,9871449443
45193,Sahil Kapoor,54,Male,B+,9397743584
45194,Riya Singh,45,Female,B+,9294420306
45195,Pooja Singh,45,Female,B-,9809653020
45196,Aman Singh,32,Male,A-,9929601202
45197,Anjali Kapoor,32,Female,A-,9132107048
45198,Karan Verma,30,Female,B+,9529662798
45199,Anjali Verma,18,Male,AB+,9220363708
45200,Pooja Verma,42,Female,A-,9140689308
45201,Arjun Reddy,55,Male,O-,9162438750
45202,Arjun Reddy,26,Male,A+,9229376726
45203,Divya Patel,39,Female,AB+,9645285986
45204,Pooja Reddy,58,Female,O-,9764326417
45205,Karan Sharma,37,Male,B+,9326142822
45206,Aman Kapoor,40,Male,B-,9266889131
45207,Rohan Sharma,47,Male,B+,9985786947
45208,Kavya Singh,52,Male,A+,9307300220
45209,Anjali Mehta,18,Male,O-,9891799138
45210,Riya Gupta,52,Female,AB+,9652455183
45211,Rahul Patel,32,Male,B+,9371520118
45212,Riya Verma,43,Female,AB+,9574419794
45213,Aman Sharma,39,Male,AB+,9310808113
45214,Divya Sharma,49,Female,B-,9386169405
45215,Rahul Verma,26,Male,O+,9153997782
45216,Riya Gupta,55,Female,A-,9400372860
45217,Kavya Reddy,45,Female,O-,9561301718
45218,Kavya Patel,37,Female,B+,9476461704
45219,Arjun Kapoor,19,Male,AB-,9542983053
45220,Kavya Sharma,43,Male,A+,9275941470
45221,Anjali Mehta,53,Female,A+,9963405864
45222,Riya Reddy,28,Female,A-,9759355934
45223,Rohan Patel,48,Male,O-,9730609550
45224,Arjun Patel,52,Female,AB+,9826312109
45225,Rohan Sharma,51,Male,B+,9426019226
45226,Rohan Verma,34,Male,A+,9706529509
45227,Anjali Gupta,39,Female,AB-,9128354205
45228,Vikram Singh,60,Female,O-,9604157796
45229,Neha Verma,20,Male,B-,9669895170
45230,Rohan Patel,33,Female,A+,9842486454
45231,Aman Mehta,19,Male,A+,9660225071
45232,Divya Sharma,59,Female,B-,9480341013
45233,Karan Reddy,55,Female,A-,9698681127
45234,Divya Singh,21,Female,A+,9914838774
45235,Riya Gupta,39,Male,B+,9317285444
45236,Riya Gupta,42,Male,AB-,9231915108
45237,Priya Patel,56,Male,A+,9334629344
45238,Pooja Gupta,25,Female,AB+,9747085400
45239,Sneha Verma,55,Female,B-,9872177827
45240,Kavya Mehta,58,Female,B-,9691716540
45241,Sahil Sharma,55,Male,O-,9262394847
45242,Rohan Patel,58,Male,A+,9152517768
45243,Vikram Kapoor,20,Male,B-,9289795690
45244,Sneha Patel,45,Female,AB+,9335964880
45245,Rohan Mehta,19,Female,AB-,9964590225
45246,Divya Sharma,39,Female,A+,9572783955
45247,Vikram Gupta,52,Male,O-,9758782446
45248,Divya Mehta,19,Female,O-,9999686455
45249,Sahil Kapoor,44,Male,O+,9130189695
45250,Rohan Patel,19,Male,B+,9517355415
45251,Rohan Reddy,19,Female,AB-,9593562100
45252,Pooja Sharma,31,Female,A-,9688116299
45253,Rohan Gupta,40,Female,AB-,9288869253
45254,Pooja Verma,44,Male,B+,9294847967
45255,Kavya Sharma,28,Female,A-,9177125251
45256,Neha Reddy,19,Male,A+,9212386925
45257,Anjali Gupta,57,Female,AB-,9432177679
45258,Aditya Kapoor,50,Male,O+,9194571914
45259,Priya Mehta,28,Female,O-,9675143395
45260,Aman Mehta,22,Female,A-,9634351957
45261,Aditya Kapoor,24,Male,B-,9269586527
45262,Vikram Gupta,30,Female,B-,9278964182
45263,Neha Verma,53,Male,AB-,9467890368
45264,Aditya Mehta,34,Female,AB+,9659446466
45265,Divya Patel,25,Male,B+,9952605375
45266,Aditya Patel,49,Male,AB-,9577953700
45267,Sneha Gupta,55,Female,O-,9922567287
45268,Arjun Sharma,21,Female,O-,9847549497
45269,Priya Kapoor,22,Male,O-,9750256262
45270,Karan Patel,37,Female,B-,9192262520
45271,Rohan Verma,29,Female,O+,9139834028
45272,Divya Singh,28,Male,AB-,9390346164
45273,Anjali Gupta,38,Female,O+,9774429551
45274,Kavya Patel,34,Male,A-,9386442963
45275,Anjali Reddy,52,Male,A+,9623595917
45276,Pooja Reddy,38,Female,O-,9683563497
45277,Priya Verma,26,Male,AB-,9432026121
45278,Aman Verma,35,Female,O+,9290560574
45279,Karan Kapoor,28,Female,O+,9730311907
45280,Sahil Mehta,40,Female,A+,9434130417
45281,Divya Reddy,49,Female,O+,9338747122
45282,Karan Reddy,19,Male,A-,9501392024
45283,Kavya Patel,54,Male,A-,9833531832
45284,Anjali Kapoor,33,Female,AB-,9142869068
45285,Sneha Mehta,46,Female,O-,9841705454
45286,Riya Sharma,29,Male,O-,9666539225
45287,Priya Mehta,38,Male,O+,9146434404
45288,Priya Sharma,19,Female,AB-,9299518676
45289,Priya Singh,32,Male,A-,9423355331
45290,Riya Kapoor,38,Female,B-,9999407137
45291,Rahul Reddy,55,Male,O-,9208836953
45292,Divya Sharma,31,Male,A+,9479268252
45293,Divya Gupta,53,Male,A+,9888315120
45294,Vikram Patel,57,Female,B+,9505672764
45295,Anjali Gupta,31,Male,A+,9847789154
45296,Vikram Singh,42,Male,A+,9593735791
45297,Kavya Patel,19,Female,O+,9587451880
45298,Karan Sharma,32,Male,A-,9723109401
45299,Priya Singh,26,Male,B-,9714311586
45300,Riya Patel,42,Male,B-,9927718748
45301,Kavya Reddy,23,Male,AB-,9825222588
45302,Kavya Sharma,43,Female,A+,9836521399
45303,Neha Kapoor,49,Female,A-,9243423781
45304,Neha Mehta,21,Male,A-,9579739198
45305,Aditya Patel,20,Male,O+,9391485929
45306,Arjun Mehta,20,Female,B-,9762596761
45307,Divya Mehta,50,Female,AB-,9757206118
45308,Rahul Singh,30,Male,A+,9292878363
45309,Rahul Sharma,25,Male,AB-,9743891017
45310,Aditya Gupta,31,Female,O+,9815739219
45311,Aman Patel,49,Male,B+,9193283520
45312,Pooja Reddy,51,Female,AB-,9232238841
45313,Kavya Patel,27,Female,O+,9816757664
45314,Rohan Verma,58,Male,A+,9689030761
45315,Neha Reddy,30,Male,O-,9663477449
45316,Sahil Singh,39,Male,B-,9614934690
45317,Sahil Patel,54,Female,AB+,9687792875
45318,Arjun Reddy,29,Female,A-,9117897656
45319,Rahul Sharma,40,Male,B+,9217238766
45320,Sneha Mehta,51,Female,A-,9721546589
45321,Anjali Singh,55,Female,B+,9455869614
45322,Kavya Kapoor,53,Male,B-,9272437896
45323,Rahul Reddy,52,Female,B+,9131876983
45324,Sahil Sharma,47,Female,B+,9846501514
45325,Aditya Sharma,43,Male,A+,9136488467
45326,Rohan Singh,56,Male,A+,9688417276
45327,Rahul Singh,46,Male,O+,9120079899
45328,Aditya Gupta,29,Female,AB+,9278784021
45329,Anjali Verma,48,Female,O+,9363725475
45330,Sneha Singh,29,Male,O-,9307195291
45331,Kavya Singh,52,Female,B-,9619190911
45332,Rohan Sharma,23,Male,A-,9130004889
45333,Neha Sharma,31,Female,A+,9340016079
45334,Rahul Gupta,57,Male,AB-,9572145302
45335,Rahul Gupta,46,Female,B-,9205332718
45336,Divya Singh,50,Female,O+,9983753032
45337,Arjun Mehta,30,Female,A+,9684446915
45338,Pooja Patel,54,Male,A+,9793329286
45339,Vikram Kapoor,33,Male,AB+,9394099569
45340,Divya Singh,52,Male,AB+,9914071827
45341,Neha Mehta,42,Male,A-,9975650815
45342,Arjun Reddy,59,Male,AB-,9338911188
45343,Pooja Kapoor,48,Male,B-,9751875509
45344,Vikram Patel,30,Female,AB+,9432167125
45345,Karan Kapoor,30,Female,O+,9127328047
45346,Rohan Kapoor,46,Male,A-,9996508451
45347,Rahul Reddy,34,Male,O-,9482362712
45348,Priya Singh,27,Male,O+,9931406035
45349,Arjun Verma,48,Male,AB+,9851492725
45350,Priya Gupta,43,Female,B+,9435802870
45351,Pooja Mehta,22,Male,A-,9787437111
45352,Pooja Gupta,30,Female,A+,9667109672
45353,Vikram Reddy,57,Female,AB+,9558102358
45354,Rahul Patel,36,Female,B-,9612320981
45355,Arjun Mehta,46,Male,AB+,9164620329
45356,Aman Verma,19,Male,AB+,9501788706
45357,Priya Sharma,23,Female,O+,9127698146
45358,Pooja Sharma,26,Female,B+,9576699335
45359,Neha Sharma,18,Male,O-,9912617238
45360,Riya Patel,50,Female,AB-,9143571645
45361,Sahil Patel,20,Male,O-,9664367927
45362,Pooja Sharma,54,Female,AB+,9974148020
45363,Neha Kapoor,45,Female,A+,9198781793
45364,Priya Reddy,50,Female,O+,9779079661
45365,Anjali Gupta,48,Female,O+,9128823314
45366,Neha Mehta,28,Female,O+,9546353031
45367,Karan Verma,29,Female,O+,9101175917
45368,Karan Sharma,31,Male,AB-,9811747333
45369,Pooja Gupta,20,Female,B-,9376994011
45370,Priya Verma,34,Male,AB+,9497622866
45371,Priya Mehta,58,Female,A-,9207407919
45372,Neha Sharma,29,Female,O-,9505117901
45373,Anjali Singh,38,Female,A+,9423442507
45374,Rahul Sharma,48,Male,B+,9590444043
45375,Neha Sharma,37,Female,AB+,9594788344
45376,Pooja Sharma,55,Female,AB+,9582503713
45377,Riya Sharma,60,Female,A-,9401466373
45378,Rahul Reddy,22,Male,O-,9179609161
45379,Rahul Mehta,47,Male,O-,9866267425
45380,Neha Patel,44,Female,B-,9923474208
45381,Sahil Patel,27,Male,AB-,9412545904
45382,Sneha Singh,39,Female,AB-,9897640635
45383,Arjun Singh,39,Female,AB+,9300399535
45384,Divya Singh,47,Male,AB+,9488471445
45385,Anjali Patel,25,Male,O-,9662697270
45386,Vikram Singh,33,Female,O+,9882708989
45387,Priya Patel,45,Male,O+,9516570087
45388,Karan Reddy,55,Female,O-,9484200798
45389,Pooja Singh,51,Male,AB-,9258119327
45390,Vikram Gupta,33,Male,A+,9142739958
45391,Rohan Sharma,29,Female,B-,9737404663
45392,Priya Verma,28,Female,O-,9870484058
45393,Sneha Gupta,46,Female,A+,9624786898
45394,Rohan Gupta,57,Female,B-,9338272418
45395,Divya Sharma,44,Female,B+,9315170449
45396,Rahul Reddy,59,Male,O-,9303530737
45397,Priya Mehta,33,Female,B-,9771742121
45398,Neha Sharma,40,Male,AB-,9750245271
45399,Karan Mehta,51,Male,A+,9665855594
45400,Riya Sharma,28,Female,O+,9600413475
45401,Rahul Verma,38,Male,AB-,9997219662
45402,Kavya Sharma,54,Female,AB-,9342285066
45403,Rahul Gupta,55,Male,B+,9556870552
45404,Sahil Sharma,50,Female,AB-,9384749477
45405,Aman Mehta,43,Male,AB+,9422378320
45406,Sahil Mehta,26,Female,A-,9543318435
45407,Aditya Reddy,32,Male,AB+,9339591033
45408,Vikram Mehta,26,Female,AB+,9362247188
45409,Anjali Patel,48,Male,A-,9203932725
45410,Karan Patel,52,Male,O-,9804391633
45411,Kavya Gupta,47,Female,A+,9798359667
45412,Sahil Mehta,31,Male,AB-,9493533543
45413,Pooja Patel,24,Male,O-,9265008039
45414,Anjali Singh,50,Male,AB+,9220072377
45415,Karan Kapoor,21,Male,A+,9815711089
45416,Vikram Reddy,45,Male,O-,9915199494
45417,Aditya Kapoor,37,Male,O+,9169668389
45418,Sahil Patel,28,Female,B+,9259494346
45419,Sahil Gupta,53,Female,AB-,9307011116
45420,Sneha Patel,29,Female,AB+,9620549935
45421,Vikram Singh,36,Female,A+,9470227221
45422,Riya Mehta,30,Female,AB+,9379235110
45423,Riya Verma,45,Female,O-,9480458694
45424,Aman Kapoor,39,Male,B+,9523477482
45425,Aditya Sharma,42,Male,B+,9631569790
45426,Sneha Mehta,42,Female,O+,9995737936
45427,Sahil Mehta,24,Female,O+,9848573912
45428,Riya Verma,20,Male,AB-,9551339677
45429,Karan Verma,24,Female,AB-,9982752840
45430,Karan Mehta,33,Male,O-,9332391703
45431,Kavya Kapoor,60,Male,AB-,9717915974
45432,Arjun Sharma,55,Male,B-,9347190803
45433,Karan Singh,50,Male,AB+,9693386478
45434,Kavya Gupta,29,Female,AB+,9745502567
45435,Arjun Gupta,34,Female,O-,9664362788
45436,Pooja Mehta,60,Female,B+,9695406818
45437,Neha Mehta,54,Male,O-,9668197660
45438,Anjali Mehta,59,Male,A+,9621436699
45439,Aman Sharma,50,Male,O+,9797198833
45440,Sneha Kapoor,47,Male,AB-,9619691052
45441,Rahul Patel,22,Male,B+,9641532988
45442,Neha Patel,54,Male,B-,9733054944
45443,Arjun Singh,20,Male,B+,9415924195
45444,Kavya Gupta,29,Female,O-,9475250290
45445,Anjali Sharma,18,Male,A+,9773825749
45446,Aditya Singh,50,Male,AB-,9831152336
45447,Rohan Singh,18,Female,O+,9233968324
45448,Rohan Mehta,32,Male,O+,9873118387
45449,Kavya Kapoor,60,Female,A-,9105916967
45450,Riya Singh,25,Male,A+,9556739007
45451,Rahul Gupta,27,Female,AB+,9155058593
45452,Rohan Verma,36,Female,B+,9427783027
45453,Aditya Sharma,30,Female,AB+,9721998751
45454,Karan Reddy,28,Female,A+,9638988680
45455,Rohan Sharma,39,Male,B+,9288722691
45456,Aman Gupta,54,Male,O+,9971341655
45457,Rohan Kapoor,43,Male,A+,9418814495
45458,Divya Singh,37,Male,O-,9805063766
45459,Aditya Singh,26,Male,B-,9756296381
45460,Neha Sharma,44,Female,AB+,9862522854
45461,Vikram Kapoor,54,Female,O-,9328909861
45462,Sneha Verma,30,Female,O-,9329701146
45463,Vikram Reddy,43,Male,O-,9264798387
45464,Rahul Gupta,38,Male,B-,9290453688
45465,Sahil Singh,26,Male,O+,9510758213
45466,Divya Gupta,58,Female,O+,9185355534
45467,Anjali Verma,33,Male,B-,9235652897
45468,Sneha Reddy,41,Male,B-,9490264705
45469,Arjun Reddy,36,Male,A-,9374569381
45470,Aditya Verma,58,Male,O+,9179360692
45471,Sneha Singh,33,Male,AB-,9436247392
45472,Neha Singh,31,Female,O+,9642352505
45473,Neha Kapoor,53,Female,AB+,9406248970
45474,Arjun Reddy,34,Female,AB+,9197407167
45475,Divya Verma,42,Male,B+,9970808430
45476,Rahul Singh,25,Male,AB-,9667495284
45477,Pooja Verma,37,Female,O+,9856216879
45478,Priya Singh,49,Male,A+,9872164327
45479,Karan Kapoor,41,Male,AB+,9821436396
45480,Aditya Mehta,56,Male,B-,9784449788
45481,Priya Reddy,42,Male,O+,9439013876
45482,Rahul Kapoor,24,Male,AB+,9387478936
45483,Riya Singh,49,Female,A+,9419691775
45484,Aman Reddy,24,Male,B-,9292283000
45485,Rahul Reddy,18,Female,O-,9882980330
45486,Neha Mehta,48,Male,B-,9352359697
45487,Sneha Patel,42,Female,O+,9185548674
45488,Divya Kapoor,30,Female,A-,9211606611
45489,Sneha Kapoor,33,Male,A-,9790254093
45490,Rahul Kapoor,27,Female,A-,9718783993
45491,Aman Sharma,47,Female,AB-,9133016280
45492,Vikram Kapoor,43,Male,O-,9353327807
45493,Pooja Reddy,50,Female,AB-,9363164306
45494,Rahul Verma,51,Female,AB-,9769786489
45495,Karan Verma,33,Male,B-,9627910908
45496,Anjali Reddy,33,Female,O-,9533446044
45497,Sneha Singh,41,Male,O-,9953283237
45498,Rohan Sharma,39,Male,A+,9517682034
45499,Karan Reddy,21,Female,B+,9206807991
45500,Anjali Sharma,19,Female,B-,9518643095
45501,Rahul Mehta,28,Male,A-,9633352675
45502,Vikram Verma,45,Male,O-,9493147516
45503,Sneha Kapoor,24,Male,AB+,9743383632
45504,Aman Verma,22,Female,A+,9470164806
45505,Pooja Verma,57,Male,A+,9847871196
45506,Kavya Patel,22,Female,A+,9628817743
45507,Aman Mehta,37,Male,B-,9698553341
45508,Riya Sharma,40,Female,AB+,9518258872
45509,Rahul Sharma,24,Male,AB+,9136379744
45510,Aman Verma,38,Male,AB-,9484073811
45511,Anjali Mehta,50,Male,O-,9993464489
45512,Pooja Gupta,32,Female,O-,9550675093
45513,Pooja Sharma,50,Female,O+,9902989783
45514,Kavya Gupta,29,Male,B+,9808686768
45515,Divya Sharma,26,Male,AB+,9997196748
45516,Kavya Singh,27,Female,B-,9183249510
45517,Aditya Gupta,28,Female,AB-,9987593414
45518,Sneha Gupta,55,Male,B+,9176973148
45519,Neha Kapoor,31,Female,A-,9656378397
45520,Pooja Kapoor,57,Male,A-,9700225754
45521,Aman Verma,26,Female,AB-,9373535803
45522,Sahil Singh,31,Male,A-,9548085746
45523,Karan Verma,54,Male,A+,9660329516
45524,Arjun Gupta,42,Male,B-,9725630665
45525,Karan Singh,52,Female,O+,9881995424
45526,Rahul Singh,56,Female,O+,9101361475
45527,Anjali Patel,30,Female,B+,9448682468
45528,Pooja Patel,47,Female,AB-,9999952850
45529,Kavya Gupta,45,Female,O+,9733490568
45530,Arjun Mehta,35,Male,O-,9245591750
45531,Kavya Mehta,28,Female,A-,9431330985
45532,Riya Kapoor,36,Male,A-,9523791042
45533,Karan Kapoor,43,Female,O-,9539272491
45534,Priya Gupta,26,Female,A-,9693728170
45535,Aman Mehta,42,Female,A-,9929111927
45536,Arjun Reddy,32,Female,AB+,9814398224
45537,Karan Verma,22,Female,AB-,9771802620
45538,Rahul Kapoor,41,Female,O-,9213837153
45539,Arjun Gupta,32,Male,B+,9579306200
45540,Riya Sharma,39,Male,B-,9827865525
45541,Rahul Reddy,42,Female,AB-,9380960529
45542,Rohan Kapoor,35,Female,B-,9997368423
45543,Rohan Mehta,40,Female,O+,9497214501
45544,Sahil Kapoor,56,Male,A-,9931805003
45545,Kavya Kapoor,43,Male,A-,9299880966
45546,Divya Sharma,42,Female,B-,9866386683
45547,Aditya Sharma,36,Female,A+,9619479014
45548,Divya Verma,51,Male,B+,9414042270
45549,Sahil Sharma,45,Female,B+,9553721287
45550,Priya Kapoor,47,Female,AB+,9113473207
45551,Rohan Sharma,24,Male,O+,9752291908
45552,Kavya Reddy,19,Male,A+,9963454432
45553,Rohan Verma,54,Female,AB-,9145805077
45554,Sneha Mehta,18,Female,O+,9300824648
45555,Vikram Mehta,33,Female,B+,9621664877
45556,Anjali Kapoor,18,Male,AB+,9377580755
45557,Neha Sharma,27,Female,A-,9718894345
45558,Kavya Verma,23,Female,AB-,9693296352
45559,Priya Sharma,20,Female,A+,9139106786
45560,Karan Singh,29,Male,AB-,9988255196
45561,Neha Patel,58,Female,A+,9967295468
45562,Neha Reddy,20,Female,A+,9326417157
45563,Priya Sharma,41,Female,AB+,9114305807
45564,Arjun Sharma,58,Male,AB+,9309130127
45565,Riya Sharma,55,Female,AB-,9521828227
45566,Riya Gupta,41,Female,O-,9455513203
45567,Aditya Mehta,56,Female,B+,9329902666
45568,Anjali Verma,18,Female,AB+,9125960565
45569,Karan Singh,42,Female,B+,9713149843
45570,Karan Sharma,46,Female,O-,9232522326
45571,Anjali Mehta,33,Male,O-,9520941443
45572,Riya Reddy,24,Female,AB-,9804809748
45573,Karan Verma,29,Male,A+,9666077439
45574,Aditya Reddy,60,Female,O-,9222692839
45575,Kavya Verma,25,Male,O+,9815850363
45576,Rohan Gupta,52,Male,O-,9382783343
45577,Karan Gupta,42,Male,O+,9662169534
45578,Rahul Mehta,44,Female,O+,9656828187
45579,Kavya Sharma,25,Male,A+,9746733142
45580,Pooja Verma,40,Male,A+,9776582824
45581,Rohan Mehta,20,Male,B+,9505861551
45582,Sneha Mehta,28,Female,A+,9449010482
45583,Pooja Verma,19,Male,O-,9804043056
45584,Karan Patel,34,Male,A-,9106125689
45585,Rohan Gupta,44,Female,A+,9868780597
45586,Vikram Sharma,42,Female,A+,9447798515
45587,Kavya Reddy,27,Male,O+,9207907268
45588,Arjun Sharma,33,Female,B-,9272804548
45589,Kavya Verma,53,Female,B-,9759663152
45590,Rohan Patel,27,Male,O+,9569916364
45591,Sneha Verma,19,Male,A-,9255116639
45592,Pooja Singh,18,Female,A-,9169940463
45593,Vikram Kapoor,28,Female,A-,9599438125
45594,Vikram Reddy,41,Male,AB+,9814639312
45595,Priya Gupta,28,Male,O+,9260873407
45596,Riya Reddy,26,Female,AB-,9177700031
45597,Vikram Mehta,33,Female,O+,9833537886
45598,Sneha Patel,38,Female,AB+,9408777931
45599,Anjali Kapoor,26,Male,O+,9649279902
45600,Sahil Singh,36,Male,O+,9982845376
45601,Anjali Verma,58,Male,A-,9653132975
45602,Neha Reddy,49,Female,B+,9945065806
45603,Priya Singh,55,Male,AB-,9841502534
45604,Rohan Reddy,34,Male,A+,9736155297
45605,Sahil Sharma,29,Female,A-,9623809750
45606,Rahul Patel,51,Male,AB+,9532371838
45607,Karan Kapoor,33,Male,A+,9575607774
45608,Riya Verma,29,Male,O-,9194470371
45609,Neha Sharma,53,Female,B-,9327827265
45610,Aman Reddy,48,Male,B+,9172207330
45611,Anjali Reddy,32,Male,O-,9486222970
45612,Priya Singh,53,Female,O-,9574849507
45613,Priya Singh,53,Female,O+,9428963278
45614,Anjali Sharma,55,Female,A-,9832877397
45615,Priya Singh,40,Female,A-,9556196570
45616,Riya Patel,28,Male,O+,9461557214
45617,Rohan Reddy,45,Male,B+,9233587793
45618,Riya Mehta,32,Male,O+,9633242178
45619,Rahul Reddy,31,Female,O-,9315263706
45620,Karan Verma,51,Female,O-,9785134916
45621,Riya Kapoor,38,Female,O-,9965706526
45622,Priya Kapoor,51,Male,AB+,9402509146
45623,Aman Gupta,34,Female,AB-,9702873548
45624,Rohan Patel,36,Female,A-,9343401556
45625,Aman Sharma,27,Male,AB+,9585628294
45626,Pooja Kapoor,49,Male,AB+,9823006799
45627,Divya Gupta,57,Female,AB-,9584352645
45628,Divya Gupta,27,Female,O+,9206189569
45629,Riya Kapoor,22,Male,AB+,9158937150
45630,Sahil Singh,43,Male,AB-,9955063247
45631,Neha Verma,29,Male,B+,9911668483
45632,Sahil Mehta,55,Female,AB+,9832593143
45633,Neha Gupta,41,Male,O-,9928959673
45634,Arjun Sharma,24,Female,B-,9781620372
45635,Neha Singh,55,Male,O+,9252224329
45636,Anjali Reddy,30,Male,A+,9729719422
45637,Kavya Singh,48,Female,AB+,9108579127
45638,Sneha Singh,45,Male,A+,9832979887
45639,Sahil Mehta,43,Male,B-,9394461808
45640,Sahil Gupta,43,Female,B-,9521057835
45641,Anjali Patel,20,Male,A-,9795817565
45642,Pooja Sharma,48,Female,B-,9327149799
45643,Sahil Gupta,38,Female,A+,9337523102
45644,Pooja Patel,20,Male,O+,9756405823
45645,Rohan Gupta,27,Male,AB-,9164723205
45646,Neha Reddy,20,Male,A+,9216930333
45647,Rahul Patel,40,Female,B-,9574527691
45648,Aditya Mehta,49,Female,O-,9129303517
45649,Neha Kapoor,37,Male,B+,9605476070
45650,Priya Singh,32,Male,AB-,9702692313
45651,Arjun Singh,56,Male,O+,9805428900
45652,Vikram Verma,24,Male,AB+,9982647407
45653,Sahil Sharma,33,Male,B-,9494867945
45654,Sneha Sharma,45,Male,A-,9510007719
45655,Riya Gupta,26,Male,B-,9930229566
45656,Rahul Gupta,35,Female,O-,9156379587
45657,Sneha Sharma,60,Male,A+,9305988306
45658,Aditya Kapoor,27,Male,B-,9261488144
45659,Rohan Kapoor,27,Female,O+,9963377378
45660,Rohan Sharma,51,Male,A-,9114153486
45661,Karan Mehta,23,Male,O-,9676714555
45662,Kavya Singh,38,Female,O-,9997493982
45663,Rahul Gupta,56,Male,B+,9316431205
45664,Kavya Singh,38,Female,AB+,9240502706
45665,Karan Mehta,51,Male,AB+,9546268276
45666,Neha Verma,21,Male,AB-,9938260554
45667,Aditya Gupta,53,Female,AB-,9401876438
45668,Sneha Patel,53,Male,B-,9765867970
45669,Priya Gupta,48,Female,B-,9551405953
45670,Karan Mehta,43,Female,B+,9108252531
45671,Divya Kapoor,54,Female,A-,9742827556
45672,Neha Gupta,48,Female,AB+,9461041716
45673,Rahul Patel,57,Female,O+,9824582696
45674,Vikram Kapoor,60,Female,B+,9620609591
45675,Neha Sharma,34,Female,A-,9693659086
45676,Sneha Mehta,49,Male,A+,9824174679
45677,Karan Verma,35,Female,O+,9889780862
45678,Sahil Reddy,38,Male,A+,9660841238
45679,Rahul Singh,50,Female,B-,9600977179
45680,Pooja Singh,56,Male,O+,9500745556
45681,Sneha Patel,19,Male,B+,9895049639
45682,Rahul Singh,48,Female,AB-,9504623361
45683,Anjali Gupta,34,Male,AB-,9541095715
45684,Karan Patel,56,Female,O+,9593483504
45685,Riya Patel,30,Male,AB+,9366319635
45686,Riya Singh,56,Male,A-,9821557648
45687,Divya Reddy,23,Male,A+,9892436996
45688,Rahul Kapoor,23,Female,A-,9930308444
45689,Riya Singh,41,Female,B-,9225732792
45690,Rohan Reddy,31,Female,A-,9369559825
45691,Karan Reddy,34,Female,AB+,9875969270
45692,Riya Kapoor,48,Male,AB+,9805361116
45693,Anjali Reddy,44,Male,AB+,9732967817
45694,Divya Sharma,22,Female,A-,9953586792
45695,Rohan Reddy,46,Female,B-,9881715572
45696,Divya Gupta,48,Female,O-,9594890168
45697,Priya Singh,50,Male,A+,9869263766
45698,Arjun Kapoor,50,Female,B-,9693593011
45699,Priya Gupta,22,Male,A-,9525757515
45700,Priya Patel,25,Male,O-,9606454266
45701,Karan Sharma,57,Male,AB-,9221265301
45702,Anjali Reddy,41,Female,AB-,9491055721
45703,Sahil Verma,43,Female,AB-,9837543409
45704,Vikram Sharma,20,Female,B-,9104864332
45705,Rahul Mehta,37,Female,O+,9386653317
45706,Pooja Sharma,33,Male,B+,9271375096
45707,Riya Mehta,23,Female,AB-,9434141893
45708,Aman Sharma,49,Male,A+,9634103725
45709,Arjun Reddy,32,Male,O+,9286062846
45710,Aman Verma,40,Female,A-,9429381734
45711,Karan Patel,18,Female,B-,9262813168
45712,Rahul Patel,40,Female,B+,9152413345
45713,Priya Patel,51,Female,O+,9430096229
45714,Sahil Reddy,59,Male,O-,9793742337
45715,Rohan Kapoor,30,Female,O-,9197552698
45716,Arjun Singh,35,Female,B-,9527715462
45717,Neha Patel,34,Male,A-,9556574107
45718,Neha Patel,22,Female,AB-,9723338158
45719,Sneha Mehta,27,Male,AB-,9937307747
45720,Karan Reddy,38,Female,AB-,9835861558
45721,Divya Patel,31,Female,A+,9341875570
45722,Priya Sharma,28,Male,O+,9932573282
45723,Arjun Singh,30,Female,AB-,9324268221
45724,Riya Patel,42,Male,A-,9619854162
45725,Arjun Verma,55,Male,O-,9148012406
45726,Aditya Verma,23,Female,O+,9348910319
45727,Pooja Verma,44,Male,A-,9742314323
45728,Priya Sharma,42,Female,B+,9357063824
45729,Rahul Mehta,39,Male,B-,9704463539
45730,Aditya Gupta,45,Female,B-,9349142374
45731,Priya Singh,19,Female,AB+,9962516080
45732,Arjun Reddy,33,Female,AB-,9196341132
45733,Kavya Singh,42,Male,B+,9968475471
45734,Aditya Patel,21,Female,B+,9317856616
45735,Aditya Reddy,56,Female,O-,9241743562
45736,Karan Kapoor,32,Male,AB-,9516568786
45737,Arjun Mehta,18,Female,A+,9824083903
45738,Sneha Sharma,26,Female,O+,9134235122
45739,Aman Verma,59,Female,O-,9308835971
45740,Sahil Kapoor,45,Female,O+,9569238823
45741,Rahul Gupta,28,Female,B-,9287844457
45742,Aman Sharma,22,Female,O+,9580846331
45743,Pooja Patel,23,Male,AB-,9535472641
45744,Anjali Reddy,29,Female,O+,9490555307
45745,Sahil Reddy,46,Male,AB-,9288147984
45746,Riya Gupta,59,Male,O+,9656306585
45747,Neha Patel,55,Male,B+,9802628746
45748,Anjali Singh,52,Female,A+,9828949404
45749,Aditya Kapoor,35,Female,B-,9800646221
45750,Priya Mehta,49,Female,B+,9884392690
45751,Aditya Verma,27,Female,B-,9608107827
45752,Neha Patel,43,Female,B-,9344661073
45753,Sneha Patel,55,Male,B+,9341176258
45754,Riya Gupta,21,Male,B-,9597209859
45755,Priya Mehta,52,Female,O+,9378785081
45756,Sahil Gupta,18,Male,B-,9924366486
45757,Vikram Reddy,58,Male,O+,9415615705
45758,Aditya Patel,36,Male,A+,9448992749
45759,Rahul Sharma,30,Female,AB-,9411082896
45760,Arjun Verma,40,Male,B-,9952562820
45761,Karan Reddy,40,Male,AB+,9720331081
45762,Pooja Singh,46,Female,A+,9676274997
45763,Anjali Patel,47,Female,A+,9730866918
45764,Pooja Verma,49,Male,A-,9339515161
45765,Anjali Verma,56,Male,B-,9183498117
45766,Rohan Mehta,35,Female,AB-,9668903602
45767,Anjali Gupta,58,Female,O-,9398720339
45768,Rahul Singh,49,Male,B-,9778515261
45769,Rahul Patel,33,Female,B+,9911793298
45770,Karan Singh,20,Male,A-,9661520587
45771,Arjun Sharma,27,Male,B+,9308436297
45772,Riya Singh,47,Female,B+,9634971402
45773,Anjali Reddy,25,Female,B+,9707979489
45774,Sahil Verma,53,Male,B-,9727292819
45775,Sahil Verma,36,Male,B-,9495027071
45776,Neha Singh,46,Female,A-,9235390195
45777,Rohan Patel,35,Female,O-,9830549007
45778,Kavya Reddy,53,Male,AB+,9554077748
45779,Rahul Patel,55,Female,B-,9414700221
45780,Neha Verma,38,Female,A+,9250034752
45781,Pooja Verma,37,Male,O+,9686200491
45782,Karan Mehta,36,Female,A+,9311789252
45783,Karan Mehta,27,Female,AB+,9732268839
45784,Sneha Singh,55,Male,A+,9436198670
45785,Sneha Sharma,18,Female,O-,9278362202
45786,Priya Singh,55,Male,O+,9906295914
45787,Aditya Kapoor,53,Male,O+,9202632468
45788,Karan Reddy,37,Male,O+,9678914706
45789,Priya Singh,28,Female,B+,9913613078
45790,Sneha Singh,49,Female,O-,9780719006
45791,Vikram Gupta,33,Female,B+,9858145302
45792,Sahil Gupta,35,Male,B-,9938648925
45793,Sneha Verma,18,Female,AB-,9766237491
45794,Neha Sharma,23,Male,AB-,9468773599
45795,Priya Mehta,38,Female,B+,9857521849
45796,Rahul Reddy,18,Female,AB+,9282962790
45797,Sahil Reddy,39,Male,A-,9736741537
45798,Rahul Sharma,45,Male,A+,9994004587
45799,Aditya Sharma,27,Female,AB+,9385061036
45800,Aditya Patel,41,Female,AB+,9329782670
45801,Priya Reddy,33,Male,A+,9633652856
45802,Rohan Sharma,21,Female,AB+,9577505384
45803,Sahil Verma,31,Female,A+,9553563334
45804,Aditya Verma,20,Female,AB+,9714306658
45805,Anjali Singh,48,Male,AB-,9275561533
45806,Arjun Patel,48,Female,AB-,9899580843
45807,Divya Reddy,55,Female,AB+,9700977630
45808,Neha Gupta,45,Female,AB+,9421735851
45809,Aman Patel,25,Female,O+,9679398497
45810,Aditya Kapoor,55,Male,AB-,9226325471
45811,Priya Gupta,19,Male,A+,9473603774
45812,Neha Reddy,53,Female,O+,9648913732
45813,Anjali Gupta,26,Male,AB-,9624421629
45814,Sneha Gupta,21,Female,AB+,9382351961
45815,Aditya Gupta,18,Female,O-,9841158457
45816,Neha Patel,26,Male,A-,9591718772
45817,Aman Reddy,27,Male,B-,9636717874
45818,Rohan Kapoor,42,Male,A-,9163407529
45819,Priya Verma,56,Female,A+,9722089144
45820,Anjali Verma,41,Male,B-,9398536792
45821,Sahil Reddy,42,Female,A-,9487464621
45822,Sneha Patel,44,Male,B-,9420029498
45823,Sahil Sharma,56,Female,A+,9884999338
45824,Rohan Gupta,43,Female,B-,9910786384
45825,Aman Gupta,49,Male,B-,9901982841
45826,Priya Singh,50,Female,A+,9803955065
45827,Aditya Singh,29,Female,A-,9166648279
45828,Sahil Sharma,39,Male,O-,9120128734
45829,Kavya Mehta,24,Male,B-,9649443138
45830,Vikram Kapoor,35,Female,O+,9614107989
45831,Arjun Sharma,54,Male,AB-,9981835450
45832,Anjali Sharma,41,Male,O+,9329930375
45833,Priya Verma,58,Male,B-,9868496946
45834,Divya Verma,39,Male,B+,9533938735
45835,Vikram Gupta,23,Male,O+,9400084528
45836,Arjun Sharma,58,Female,B-,9243870012
45837,Rahul Mehta,32,Male,B-,9368581102
45838,Aditya Reddy,21,Male,O+,9906438829
45839,Rahul Gupta,38,Female,A+,9448260673
45840,Kavya Sharma,56,Female,AB-,9917223387
45841,Aman Sharma,20,Male,AB-,9765610443
45842,Divya Patel,49,Male,O+,9954427078
45843,Neha Patel,20,Male,B-,9528048122
45844,Vikram Gupta,54,Female,B+,9301543958
45845,Rahul Patel,25,Male,AB-,9323017893
45846,Aman Sharma,32,Male,O+,9727634920
45847,Pooja Patel,22,Female,O-,9139209490
45848,Sneha Gupta,43,Male,O+,9188014049
45849,Vikram Singh,44,Female,AB+,9847482648
45850,Pooja Gupta,44,Male,B+,9524000171
45851,Arjun Gupta,25,Male,B+,9750020974
45852,Sahil Verma,46,Male,B+,9218406157
45853,Pooja Kapoor,50,Female,O+,9670593586
45854,Rahul Verma,25,Male,A+,9899874023
45855,Riya Singh,38,Female,AB-,9106155659
45856,Divya Verma,28,Female,A+,9814894831
45857,Rohan Verma,59,Male,O+,9521127299
45858,Divya Singh,39,Male,A-,9388711358
45859,Aditya Gupta,32,Female,A+,9726778859
45860,Aman Mehta,47,Male,A-,9497201384
45861,Sneha Kapoor,52,Female,AB-,9406897405
45862,Sneha Sharma,27,Female,B-,9260353787
45863,Kavya Mehta,47,Male,A-,9299488541
45864,Sahil Singh,27,Male,A+,9813543446
45865,Kavya Reddy,44,Female,AB+,9298589093
45866,Neha Patel,24,Male,A-,9165436232
45867,Aditya Patel,39,Male,A+,9461911484
45868,Anjali Mehta,53,Male,A+,9297575583
45869,Karan Mehta,36,Female,B+,9643516204
45870,Sahil Verma,24,Male,B+,9618012605
45871,Sahil Verma,49,Female,AB+,9639705582
45872,Priya Singh,20,Female,A+,9900144257
45873,Aman Mehta,19,Female,B+,9483293146
45874,Rahul Sharma,46,Male,O+,9808716208
45875,Rahul Mehta,35,Male,B+,9226533167
45876,Pooja Gupta,59,Female,B+,9438877749
45877,Divya Reddy,44,Female,O-,9544568618
45878,Rohan Singh,37,Male,AB-,9227240622
45879,Aditya Gupta,39,Male,A+,9472038353
45880,Pooja Kapoor,22,Female,AB-,9684183490
45881,Rohan Gupta,38,Female,A-,9719032703
45882,Divya Verma,45,Female,B-,9775918114
45883,Anjali Singh,55,Female,O+,9762872529
45884,Vikram Reddy,39,Male,A+,9501729514
45885,Neha Sharma,60,Female,A-,9375122126
45886,Aditya Kapoor,26,Female,A+,9793675579
45887,Rohan Patel,46,Male,O-,9271837810
45888,Priya Kapoor,57,Female,AB-,9560924692
45889,Rahul Gupta,39,Female,O-,9966218541
45890,Neha Reddy,43,Male,A-,9884777808
45891,Rahul Patel,57,Female,A+,9893101986
45892,Sneha Singh,24,Male,O+,9291114602
45893,Neha Singh,59,Female,B-,9601006982
45894,Rohan Mehta,49,Female,O+,9941871567
45895,Rahul Gupta,40,Male,O+,9187041113
45896,Karan Kapoor,36,Female,AB+,9820277552
45897,Neha Verma,31,Female,B+,9229008297
45898,Sneha Kapoor,48,Female,A-,9363318946
45899,Riya Reddy,43,Male,A-,9603389475
45900,Sahil Singh,20,Female,A+,9668951359
45901,Sahil Reddy,34,Male,A-,9273077995
45902,Arjun Reddy,49,Male,O+,9292064064
45903,Priya Patel,18,Female,AB-,9982611746
45904,Sneha Patel,19,Female,O-,9808854671
45905,Aman Verma,46,Male,A+,9848162520
45906,Sneha Gupta,37,Female,B-,9898954226
45907,Arjun Kapoor,50,Female,O+,9336346803
45908,Arjun Verma,34,Male,O+,9291732984
45909,Priya Mehta,33,Male,O+,9128752989
45910,Sneha Singh,24,Female,AB-,9808301267
45911,Priya Reddy,26,Male,A-,9463793791
45912,Sahil Singh,37,Female,O-,9749165139
45913,Riya Reddy,57,Female,A-,9953527513
45914,Anjali Kapoor,57,Female,AB-,9258515911
45915,Sneha Reddy,54,Female,AB+,9431882235
45916,Sahil Sharma,52,Female,O-,9252490613
45917,Rahul Reddy,48,Male,AB+,9153468754
45918,Rahul Patel,35,Male,O+,9324037226
45919,Riya Sharma,19,Female,O+,9876077791
45920,Pooja Patel,59,Female,A+,9903826774
45921,Vikram Singh,20,Male,A-,9559317427
45922,Aman Sharma,24,Female,B+,9812582921
45923,Divya Gupta,50,Female,AB+,9875799015
45924,Arjun Patel,27,Female,O-,9820484331
45925,Divya Singh,43,Female,O-,9930035219
45926,Anjali Mehta,28,Male,O+,9793462596
45927,Rahul Patel,49,Female,AB+,9709301769
45928,Priya Sharma,23,Male,AB-,9422421923
45929,Rahul Singh,35,Male,O+,9754647149
45930,Neha Gupta,30,Female,B-,9175597256
45931,Sahil Kapoor,37,Male,B+,9848036305
45932,Sahil Reddy,24,Male,O+,9699987298
45933,Kavya Gupta,31,Male,AB+,9176107692
45934,Sahil Singh,60,Male,A-,9207127162
45935,Kavya Singh,24,Male,A-,9633894249
45936,Sneha Kapoor,47,Female,B-,9771262487
45937,Pooja Kapoor,60,Male,B+,9479096201
45938,Vikram Mehta,36,Female,B-,9754091009
45939,Sahil Gupta,22,Female,AB-,9444026129
45940,Rohan Patel,24,Female,O+,9349072382
45941,Karan Verma,41,Female,O-,9223180973
45942,Rahul Sharma,47,Male,A+,9694321635
45943,Aman Singh,52,Female,O-,9677781459
45944,Priya Kapoor,39,Female,A-,9799154851
45945,Arjun Sharma,46,Female,AB+,9989701346
45946,Arjun Verma,53,Female,B+,9220368996
45947,Sahil Singh,55,Male,A-,9627724803
45948,Priya Patel,58,Female,O+,9368842048
45949,Anjali Singh,53,Female,AB+,9829036082
45950,Karan Singh,19,Male,AB+,9932481135
45951,Kavya Verma,47,Female,B+,9176465490
45952,Sahil Reddy,20,Female,B-,9959094879
45953,Priya Singh,47,Male,A-,9692127537
45954,Pooja Mehta,19,Female,AB-,9602677011
45955,Arjun Mehta,32,Female,A-,9918077692
45956,Pooja Singh,23,Male,B+,9435624229
45957,Sahil Verma,34,Female,B-,9790618085
45958,Pooja Reddy,24,Male,B-,9831692427
45959,Aditya Singh,31,Female,A-,9410912004
45960,Anjali Kapoor,49,Male,AB+,9998696001
45961,Kavya Sharma,38,Female,O-,9612504052
45962,Riya Patel,53,Female,O-,9440063998
45963,Karan Verma,23,Male,AB-,9671962849
45964,Rohan Singh,35,Female,B+,9160777313
45965,Vikram Patel,44,Female,A-,9816145685
45966,Anjali Singh,43,Female,B+,9673224387
45967,Rahul Mehta,21,Male,AB-,9902116489
45968,Neha Sharma,37,Female,B-,9667407658
45969,Riya Mehta,44,Male,A-,9768104082
45970,Priya Singh,22,Male,O-,9671149861
45971,Vikram Verma,56,Female,B+,9176028059
45972,Anjali Gupta,20,Female,AB+,9974349187
45973,Sneha Kapoor,53,Male,AB+,9908524927
45974,Aman Singh,31,Female,A-,9908458167
45975,Neha Singh,56,Male,O-,9783949987
45976,Aman Kapoor,46,Female,B+,9331162220
45977,Priya Kapoor,53,Female,B+,9421938375
45978,Rahul Sharma,60,Female,AB-,9755962732
45979,Divya Sharma,30,Male,AB-,9350799449
45980,Rahul Kapoor,55,Male,A-,9911677660
45981,Aman Kapoor,35,Female,B+,9538886758
45982,Neha Gupta,38,Male,B-,9314652531
45983,Kavya Mehta,46,Female,A-,9811599644
45984,Karan Patel,59,Female,AB+,9341920821
45985,Karan Gupta,32,Male,B-,9287068060
45986,Riya Verma,49,Female,B-,9418877573
45987,Pooja Mehta,47,Female,O-,9119912951
45988,Kavya Kapoor,26,Male,B+,9660302803
45989,Rahul Gupta,55,Male,O+,9621310442
45990,Riya Singh,59,Female,A+,9996555666
45991,Aman Verma,32,Male,AB+,9472377408
45992,Sneha Gupta,41,Male,O+,9252156987
45993,Priya Kapoor,52,Female,A-,9707426448
45994,Rohan Patel,56,Male,A+,9195741449
45995,Rohan Patel,24,Female,AB-,9372524751
45996,Aman Mehta,53,Female,B+,9751471024
45997,Karan Singh,30,Male,O-,9670140318
45998,Rahul Singh,44,Female,O+,9404465356
45999,Neha Patel,28,Male,O+,9756703714
46000,Arjun Singh,46,Male,A-,9364435530
46001,Pooja Patel,19,Female,B+,9180340531
46002,Arjun Kapoor,55,Male,AB+,9812882143
46003,Aman Kapoor,35,Female,A-,9207087861
46004,Aman Mehta,58,Male,A-,9362486164
46005,Sneha Reddy,53,Male,A+,9530057855
46006,Sneha Gupta,56,Male,AB+,9404236591
46007,Divya Verma,43,Female,A+,9305330733
46008,Anjali Mehta,49,Female,B+,9450845453
46009,Priya Reddy,41,Female,O+,9707730967
46010,Karan Reddy,52,Male,O+,9293198218
46011,Rohan Mehta,32,Female,A-,9910846665
46012,Aditya Gupta,32,Female,B+,9746100877
46013,Aman Kapoor,52,Female,O-,9324436062
46014,Rohan Verma,30,Female,AB+,9818497781
46015,Rahul Gupta,54,Female,A-,9990371644
46016,Anjali Gupta,46,Female,AB+,9285309302
46017,Kavya Singh,43,Female,O+,9768818386
46018,Anjali Mehta,53,Male,B+,9742085893
46019,Sneha Patel,30,Female,AB-,9196909119
46020,Priya Reddy,42,Male,B-,9528035314
46021,Pooja Patel,57,Female,A-,9271782575
46022,Riya Reddy,39,Male,O+,9362909344
46023,Aman Sharma,39,Female,A-,9222638512
46024,Arjun Patel,28,Female,AB-,9235879529
46025,Karan Singh,46,Female,A-,9347266799
46026,Karan Gupta,20,Female,B-,9496100841
46027,Neha Verma,21,Male,B-,9388035454
46028,Sahil Verma,39,Female,AB-,9827193409
46029,Divya Patel,25,Female,AB+,9860428047
46030,Kavya Singh,59,Female,O+,9359308278
46031,Aditya Kapoor,36,Male,O-,9139460665
46032,Aditya Verma,43,Female,AB+,9608146865
46033,Divya Sharma,33,Male,AB-,9543348615
46034,Aditya Reddy,21,Female,B-,9966271869
46035,Rohan Singh,29,Female,B-,9891455289
46036,Anjali Patel,24,Female,AB-,9545208568
46037,Divya Patel,35,Female,O-,9310439679
46038,Rahul Gupta,18,Female,O-,9927131656
46039,Priya Gupta,43,Male,B-,9928458368
46040,Vikram Patel,18,Male,A+,9618364390
46041,Sneha Patel,51,Male,A-,9684852729
46042,Priya Singh,44,Female,A+,9841250721
46043,Rahul Kapoor,55,Female,A-,9509624342
46044,Aman Reddy,38,Male,O+,9297269760
46045,Anjali Sharma,38,Male,AB-,9562766297
46046,Karan Mehta,39,Female,AB-,9650202782
46047,Anjali Singh,19,Male,A+,9483407321
46048,Rohan Sharma,59,Male,A+,9771071824
46049,Priya Gupta,39,Female,A-,9446281205
46050,Sneha Gupta,25,Male,O+,9944163325
46051,Aman Reddy,19,Male,O+,9206034903
46052,Priya Gupta,43,Female,AB-,9702760843
46053,Pooja Kapoor,18,Male,O+,9577204788
46054,Karan Kapoor,51,Male,AB-,9907249886
46055,Pooja Kapoor,39,Female,AB+,9617723314
46056,Anjali Mehta,55,Female,AB-,9278303079
46057,Karan Kapoor,51,Male,O-,9871524321
46058,Sahil Mehta,27,Male,O+,9757339546
46059,Kavya Kapoor,31,Female,B+,9360613600
46060,Aman Reddy,36,Female,AB+,9342374990
46061,Divya Singh,35,Male,A+,9897396317
46062,Neha Kapoor,31,Male,AB+,9184692466
46063,Neha Reddy,45,Male,AB+,9563468925
46064,Divya Verma,47,Female,B+,9655249761
46065,Sahil Sharma,52,Female,AB+,9129366500
46066,Rohan Singh,24,Male,O-,9973469192
46067,Neha Reddy,28,Male,B-,9569668743
46068,Riya Patel,50,Female,B+,9946081416
46069,Pooja Verma,46,Female,AB-,9327932621
46070,Divya Verma,55,Male,A-,9357153989
46071,Aman Singh,48,Female,O-,9721038994
46072,Vikram Singh,45,Male,AB-,9999612332
46073,Arjun Singh,48,Female,AB+,9245717523
46074,Divya Mehta,42,Male,O+,9327258646
46075,Rahul Singh,20,Female,A+,9783801865
46076,Aditya Verma,32,Female,AB-,9684256098
46077,Divya Kapoor,58,Female,AB+,9241840628
46078,Neha Singh,57,Female,O-,9463528614
46079,Anjali Kapoor,30,Female,A-,9639371540
46080,Rohan Singh,27,Female,AB-,9234429253
46081,Sneha Patel,24,Female,O+,9303513897
46082,Divya Patel,57,Male,O-,9671486106
46083,Priya Singh,27,Male,A+,9886875188
46084,Anjali Reddy,56,Male,A+,9774972155
46085,Rohan Reddy,29,Female,B-,9322882112
46086,Aman Patel,56,Female,B-,9699340432
46087,Rahul Singh,27,Male,O-,9488162281
46088,Priya Singh,20,Female,AB+,9922322466
46089,Aman Verma,26,Male,O+,9804611561
46090,Aman Kapoor,23,Female,A-,9520745770
46091,Karan Sharma,59,Female,AB-,9685667430
46092,Neha Singh,23,Female,B+,9192731056
46093,Arjun Gupta,46,Male,O+,9190395569
46094,Rohan Kapoor,31,Male,O-,9643067730
46095,Neha Reddy,50,Female,O-,9925998486
46096,Pooja Singh,57,Female,B-,9649936979
46097,Kavya Gupta,52,Male,A-,9552670196
46098,Pooja Gupta,35,Female,AB-,9600832716
46099,Anjali Kapoor,30,Female,AB+,9182361396
46100,Vikram Kapoor,20,Male,AB-,9132968554
46101,Divya Patel,24,Male,A+,9848504403
46102,Divya Kapoor,59,Male,O-,9429915816
46103,Pooja Singh,18,Female,O-,9464005897
46104,Aman Reddy,54,Male,B+,9566809953
46105,Pooja Verma,29,Female,AB+,9698287514
46106,Aditya Patel,24,Male,AB+,9365453363
46107,Priya Verma,48,Female,AB-,9574996886
46108,Sahil Singh,29,Female,AB+,9486987556
46109,Neha Singh,21,Male,AB+,9156367652
46110,Riya Kapoor,47,Male,O-,9937721017
46111,Neha Verma,46,Male,A+,9424144343
46112,Rahul Sharma,32,Male,AB-,9254552471
46113,Rahul Reddy,50,Female,A-,9192941530
46114,Rohan Kapoor,35,Female,B+,9137447901
46115,Divya Kapoor,34,Male,B+,9323241828
46116,Vikram Reddy,22,Male,O-,9408816616
46117,Aman Gupta,48,Female,A+,9650538850
46118,Rahul Verma,51,Female,B+,9971407537
46119,Anjali Patel,19,Female,O+,9349144641
46120,Riya Mehta,28,Male,O+,9840288392
46121,Anjali Singh,60,Female,B+,9929911120
46122,Sneha Kapoor,56,Male,O+,9806088459
46123,Divya Singh,22,Male,A+,9581429726
46124,Aman Mehta,59,Female,A+,9985542532
46125,Pooja Verma,26,Female,AB-,9637860118
46126,Sahil Reddy,51,Female,B+,9858436990
46127,Pooja Singh,32,Male,A+,9124071909
46128,Anjali Gupta,42,Female,O+,9911387636
46129,Riya Mehta,18,Male,O+,9294214993
46130,Sneha Gupta,36,Male,AB-,9369516690
46131,Sneha Patel,50,Female,A+,9436667610
46132,Rahul Reddy,41,Male,B-,9145221500
46133,Rohan Singh,49,Female,A-,9893188433
46134,Priya Kapoor,29,Female,A-,9263488531
46135,Kavya Verma,51,Female,O+,9920556563
46136,Pooja Singh,55,Female,A+,9203528222
46137,Riya Verma,46,Male,A+,9879968041
46138,Neha Patel,30,Male,O+,9504072690
46139,Anjali Singh,40,Male,A+,9901042124
46140,Riya Gupta,34,Female,B-,9907929699
46141,Pooja Mehta,55,Male,A+,9492193783
46142,Riya Gupta,48,Female,AB+,9244905955
46143,Rohan Patel,20,Male,O-,9872687805
46144,Karan Reddy,31,Male,O+,9842373929
46145,Divya Verma,25,Male,A+,9145146749
46146,Aditya Reddy,51,Male,AB+,9561558165
46147,Sneha Mehta,59,Female,AB+,9650129061
46148,Aditya Kapoor,38,Male,AB+,9935832662
46149,Vikram Kapoor,19,Female,AB+,9598217146
46150,Kavya Sharma,24,Female,A+,9995965297
46151,Arjun Gupta,43,Male,AB+,9221156962
46152,Rohan Reddy,54,Female,AB-,9252933904
46153,Pooja Reddy,40,Female,B+,9889311529
46154,Anjali Reddy,22,Female,A-,9511772112
46155,Sneha Gupta,50,Male,AB-,9277702706
46156,Sahil Reddy,59,Male,A+,9802420630
46157,Rahul Patel,22,Female,AB-,9392640708
46158,Riya Gupta,20,Male,B-,9250326789
46159,Kavya Kapoor,34,Female,B+,9230723829
46160,Rahul Gupta,25,Male,A+,9970711227
46161,Sneha Verma,54,Male,O+,9618396653
46162,Sneha Singh,37,Male,B+,9805291048
46163,Arjun Singh,40,Female,B-,9459036052
46164,Divya Sharma,58,Male,AB+,9914794438
46165,Karan Gupta,25,Male,AB+,9405354239
46166,Priya Mehta,22,Male,B-,9248295611
46167,Vikram Singh,36,Male,AB-,9787620445
46168,Divya Verma,24,Male,AB-,9690902616
46169,Rohan Singh,59,Female,O-,9329157562
46170,Karan Verma,50,Male,AB-,9451051302
46171,Neha Gupta,48,Female,O-,9778045269
46172,Neha Kapoor,32,Male,AB-,9277511960
46173,Vikram Kapoor,41,Female,O+,9231410801
46174,Rahul Sharma,27,Male,B+,9297555505
46175,Aman Verma,36,Male,A-,9990968286
46176,Rohan Mehta,26,Female,A+,9168785179
46177,Arjun Gupta,45,Female,O+,9998644713
46178,Anjali Sharma,18,Female,A-,9571178831
46179,Priya Patel,55,Female,AB+,9943819589
46180,Anjali Kapoor,59,Female,O+,9248686148
46181,Arjun Sharma,48,Female,AB-,9720144157
46182,Sahil Mehta,30,Male,A+,9220290004
46183,Riya Reddy,51,Male,B+,9273508190
46184,Sahil Patel,26,Female,A+,9690246064
46185,Karan Gupta,32,Female,A+,9744115692
46186,Aditya Verma,51,Female,AB-,9542590319
46187,Karan Patel,58,Female,A+,9287815360
46188,Karan Sharma,60,Male,AB-,9555818779
46189,Vikram Kapoor,36,Female,AB+,9426457622
46190,Aman Kapoor,55,Male,O+,9142133698
46191,Anjali Sharma,47,Female,O-,9782957752
46192,Neha Reddy,19,Female,A-,9795166722
46193,Rahul Patel,59,Female,A+,9283301659
46194,Karan Mehta,49,Male,O-,9556815320
46195,Neha Gupta,42,Male,O+,9733093129
46196,Divya Reddy,42,Female,A-,9221541825
46197,Divya Mehta,41,Female,AB+,9677730482
46198,Aman Reddy,44,Female,O+,9444976513
46199,Riya Verma,48,Female,B-,9912902417
46200,Rahul Reddy,52,Female,A-,9276989828
46201,Karan Sharma,53,Male,AB+,9981580451
46202,Arjun Verma,48,Male,A+,9608085644
46203,Anjali Gupta,30,Male,AB+,9641349831
46204,Pooja Singh,47,Male,AB+,9541911398
46205,Arjun Singh,27,Male,A-,9695288040
46206,Aman Reddy,52,Female,B-,9747513270
46207,Vikram Singh,43,Female,O-,9362453306
46208,Sahil Gupta,38,Male,B-,9504534222
46209,Anjali Gupta,59,Female,A-,9426337509
46210,Aditya Patel,32,Male,B+,9799755652
46211,Neha Mehta,28,Male,A-,9753448642
46212,Sahil Singh,23,Male,A-,9659247363
46213,Aman Mehta,18,Female,O-,9274931512
46214,Aditya Gupta,59,Male,O-,9972572691
46215,Aman Mehta,53,Male,A+,9484126018
46216,Pooja Patel,24,Male,A+,9836653417
46217,Divya Kapoor,33,Male,O-,9791605745
46218,Aman Kapoor,26,Male,B-,9607011140
46219,Divya Patel,25,Female,O+,9829406648
46220,Neha Kapoor,60,Male,AB-,9417170404
46221,Arjun Singh,34,Male,A+,9633353833
46222,Pooja Gupta,55,Male,AB-,9378348068
46223,Karan Gupta,36,Male,O-,9595566021
46224,Aditya Kapoor,22,Female,AB-,9402264100
46225,Vikram Gupta,43,Female,A+,9867227607
46226,Aman Mehta,55,Male,AB+,9250602183
46227,Divya Reddy,20,Female,AB-,9979240772
46228,Vikram Kapoor,36,Male,A-,9148781717
46229,Riya Sharma,57,Female,B-,9701241619
46230,Arjun Kapoor,32,Female,A+,9784590184
46231,Sahil Mehta,19,Male,O+,9108554369
46232,Aditya Mehta,23,Female,B-,9526814398
46233,Karan Patel,38,Male,O-,9588530295
46234,Aditya Singh,54,Female,O-,9851382376
46235,Aditya Mehta,54,Female,AB-,9120116153
46236,Divya Reddy,42,Male,B-,9733254426
46237,Sahil Reddy,27,Female,AB+,9508815005
46238,Pooja Gupta,31,Female,AB-,9408702662
46239,Aman Sharma,42,Female,AB+,9178002428
46240,Priya Sharma,39,Female,A-,9422624090
46241,Riya Mehta,26,Male,A+,9876983923
46242,Vikram Kapoor,43,Male,B+,9533442859
46243,Sahil Sharma,26,Female,A-,9348821831
46244,Kavya Gupta,31,Male,AB+,9699165554
46245,Vikram Mehta,59,Female,A-,9495968766
46246,Sahil Sharma,54,Male,AB-,9331057746
46247,Sneha Mehta,55,Male,B+,9110550825
46248,Rahul Sharma,35,Female,B+,9581089407
46249,Karan Gupta,33,Male,B-,9646177216
46250,Kavya Singh,41,Male,B+,9641049469
46251,Divya Kapoor,18,Male,AB-,9574121674
46252,Sahil Mehta,48,Female,AB-,9359068792
46253,Aditya Singh,50,Female,B-,9918261397
46254,Karan Reddy,34,Female,AB+,9495932571
46255,Aman Verma,58,Male,AB-,9651871651
46256,Kavya Singh,42,Male,O+,9680991333
46257,Rohan Reddy,29,Male,O+,9619936134
46258,Vikram Gupta,52,Female,A+,9585970669
46259,Priya Verma,53,Male,AB-,9408147265
46260,Divya Sharma,50,Female,O-,9567013615
46261,Aman Kapoor,26,Male,O+,9424071275
46262,Aditya Kapoor,51,Male,O+,9394433811
46263,Aditya Patel,30,Female,A-,9417361199
46264,Rahul Sharma,42,Female,A-,9543395480
46265,Rohan Verma,47,Male,AB+,9208194893
46266,Aman Singh,32,Female,AB-,9149820569
46267,Arjun Kapoor,39,Female,O+,9833324176
46268,Neha Singh,33,Female,A+,9394411506
46269,Neha Patel,60,Male,B+,9626389056
46270,Divya Singh,18,Male,AB-,9926643615
46271,Aman Patel,36,Male,AB+,9937089601
46272,Kavya Singh,24,Male,A-,9594571121
46273,Divya Gupta,37,Male,AB+,9167977484
46274,Karan Verma,54,Female,O+,9634015115
46275,Kavya Gupta,58,Female,O+,9641599415
46276,Sahil Verma,43,Female,O-,9318018641
46277,Neha Mehta,58,Female,O+,9657368504
46278,Priya Gupta,37,Male,O-,9549417597
46279,Pooja Sharma,47,Female,AB+,9444352728
46280,Kavya Reddy,46,Female,A-,9629564780
46281,Pooja Kapoor,43,Female,A+,9451869690
46282,Arjun Gupta,25,Female,A-,9468195675
46283,Rahul Patel,49,Male,A+,9873458605
46284,Aman Verma,37,Male,B-,9774831953
46285,Neha Mehta,46,Male,A-,9295372543
46286,Divya Verma,42,Male,B-,9689618962
46287,Priya Patel,23,Female,O-,9359737192
46288,Aditya Kapoor,43,Male,AB+,9518914918
46289,Anjali Sharma,60,Male,A-,9511168060
46290,Rohan Gupta,29,Female,A-,9209179426
46291,Karan Kapoor,23,Female,B+,9504640106
46292,Karan Singh,49,Male,B-,9330772598
46293,Rahul Gupta,24,Male,O-,9981432440
46294,Divya Gupta,50,Male,A-,9775326735
46295,Riya Gupta,30,Female,O+,9886608986
46296,Kavya Sharma,57,Female,A-,9164656065
46297,Sahil Patel,33,Female,B-,9382080195
46298,Aditya Patel,30,Male,A+,9998773189
46299,Rohan Sharma,20,Male,O-,9260025026
46300,Sahil Reddy,28,Female,O+,9726334533
46301,Priya Mehta,37,Female,A-,9973487477
46302,Sahil Reddy,48,Male,B-,9721738270
46303,Pooja Patel,48,Male,B+,9386833309
46304,Sahil Kapoor,18,Female,B+,9247697873
46305,Divya Verma,28,Male,A+,9502059305
46306,Neha Singh,32,Male,O-,9357820951
46307,Vikram Singh,44,Female,O-,9797724882
46308,Priya Gupta,22,Female,B+,9201567967
46309,Sahil Sharma,39,Female,AB-,9993386100
46310,Pooja Verma,52,Male,B+,9810884718
46311,Priya Reddy,30,Female,O+,9620185051
46312,Pooja Verma,23,Female,AB+,9998678298
46313,Rohan Sharma,32,Female,A-,9195534498
46314,Divya Reddy,56,Male,AB-,9649801956
46315,Arjun Patel,23,Female,O+,9471631502
46316,Divya Gupta,44,Male,AB-,9224049985
46317,Aman Singh,30,Male,A-,9131085083
46318,Rohan Sharma,58,Female,A-,9813894027
46319,Sneha Singh,54,Female,O-,9532249974
46320,Neha Sharma,31,Male,A+,9404748387
46321,Arjun Patel,24,Female,O-,9205022324
46322,Rahul Sharma,37,Female,B-,9424814747
46323,Neha Reddy,55,Male,A-,9945993164
46324,Divya Sharma,23,Male,AB-,9971363330
46325,Sneha Verma,55,Female,B-,9141158391
46326,Kavya Sharma,59,Male,B-,9662620063
46327,Arjun Gupta,46,Female,AB-,9746932361
46328,Riya Kapoor,41,Female,B-,9371684291
46329,Aman Patel,51,Female,O-,9527986500
46330,Rohan Patel,25,Female,B+,9808966037
46331,Sneha Reddy,52,Female,B+,9752812390
46332,Aditya Reddy,57,Female,AB-,9421202116
46333,Kavya Verma,57,Female,A-,9653508022
46334,Neha Reddy,38,Male,AB-,9146186819
46335,Pooja Verma,27,Male,O-,9274575366
46336,Priya Singh,25,Female,AB+,9748928047
46337,Karan Singh,56,Male,A+,9570281066
46338,Kavya Verma,46,Male,O+,9482270516
46339,Rohan Patel,59,Male,AB+,9524489598
46340,Sahil Kapoor,31,Male,AB-,9517612932
46341,Sahil Sharma,19,Female,O+,9221190820
46342,Vikram Reddy,32,Female,AB-,9712257227
46343,Rahul Mehta,40,Female,AB-,9485854831
46344,Pooja Singh,31,Female,O+,9281735889
46345,Riya Sharma,40,Male,A-,9586871098
46346,Kavya Verma,58,Male,O+,9217123239
46347,Rohan Gupta,38,Female,AB-,9235027746
46348,Sneha Verma,30,Female,O+,9677017301
46349,Karan Singh,25,Male,AB+,9333246191
46350,Divya Mehta,52,Male,B-,9505243330
46351,Pooja Singh,56,Male,AB+,9830749959
46352,Riya Reddy,51,Male,A-,9669696881
46353,Vikram Mehta,41,Female,B-,9577599813
46354,Aman Sharma,41,Female,AB-,9927567404
46355,Riya Kapoor,33,Female,B+,9464357786
46356,Sahil Reddy,34,Male,O-,9100822350
46357,Rohan Kapoor,49,Male,AB+,9364592702
46358,Neha Verma,40,Female,B-,9584785909
46359,Riya Sharma,51,Female,AB-,9166825162
46360,Divya Mehta,50,Male,O+,9499920932
46361,Priya Mehta,42,Male,A-,9722255359
46362,Pooja Singh,51,Male,O-,9367289992
46363,Vikram Patel,47,Male,O-,9330894056
46364,Pooja Patel,37,Male,O-,9286325991
46365,Rohan Singh,58,Female,A+,9211450064
46366,Arjun Kapoor,47,Male,AB-,9627732016
46367,Karan Singh,46,Female,O-,9971448550
46368,Sahil Gupta,19,Male,A-,9283256418
46369,Riya Gupta,55,Female,O-,9765340524
46370,Rohan Verma,42,Male,B-,9600916153
46371,Sahil Patel,40,Female,A+,9124551591
46372,Riya Singh,26,Male,O+,9264563864
46373,Neha Singh,48,Male,O+,9620169598
46374,Rohan Patel,40,Female,A+,9824557332
46375,Sneha Patel,38,Female,B-,9647660800
46376,Priya Kapoor,24,Male,B-,9548293445
46377,Priya Patel,42,Female,A-,9927251797
46378,Aditya Verma,47,Female,AB-,9568556326
46379,Arjun Kapoor,22,Female,O-,9670033031
46380,Aman Patel,34,Female,B+,9559444757
46381,Vikram Gupta,26,Female,AB+,9328293200
46382,Priya Verma,40,Male,AB+,9478024221
46383,Rohan Verma,42,Male,B+,9480362181
46384,Karan Verma,27,Female,O-,9586642798
46385,Aditya Patel,50,Male,O-,9367139994
46386,Riya Patel,33,Female,A-,9887721875
46387,Aditya Kapoor,35,Female,O+,9802969577
46388,Anjali Reddy,20,Male,A+,9916588633
46389,Sneha Kapoor,28,Female,O+,9518177958
46390,Aditya Patel,57,Male,AB-,9759257390
46391,Anjali Singh,48,Female,B+,9241875609
46392,Rahul Sharma,52,Male,A-,9519929172
46393,Divya Patel,39,Female,A-,9550580678
46394,Anjali Verma,30,Female,B-,9761510883
46395,Riya Patel,51,Female,AB+,9606164397
46396,Kavya Reddy,41,Male,B+,9855696369
46397,Neha Sharma,58,Male,B-,9341408616
46398,Divya Singh,49,Male,AB+,9152811885
46399,Pooja Reddy,30,Male,AB-,9596207607
46400,Aman Singh,47,Female,O-,9102112465
46401,Riya Sharma,46,Female,B-,9962419077
46402,Aman Gupta,39,Male,A-,9833972216
46403,Rohan Mehta,23,Male,B-,9315409981
46404,Divya Patel,51,Female,O-,9147473789
46405,Sahil Verma,58,Male,B-,9473601952
46406,Priya Patel,48,Male,A-,9924754722
46407,Arjun Mehta,33,Female,O-,9503225043
46408,Rahul Sharma,35,Female,O-,9732573484
46409,Kavya Reddy,23,Male,O+,9479179646
46410,Aman Gupta,25,Female,AB+,9982742596
46411,Rahul Gupta,24,Female,O-,9272329456
46412,Karan Kapoor,44,Female,AB-,9333530560
46413,Rahul Mehta,49,Female,A-,9756529949
46414,Rohan Mehta,18,Female,B-,9635308602
46415,Neha Singh,44,Female,AB-,9769043392
46416,Divya Reddy,18,Female,B+,9810374248
46417,Priya Kapoor,36,Male,AB+,9216611004
46418,Vikram Sharma,30,Female,AB-,9143616095
46419,Sahil Verma,31,Male,AB-,9523572048
46420,Riya Mehta,42,Female,AB+,9456483527
46421,Rahul Kapoor,55,Female,O+,9503303939
46422,Priya Singh,36,Female,A-,9244708924
46423,Divya Kapoor,20,Female,O+,9154152394
46424,Rohan Mehta,35,Male,AB+,9922337368
46425,Vikram Singh,27,Male,O-,9719807681
46426,Kavya Singh,20,Male,A-,9334012328
46427,Pooja Sharma,55,Female,O-,9942441807
46428,Pooja Sharma,29,Male,O+,9467140774
46429,Sneha Mehta,58,Female,AB-,9283140119
46430,Riya Gupta,25,Female,B+,9513632468
46431,Riya Verma,48,Male,A-,9741280610
46432,Pooja Sharma,58,Female,O-,9132273043
46433,Aditya Kapoor,38,Female,B+,9896537108
46434,Sneha Singh,22,Male,B-,9274890545
46435,Kavya Mehta,29,Male,B-,9417655169
46436,Anjali Singh,45,Female,O+,9928637141
46437,Vikram Kapoor,46,Male,AB-,9883002565
46438,Rahul Patel,35,Female,A-,9752235281
46439,Vikram Gupta,50,Male,B-,9359766521
46440,Karan Singh,56,Female,AB-,9544656596
46441,Karan Gupta,27,Male,B+,9711407878
46442,Anjali Patel,43,Female,AB+,9849437142
46443,Aditya Reddy,60,Female,AB+,9124465615
46444,Kavya Verma,23,Female,AB-,9403809939
46445,Aditya Kapoor,46,Female,O+,9752262337
46446,Kavya Sharma,46,Male,A+,9550231168
46447,Anjali Gupta,58,Female,AB-,9889634028
46448,Arjun Sharma,47,Male,O-,9952465866
46449,Aman Kapoor,52,Male,AB-,9166725050
46450,Divya Reddy,34,Female,O-,9965467384
46451,Anjali Singh,53,Male,A-,9694054057
46452,Arjun Singh,41,Male,B+,9575610538
46453,Aditya Verma,47,Female,AB-,9796438738
46454,Rohan Singh,23,Male,AB+,9619231296
46455,Arjun Reddy,22,Male,A-,9664277298
46456,Karan Patel,53,Male,A+,9353050205
46457,Anjali Singh,50,Male,A-,9308307922
46458,Kavya Patel,46,Female,AB-,9449028851
46459,Vikram Singh,23,Male,B-,9548188983
46460,Neha Reddy,29,Male,O+,9562204013
46461,Vikram Sharma,39,Male,AB+,9208320110
46462,Kavya Gupta,29,Male,A-,9330506651
46463,Sahil Mehta,21,Male,B-,9130860629
46464,Kavya Sharma,25,Female,A-,9749678766
46465,Aditya Verma,44,Female,O+,9804623276
46466,Anjali Kapoor,43,Female,B+,9983599256
46467,Kavya Reddy,42,Female,O-,9526150495
46468,Pooja Mehta,25,Female,A+,9934020033
46469,Kavya Sharma,21,Male,A-,9394717607
46470,Pooja Sharma,48,Female,AB+,9603687139
46471,Neha Reddy,23,Female,O-,9685736472
46472,Aman Kapoor,36,Female,A-,9722915505
46473,Neha Verma,20,Female,O+,9213814231
46474,Pooja Gupta,33,Female,O-,9469804622
46475,Vikram Reddy,33,Female,A+,9800103421
46476,Anjali Kapoor,18,Male,AB+,9785379142
46477,Priya Patel,20,Male,O-,9608236634
46478,Sahil Gupta,51,Female,AB-,9566612769
46479,Sneha Verma,35,Female,B-,9101235328
46480,Arjun Verma,37,Male,AB+,9440228510
46481,Karan Reddy,36,Female,AB-,9565906794
46482,Divya Sharma,48,Female,O+,9487796264
46483,Pooja Kapoor,60,Male,O+,9443745365
46484,Kavya Singh,25,Female,AB+,9698713629
46485,Neha Kapoor,43,Female,B+,9819514279
46486,Kavya Sharma,53,Female,A+,9373623956
46487,Neha Gupta,58,Male,B+,9351144208
46488,Rahul Sharma,36,Female,B+,9679044254
46489,Kavya Gupta,27,Female,AB+,9964528030
46490,Divya Mehta,31,Female,B-,9409418548
46491,Vikram Reddy,32,Male,B-,9896598442
46492,Aditya Gupta,20,Female,A+,9381216839
46493,Neha Singh,49,Female,B+,9774648130
46494,Aditya Patel,38,Female,B-,9553323806
46495,Kavya Sharma,31,Male,O-,9613837959
46496,Riya Sharma,58,Male,B+,9957094360
46497,Neha Mehta,25,Female,B-,9672469825
46498,Arjun Verma,56,Female,B+,9454812524
46499,Sneha Mehta,57,Female,O+,9486706340
46500,Riya Reddy,57,Female,B+,9137935560
46501,Sahil Kapoor,48,Female,O-,9552383114
46502,Priya Sharma,50,Male,O-,9458287331
46503,Arjun Mehta,26,Female,O+,9983207938
46504,Vikram Mehta,59,Male,O+,9192219771
46505,Karan Verma,46,Female,B+,9449106164
46506,Sneha Gupta,36,Female,A-,9396171570
46507,Kavya Mehta,44,Male,O-,9772089393
46508,Sahil Singh,37,Female,O-,9494837508
46509,Divya Reddy,52,Female,O-,9924396811
46510,Priya Verma,41,Male,A-,9932455834
46511,Priya Gupta,43,Female,B-,9797682953
46512,Aman Singh,39,Male,O+,9555992252
46513,Priya Mehta,22,Male,AB+,9710091383
46514,Vikram Kapoor,36,Female,B+,9121507999
46515,Rahul Gupta,41,Male,B+,9177096608
46516,Kavya Mehta,22,Male,AB-,9369312508
46517,Aman Mehta,20,Female,B+,9113705209
46518,Aman Gupta,46,Female,A-,9178920979
46519,Sahil Kapoor,51,Female,B-,9620003184
46520,Kavya Mehta,27,Male,B+,9312534309
46521,Sahil Singh,50,Male,O-,9494461622
46522,Anjali Kapoor,58,Female,A+,9719903319
46523,Aditya Kapoor,47,Male,O+,9607731097
46524,Sneha Sharma,39,Female,B+,9200653739
46525,Rahul Verma,24,Female,AB-,9474367797
46526,Neha Reddy,59,Female,AB+,9968141890
46527,Divya Patel,43,Male,A-,9644350257
46528,Priya Patel,56,Male,O+,9282288774
46529,Divya Mehta,26,Female,B+,9260184206
46530,Pooja Gupta,27,Male,A+,9724181080
46531,Sneha Verma,58,Male,B-,9531784600
46532,Aditya Sharma,36,Male,B-,9297450221
46533,Aman Gupta,20,Male,B+,9750011299
46534,Neha Verma,37,Female,A+,9656135667
46535,Sneha Kapoor,33,Male,B+,9964046371
46536,Neha Verma,26,Female,B+,9878891751
46537,Arjun Sharma,26,Female,O-,9237967548
46538,Aman Mehta,42,Male,AB+,9404438150
46539,Neha Kapoor,47,Male,AB-,9200052944
46540,Sahil Gupta,22,Female,AB-,9688640387
46541,Sahil Verma,58,Female,O+,9704656808
46542,Rohan Gupta,37,Female,AB+,9787180459
46543,Neha Singh,58,Female,O+,9941731281
46544,Sahil Gupta,29,Male,A-,9709149030
46545,Aditya Verma,25,Male,A+,9438788440
46546,Riya Singh,45,Female,B-,9208770018
46547,Arjun Mehta,48,Female,A-,9116276307
46548,Sahil Kapoor,46,Male,AB-,9918707016
46549,Kavya Gupta,59,Male,O+,9308658505
46550,Divya Reddy,29,Male,O-,9284453996
46551,Divya Reddy,53,Female,AB-,9762173458
46552,Kavya Kapoor,31,Female,B+,9555949667
46553,Aman Singh,60,Male,B+,9856083124
46554,Kavya Patel,23,Male,AB-,9583308919
46555,Karan Mehta,51,Female,AB-,9225680493
46556,Anjali Verma,58,Female,AB+,9573284246
46557,Riya Mehta,22,Male,A+,9769034690
46558,Rahul Mehta,22,Male,AB+,9993152467
46559,Priya Kapoor,46,Male,O+,9842362459
46560,Sahil Gupta,42,Female,B+,9102863810
46561,Anjali Patel,36,Female,O-,9561834937
46562,Arjun Verma,30,Male,AB+,9647928416
46563,Neha Mehta,23,Female,B+,9746510639
46564,Rahul Kapoor,58,Male,AB+,9812607755
46565,Aditya Singh,46,Male,B+,9989443026
46566,Pooja Patel,21,Female,AB-,9941804229
46567,Neha Reddy,59,Female,AB-,9777627361
46568,Arjun Reddy,25,Female,A+,9342639414
46569,Arjun Mehta,46,Male,A-,9874253955
46570,Sahil Verma,27,Female,O+,9394438440
46571,Rahul Reddy,19,Male,A+,9784510062
46572,Rahul Sharma,19,Female,B-,9621927248
46573,Priya Kapoor,38,Female,O+,9266899059
46574,Karan Kapoor,22,Female,B+,9476923850
46575,Pooja Sharma,24,Male,AB-,9417074243
46576,Kavya Singh,49,Male,AB-,9603575401
46577,Karan Gupta,49,Female,A-,9377323875
46578,Pooja Singh,35,Female,O+,9526068755
46579,Aman Verma,48,Male,O+,9155617252
46580,Aman Verma,43,Female,A+,9239875650
46581,Divya Singh,42,Female,AB+,9590337989
46582,Sahil Sharma,28,Female,B+,9337559375
46583,Aman Verma,19,Female,A+,9469821754
46584,Pooja Singh,40,Female,O-,9810721670
46585,Anjali Patel,30,Female,AB+,9880971724
46586,Sahil Patel,45,Male,A-,9373486401
46587,Kavya Gupta,52,Male,B+,9787831341
46588,Pooja Gupta,58,Male,AB+,9298596598
46589,Riya Gupta,46,Male,A-,9295290151
46590,Rohan Sharma,27,Female,B+,9913060575
46591,Neha Sharma,18,Female,O+,9106684305
46592,Aditya Kapoor,58,Female,B-,9100850074
46593,Karan Gupta,18,Female,A+,9848402118
46594,Aditya Verma,26,Female,A+,9791525402
46595,Arjun Reddy,30,Female,O+,9952113053
46596,Sahil Gupta,54,Female,A-,9614196695
46597,Rohan Gupta,57,Female,O-,9868157593
46598,Sahil Sharma,37,Male,A+,9746298027
46599,Sneha Verma,21,Female,AB+,9930378112
46600,Aditya Sharma,58,Male,A+,9333108255
46601,Rohan Verma,44,Female,O+,9858376145
46602,Vikram Gupta,48,Male,B-,9447930808
46603,Sahil Singh,29,Male,AB-,9241310091
46604,Karan Reddy,34,Male,B-,9470488909
46605,Divya Mehta,26,Male,O+,9381936077
46606,Kavya Patel,23,Female,AB+,9239138304
46607,Rohan Singh,18,Male,O+,9967986761
46608,Karan Gupta,42,Male,AB-,9151631406
46609,Rohan Verma,29,Male,AB+,9809223840
46610,Divya Kapoor,43,Male,B-,9685737932
46611,Riya Verma,28,Female,A+,9177535560
46612,Divya Singh,37,Female,O+,9383547397
46613,Neha Singh,48,Male,O-,9465884729
46614,Vikram Mehta,37,Female,B+,9610887219
46615,Priya Reddy,25,Female,B-,9581965402
46616,Arjun Singh,45,Male,B+,9247415974
46617,Riya Mehta,31,Male,AB+,9960646589
46618,Pooja Singh,39,Female,B+,9311050489
46619,Anjali Mehta,22,Female,AB-,9490100297
46620,Rohan Verma,41,Male,A+,9149194808
46621,Sahil Verma,41,Male,A+,9245009270
46622,Aman Verma,45,Female,A+,9451378491
46623,Karan Sharma,31,Female,A+,9281724423
46624,Aman Verma,55,Female,AB+,9667673330
46625,Priya Singh,42,Male,O+,9994217062
46626,Pooja Singh,40,Male,A+,9277128330
46627,Sahil Kapoor,40,Female,AB-,9995859299
46628,Rahul Verma,53,Male,B-,9906803475
46629,Aman Kapoor,34,Male,O-,9920751596
46630,Priya Patel,43,Female,B-,9190912776
46631,Aman Sharma,34,Male,O-,9776405148
46632,Pooja Verma,43,Female,B+,9411864671
46633,Rohan Verma,27,Male,O+,9194458092
46634,Kavya Singh,49,Male,AB+,9926163903
46635,Divya Mehta,56,Female,B+,9491492362
46636,Sahil Sharma,49,Male,B-,9621678600
46637,Sneha Sharma,52,Female,AB-,9276869077
46638,Rohan Mehta,25,Male,AB-,9408823194
46639,Vikram Sharma,19,Female,A-,9405331898
46640,Sahil Reddy,34,Male,B-,9573262849
46641,Priya Patel,41,Female,AB-,9691552413
46642,Aditya Kapoor,58,Female,A-,9426444668
46643,Riya Reddy,43,Female,AB+,9176250342
46644,Karan Kapoor,50,Female,B-,9963864961
46645,Riya Verma,43,Female,O+,9920771589
46646,Pooja Kapoor,23,Female,AB+,9776710826
46647,Aman Gupta,49,Male,A+,9715544917
46648,Pooja Singh,50,Male,B+,9964844448
46649,Divya Gupta,39,Female,AB-,9289352686
46650,Aman Gupta,52,Female,B-,9176115943
46651,Riya Kapoor,60,Female,O-,9950165773
46652,Aditya Kapoor,25,Female,B-,9189545263
46653,Aditya Mehta,45,Male,AB-,9258385318
46654,Arjun Kapoor,57,Female,B-,9222504784
46655,Aditya Mehta,25,Male,AB+,9842645390
46656,Karan Singh,24,Male,O+,9481966244
46657,Neha Patel,41,Male,A+,9465203619
46658,Divya Mehta,50,Female,O+,9981210983
46659,Rahul Gupta,18,Male,B-,9424322811
46660,Arjun Reddy,32,Male,O-,9844839925
46661,Sneha Gupta,34,Female,A-,9417668130
46662,Neha Sharma,56,Male,O+,9364923453
46663,Rahul Reddy,21,Female,AB-,9918313299
46664,Riya Sharma,59,Female,O-,9173239525
46665,Anjali Verma,43,Female,B-,9988994904
46666,Aditya Sharma,24,Female,AB+,9694301975
46667,Riya Sharma,26,Male,B-,9446468980
46668,Sahil Reddy,30,Female,A-,9664866412
46669,Anjali Mehta,60,Female,B+,9631298910
46670,Rohan Verma,59,Female,B+,9861631762
46671,Pooja Mehta,52,Male,B+,9178537265
46672,Divya Singh,29,Male,A-,9217612445
46673,Vikram Singh,53,Female,A-,9244387410
46674,Divya Patel,38,Female,AB+,9720521248
46675,Aditya Patel,31,Female,B+,9158827345
46676,Neha Gupta,32,Female,O+,9383452710
46677,Vikram Mehta,35,Male,B-,9674174508
46678,Rahul Verma,53,Male,O+,9486104939
46679,Riya Kapoor,51,Male,AB-,9480769846
46680,Karan Verma,33,Female,AB+,9588399707
46681,Sahil Reddy,22,Female,A-,9312293795
46682,Aman Verma,37,Male,A+,9569844537
46683,Rahul Verma,53,Male,O-,9754508654
46684,Priya Kapoor,30,Female,AB+,9771140280
46685,Riya Mehta,19,Female,B-,9471608354
46686,Riya Gupta,56,Male,B+,9397888330
46687,Aditya Gupta,56,Female,B+,9343168045
46688,Karan Kapoor,46,Female,O-,9801710954
46689,Kavya Reddy,36,Female,O-,9250652351
46690,Pooja Gupta,59,Male,A-,9781037156
46691,Kavya Singh,48,Female,O-,9319385074
46692,Aman Singh,30,Female,AB+,9518545045
46693,Rahul Gupta,59,Male,B+,9783508076
46694,Aman Mehta,39,Female,AB+,9707878814
46695,Riya Patel,19,Female,AB+,9955468780
46696,Divya Patel,52,Male,AB+,9636962779
46697,Anjali Reddy,46,Male,A-,9326636596
46698,Karan Reddy,18,Female,A-,9863769220
46699,Pooja Patel,24,Female,B+,9787911102
46700,Pooja Gupta,42,Female,O+,9826398986
46701,Priya Singh,48,Male,O+,9496031025
46702,Sneha Reddy,39,Male,A+,9726524934
46703,Anjali Patel,24,Female,A-,9813192782
46704,Sneha Reddy,57,Female,AB+,9157787733
46705,Kavya Sharma,50,Female,B-,9220124079
46706,Rohan Reddy,19,Female,A+,9165377993
46707,Kavya Verma,58,Male,B+,9427190220
46708,Neha Reddy,53,Male,AB+,9935604865
46709,Pooja Reddy,28,Male,A+,9292449161
46710,Rohan Kapoor,25,Male,O+,9648697122
46711,Pooja Verma,36,Female,A-,9569511703
46712,Neha Mehta,32,Male,B-,9442667108
46713,Rahul Sharma,60,Female,B-,9552901847
46714,Rahul Singh,29,Female,AB-,9500888669
46715,Arjun Singh,18,Male,O-,9145311754
46716,Anjali Mehta,18,Female,AB-,9794399561
46717,Neha Patel,40,Female,A-,9533234174
46718,Kavya Patel,57,Female,O+,9146536208
46719,Anjali Patel,42,Male,AB-,9251352907
46720,Anjali Gupta,18,Male,AB-,9446979207
46721,Kavya Sharma,59,Female,A+,9905547479
46722,Rohan Sharma,31,Female,O-,9341768042
46723,Sahil Singh,57,Male,B+,9860099609
46724,Arjun Gupta,29,Female,A-,9742558522
46725,Aditya Patel,49,Male,AB+,9358952119
46726,Aditya Reddy,33,Female,A+,9286845091
46727,Priya Gupta,60,Male,O+,9420051170
46728,Kavya Kapoor,50,Female,A-,9423733385
46729,Aman Reddy,37,Female,AB+,9716398032
46730,Pooja Reddy,52,Male,O-,9638520678
46731,Rahul Kapoor,34,Male,B+,9328182153
46732,Rahul Patel,60,Female,O+,9420569230
46733,Kavya Reddy,52,Male,B-,9686047541
46734,Priya Singh,43,Male,A-,9798472342
46735,Karan Mehta,22,Male,AB-,9741448204
46736,Kavya Singh,23,Female,A+,9285634888
46737,Aditya Sharma,33,Male,AB-,9138333335
46738,Kavya Sharma,48,Male,B+,9701423423
46739,Anjali Sharma,41,Female,A-,9800507129
46740,Anjali Patel,44,Female,O-,9544178499
46741,Aditya Sharma,47,Male,O+,9824242676
46742,Anjali Sharma,44,Male,B-,9476162614
46743,Sneha Singh,34,Female,A+,9806473146
46744,Aman Patel,35,Female,B-,9318470726
46745,Vikram Mehta,36,Male,B-,9338535184
46746,Aditya Kapoor,55,Male,AB+,9623801709
46747,Arjun Mehta,39,Male,AB+,9838828397
46748,Sahil Reddy,18,Female,A-,9113610610
46749,Vikram Patel,22,Male,O+,9966741502
46750,Aman Verma,20,Male,O+,9288210821
46751,Karan Reddy,39,Male,A-,9137858410
46752,Aman Mehta,30,Female,A-,9800561896
46753,Kavya Singh,56,Male,O-,9712883341
46754,Pooja Gupta,57,Male,AB+,9511826231
46755,Priya Mehta,27,Female,O+,9656074268
46756,Aditya Singh,41,Male,A-,9161737918
46757,Divya Mehta,27,Female,B+,9297985321
46758,Anjali Sharma,36,Male,B+,9245090438
46759,Priya Reddy,45,Female,O+,9965764904
46760,Rahul Mehta,23,Male,O+,9377242378
46761,Anjali Kapoor,49,Female,B+,9589002474
46762,Vikram Gupta,41,Female,A+,9663250926
46763,Sneha Gupta,53,Female,A-,9163981703
46764,Arjun Gupta,24,Female,B-,9609891493
46765,Arjun Gupta,30,Male,B-,9195779724
46766,Priya Reddy,46,Female,B-,9541350048
46767,Divya Gupta,23,Female,O+,9510543422
46768,Aditya Reddy,32,Male,AB+,9592005540
46769,Arjun Gupta,60,Female,O-,9347278964
46770,Divya Kapoor,24,Male,A-,9100386361
46771,Aman Reddy,28,Male,O-,9273304053
46772,Arjun Gupta,28,Female,B-,9883785783
46773,Neha Verma,37,Male,O-,9166465102
46774,Vikram Kapoor,38,Male,O-,9585638443
46775,Aman Kapoor,35,Male,A-,9821945468
46776,Priya Singh,29,Female,A+,9251385778
46777,Divya Mehta,60,Female,A+,9473698293
46778,Aman Gupta,35,Female,O+,9948659026
46779,Divya Mehta,51,Male,AB-,9265558420
46780,Vikram Verma,47,Male,A-,9565085522
46781,Rahul Reddy,50,Female,B+,9244825159
46782,Sahil Sharma,46,Male,O-,9772472594
46783,Rohan Sharma,23,Male,B-,9655408618
46784,Neha Patel,39,Female,B-,9343354104
46785,Arjun Reddy,22,Male,O+,9765853213
46786,Aditya Gupta,54,Male,O-,9390512014
46787,Karan Verma,51,Female,AB+,9995538216
46788,Neha Gupta,58,Male,A-,9981867978
46789,Rohan Kapoor,45,Male,B+,9869596479
46790,Neha Singh,41,Male,A+,9596600161
46791,Rahul Sharma,58,Female,AB-,9673875209
46792,Sahil Verma,23,Female,O+,9614912252
46793,Sneha Gupta,18,Female,O-,9751240544
46794,Anjali Sharma,18,Male,AB-,9606370048
46795,Kavya Singh,43,Female,A-,9790845011
46796,Riya Mehta,50,Male,B-,9433560496
46797,Sneha Mehta,22,Male,O+,9308710111
46798,Rahul Sharma,60,Female,B-,9773647425
46799,Rohan Patel,60,Male,A-,9976248258
46800,Aditya Singh,26,Male,A-,9298437216
46801,Priya Gupta,35,Female,AB-,9211621363
46802,Karan Sharma,20,Female,B+,9424933739
46803,Kavya Kapoor,19,Female,A+,9292756529
46804,Neha Singh,57,Male,AB+,9493235519
46805,Anjali Patel,43,Male,B-,9715764982
46806,Sneha Reddy,18,Female,AB-,9979729513
46807,Sneha Patel,53,Male,A+,9154472544
46808,Neha Kapoor,38,Male,A-,9225312273
46809,Rahul Kapoor,53,Male,AB+,9905400955
46810,Pooja Reddy,40,Female,AB-,9700538409
46811,Aditya Patel,22,Male,O-,9927642464
46812,Rohan Reddy,42,Female,B+,9701361220
46813,Aditya Singh,42,Male,A-,9620968130
46814,Sneha Kapoor,28,Male,O+,9942315561
46815,Aman Gupta,22,Male,O-,9359032338
46816,Anjali Patel,30,Male,O-,9562235268
46817,Neha Mehta,52,Male,O+,9902092952
46818,Sahil Singh,57,Female,B+,9973851282
46819,Sneha Sharma,56,Female,A-,9133184076
46820,Rahul Singh,28,Male,B+,9743582168
46821,Pooja Sharma,45,Female,O+,9664891326
46822,Aditya Verma,24,Female,B+,9954576737
46823,Rohan Patel,42,Male,A+,9671240553
46824,Aman Gupta,35,Female,B-,9847501191
46825,Anjali Verma,60,Female,AB-,9979280943
46826,Anjali Reddy,20,Female,AB+,9377492033
46827,Divya Gupta,40,Male,B-,9631846047
46828,Arjun Verma,25,Male,O-,9266585343
46829,Priya Sharma,50,Male,B-,9388328879
46830,Sneha Patel,34,Female,B-,9831542717
46831,Kavya Gupta,56,Female,A+,9815648421
46832,Pooja Patel,31,Female,O-,9989937946
46833,Riya Verma,43,Male,AB-,9754095830
46834,Sahil Reddy,43,Male,O+,9652538051
46835,Pooja Mehta,25,Male,A+,9518808573
46836,Kavya Verma,41,Male,AB-,9191452729
46837,Priya Verma,22,Female,AB-,9161367462
46838,Aman Kapoor,40,Male,A+,9863848800
46839,Kavya Sharma,55,Male,O+,9282708062
46840,Arjun Reddy,43,Female,O+,9746491334
46841,Vikram Sharma,35,Female,B+,9338902662
46842,Aditya Mehta,38,Female,B+,9716110837
46843,Riya Gupta,52,Male,B-,9281289933
46844,Vikram Verma,53,Male,AB+,9629859049
46845,Rahul Gupta,43,Male,AB+,9663761095
46846,Sahil Mehta,50,Male,B-,9650570083
46847,Rohan Mehta,48,Female,A+,9966598763
46848,Riya Sharma,45,Female,A+,9299265415
46849,Pooja Singh,19,Male,A+,9779944131
46850,Anjali Kapoor,49,Female,O+,9669707049
46851,Divya Reddy,25,Male,B+,9594665447
46852,Vikram Sharma,55,Male,AB-,9724971264
46853,Arjun Singh,60,Female,A+,9379459302
46854,Sneha Mehta,36,Female,AB+,9687004650
46855,Sahil Patel,31,Male,O+,9136126349
46856,Anjali Sharma,31,Male,A-,9875591967
46857,Rohan Mehta,27,Male,B-,9829771835
46858,Vikram Kapoor,44,Female,O+,9202449637
46859,Aman Mehta,58,Female,O+,9681497463
46860,Kavya Singh,26,Male,AB+,9422265308
46861,Vikram Reddy,37,Female,B+,9666533063
46862,Sahil Verma,50,Female,A-,9958570289
46863,Anjali Mehta,33,Male,B-,9455303488
46864,Aman Sharma,54,Male,B+,9727584989
46865,Arjun Sharma,28,Female,B+,9325039463
46866,Aman Sharma,19,Female,O-,9886630538
46867,Aman Reddy,42,Female,AB+,9624701717
46868,Vikram Mehta,46,Male,B-,9423289042
46869,Pooja Mehta,45,Male,B-,9855076999
46870,Kavya Verma,40,Male,A+,9975498454
46871,Kavya Sharma,46,Male,B+,9883703817
46872,Rohan Singh,43,Male,O+,9287828765
46873,Priya Reddy,56,Female,O-,9817677233
46874,Arjun Patel,24,Male,O+,9162551823
46875,Aditya Sharma,28,Male,B+,9696113976
46876,Karan Sharma,52,Female,O-,9185729964
46877,Sahil Singh,58,Female,A-,9304751230
46878,Rohan Singh,51,Female,O+,9187130702
46879,Anjali Mehta,43,Female,AB-,9538586068
46880,Aditya Singh,22,Female,AB+,9779686764
46881,Sahil Singh,19,Male,AB+,9161943513
46882,Aditya Patel,53,Female,B-,9295316862
46883,Sneha Reddy,34,Female,O+,9850275291
46884,Priya Mehta,52,Female,O-,9182095071
46885,Neha Mehta,19,Female,O+,9945692170
46886,Pooja Sharma,51,Male,A-,9461305267
46887,Aditya Singh,51,Female,B+,9379411761
46888,Arjun Verma,22,Male,O+,9424394491
46889,Neha Gupta,50,Female,A-,9651043383
46890,Neha Verma,54,Male,O-,9300875384
46891,Rohan Singh,47,Female,A+,9694711120
46892,Karan Patel,46,Female,O+,9687068634
46893,Aman Mehta,26,Female,AB+,9648745080
46894,Priya Patel,51,Male,B+,9312506109
46895,Rahul Sharma,49,Male,AB-,9185274246
46896,Pooja Verma,33,Female,O-,9445053303
46897,Rohan Patel,25,Male,O-,9726583475
46898,Aditya Singh,19,Male,B-,9560868044
46899,Aman Gupta,20,Female,O+,9301668822
46900,Aman Mehta,56,Female,O+,9117013677
46901,Aman Gupta,34,Male,AB-,9198998391
46902,Anjali Reddy,46,Male,AB-,9427950538
46903,Riya Patel,57,Female,AB-,9843433123
46904,Priya Singh,42,Female,O+,9514411928
46905,Anjali Patel,34,Female,B-,9827524409
46906,Riya Sharma,41,Male,AB-,9852531412
46907,Vikram Verma,48,Male,AB-,9741800878
46908,Divya Patel,27,Female,B+,9895497448
46909,Riya Verma,25,Male,O-,9514277224
46910,Arjun Singh,22,Male,AB+,9845875912
46911,Rohan Verma,31,Male,B+,9255201487
46912,Sahil Patel,39,Female,O-,9855659664
46913,Rohan Gupta,40,Male,AB+,9973109509
46914,Sahil Reddy,21,Male,B-,9634472860
46915,Divya Singh,20,Female,AB+,9834833261
46916,Vikram Verma,43,Female,O+,9291985127
46917,Divya Gupta,25,Female,B-,9333710348
46918,Rahul Sharma,22,Male,B+,9813311998
46919,Rahul Kapoor,48,Male,AB-,9790563650
46920,Divya Kapoor,54,Female,O-,9603259833
46921,Anjali Sharma,22,Male,A-,9195298536
46922,Aman Singh,23,Male,B-,9766445883
46923,Priya Reddy,37,Male,A-,9217343582
46924,Divya Reddy,25,Male,O-,9163175870
46925,Pooja Mehta,51,Male,AB-,9447171531
46926,Vikram Gupta,32,Female,B-,9604133217
46927,Sahil Kapoor,48,Female,A-,9841339846
46928,Priya Gupta,29,Female,AB+,9559991210
46929,Anjali Reddy,50,Female,AB+,9290497884
46930,Arjun Sharma,24,Female,O+,9777692481
46931,Rahul Mehta,51,Female,AB+,9821951070
46932,Rahul Reddy,33,Male,O+,9740891208
46933,Aman Kapoor,42,Female,A+,9552591416
46934,Sahil Gupta,58,Male,A+,9274512015
46935,Sahil Gupta,51,Female,O-,9771851624
46936,Divya Sharma,36,Female,O+,9949903080
46937,Vikram Kapoor,52,Female,AB-,9952769248
46938,Sneha Kapoor,22,Female,AB+,9225325261
46939,Aditya Mehta,50,Female,O+,9522255416
46940,Pooja Singh,56,Female,AB-,9415589420
46941,Neha Mehta,60,Female,A-,9799721640
46942,Priya Patel,21,Male,O+,9149962879
46943,Aditya Mehta,31,Female,AB+,9610881446
46944,Sahil Patel,19,Female,B-,9914316067
46945,Priya Verma,42,Male,AB+,9448546129
46946,Aman Gupta,60,Female,A+,9465059647
46947,Riya Kapoor,59,Female,B+,9827968273
46948,Pooja Mehta,38,Female,A-,9592860070
46949,Rohan Mehta,25,Male,A+,9787231506
46950,Priya Kapoor,46,Male,AB-,9375650641
46951,Priya Singh,57,Male,AB+,9322090242
46952,Anjali Mehta,37,Female,O+,9555673938
46953,Karan Verma,53,Female,A+,9799392475
46954,Rohan Reddy,20,Male,B+,9712255132
46955,Karan Mehta,42,Female,AB+,9379315008
46956,Pooja Mehta,60,Male,B+,9799272580
46957,Sneha Sharma,43,Male,B-,9579404601
46958,Anjali Reddy,31,Female,O+,9607670723
46959,Sneha Kapoor,53,Male,A-,9622311180
46960,Arjun Sharma,53,Female,O-,9819508957
46961,Aman Kapoor,48,Female,A+,9502063807
46962,Sahil Sharma,54,Male,A-,9737508231
46963,Arjun Gupta,40,Male,O+,9272349259
46964,Pooja Patel,18,Male,B-,9594227655
46965,Pooja Gupta,51,Male,A+,9387102642
46966,Sahil Gupta,41,Male,B-,9587131152
46967,Vikram Kapoor,49,Male,A-,9139391443
46968,Vikram Kapoor,42,Female,B+,9565234044
46969,Aman Patel,49,Female,O+,9449218085
46970,Aditya Singh,39,Female,AB-,9453438168
46971,Divya Patel,24,Female,O-,9696587593
46972,Karan Gupta,29,Male,B+,9844717013
46973,Vikram Mehta,38,Male,B+,9568441247
46974,Kavya Reddy,51,Female,O+,9606701324
46975,Riya Gupta,28,Male,A+,9450716814
46976,Divya Patel,43,Female,AB+,9915945296
46977,Aman Mehta,23,Female,AB+,9732339477
46978,Aditya Reddy,24,Male,O-,9438590606
46979,Sneha Patel,46,Male,AB-,9165300516
46980,Kavya Verma,59,Female,A-,9553155222
46981,Kavya Patel,45,Female,B-,9611755126
46982,Aditya Gupta,42,Male,A+,9663941819
46983,Sneha Kapoor,45,Female,A-,9400486880
46984,Anjali Patel,39,Male,AB-,9700274579
46985,Pooja Patel,24,Male,B-,9364963148
46986,Pooja Kapoor,35,Female,AB-,9794173528
46987,Aditya Reddy,26,Male,B-,9164579797
46988,Neha Verma,38,Male,B+,9542065423
46989,Rohan Mehta,50,Male,AB+,9792638521
46990,Rohan Gupta,40,Female,AB-,9210772117
46991,Anjali Gupta,30,Male,O+,9223213309
46992,Sahil Patel,54,Male,B+,9571200157
46993,Arjun Verma,28,Female,B-,9447249971
46994,Kavya Verma,25,Female,AB-,9576847668
46995,Pooja Verma,54,Female,O-,9412824281
46996,Sneha Sharma,50,Female,A-,9616474314
46997,Arjun Sharma,53,Female,AB+,9267628028
46998,Priya Sharma,59,Female,AB+,9991568181
46999,Sahil Singh,24,Male,O-,9680369510
47000,Arjun Verma,20,Male,B-,9984366585
47001,Rohan Gupta,20,Female,B-,9948363334
47002,Kavya Sharma,39,Male,AB-,9734647097
47003,Divya Kapoor,22,Male,AB-,9363402437
47004,Arjun Verma,24,Female,A-,9240931937
47005,Divya Patel,33,Female,O-,9409184668
47006,Riya Sharma,21,Female,A-,9698815332
47007,Anjali Kapoor,41,Male,AB-,9342642340
47008,Divya Gupta,50,Male,O-,9212833441
47009,Pooja Patel,33,Female,AB-,9197571440
47010,Riya Singh,30,Female,A-,9851214561
47011,Aman Gupta,48,Male,O+,9710044068
47012,Aditya Singh,25,Female,AB-,9187391839
47013,Vikram Reddy,49,Female,B+,9256564429
47014,Arjun Singh,41,Male,AB-,9867660958
47015,Vikram Reddy,57,Male,B+,9774373703
47016,Sahil Gupta,26,Male,O+,9821854976
47017,Arjun Singh,39,Male,A-,9592703425
47018,Pooja Mehta,47,Male,B-,9537426677
47019,Vikram Gupta,40,Male,O+,9700604828
47020,Pooja Sharma,55,Male,A+,9892472271
47021,Rahul Gupta,50,Male,B+,9463772092
47022,Karan Kapoor,21,Female,B-,9301276732
47023,Arjun Gupta,36,Male,A+,9754039003
47024,Arjun Gupta,22,Female,A-,9920006941
47025,Pooja Sharma,37,Female,AB+,9114713428
47026,Priya Verma,59,Male,A-,9121573297
47027,Sahil Reddy,21,Female,B+,9654932472
47028,Rohan Sharma,55,Female,AB-,9371447882
47029,Rohan Singh,53,Female,A-,9703450511
47030,Divya Reddy,50,Female,AB+,9302149833
47031,Arjun Kapoor,30,Female,B+,9511865868
47032,Anjali Singh,22,Female,AB+,9306963141
47033,Aman Sharma,46,Male,B+,9843196372
47034,Aditya Verma,52,Female,B+,9998398527
47035,Vikram Mehta,49,Male,AB+,9744904926
47036,Sahil Kapoor,23,Male,A-,9102362434
47037,Priya Gupta,50,Female,O+,9784973836
47038,Aman Verma,25,Male,O+,9333864252
47039,Riya Patel,29,Female,B-,9925974608
47040,Rohan Patel,60,Male,AB-,9934858877
47041,Aditya Singh,28,Female,B+,9871880983
47042,Arjun Patel,48,Female,AB-,9225987085
47043,Arjun Gupta,24,Female,A-,9763094029
47044,Sahil Sharma,42,Female,O+,9647886875
47045,Sneha Singh,54,Male,A+,9400600772
47046,Rahul Verma,44,Female,O-,9553618490
47047,Karan Verma,27,Male,A+,9161434996
47048,Anjali Singh,26,Male,O-,9558610670
47049,Kavya Gupta,35,Female,B+,9503658993
47050,Vikram Mehta,25,Male,AB-,9819945743
47051,Anjali Sharma,46,Female,B+,9405704232
47052,Rahul Mehta,54,Female,A-,9293484366
47053,Karan Verma,50,Female,AB+,9389189406
47054,Karan Singh,21,Female,AB+,9649127272
47055,Priya Gupta,48,Male,O+,9794543489
47056,Rahul Patel,34,Male,A-,9534594503
47057,Rohan Kapoor,45,Female,O+,9347571514
47058,Riya Gupta,39,Female,B+,9578822812
47059,Pooja Gupta,34,Female,A-,9920587071
47060,Rohan Kapoor,48,Male,B-,9979630204
47061,Divya Mehta,50,Female,B-,9590918197
47062,Aditya Sharma,53,Male,A+,9992726284
47063,Vikram Patel,33,Male,B+,9997799645
47064,Kavya Patel,33,Female,O+,9169225808
47065,Rohan Sharma,42,Female,AB+,9796936140
47066,Priya Singh,22,Female,O-,9232056157
47067,Aman Reddy,48,Female,AB-,9177609645
47068,Rohan Singh,50,Female,A-,9634375209
47069,Vikram Reddy,27,Male,O+,9178874062
47070,Anjali Kapoor,21,Female,AB+,9338617061
47071,Anjali Singh,41,Female,O+,9681985435
47072,Pooja Reddy,33,Female,B+,9961159573
47073,Riya Sharma,35,Male,B+,9681910257
47074,Divya Verma,47,Male,B-,9303101431
47075,Neha Sharma,50,Male,AB-,9752136366
47076,Sneha Verma,24,Female,AB+,9302983652
47077,Pooja Gupta,52,Male,O-,9977921823
47078,Sahil Kapoor,28,Male,B-,9841431224
47079,Anjali Verma,35,Male,A-,9792991496
47080,Karan Mehta,36,Female,O-,9519954752
47081,Anjali Verma,22,Female,B-,9273518666
47082,Pooja Sharma,39,Male,AB+,9839309948
47083,Sneha Gupta,24,Female,B-,9694516998
47084,Neha Singh,26,Male,AB-,9787562845
47085,Rahul Patel,41,Male,A+,9887834785
47086,Pooja Sharma,22,Female,A-,9743211669
47087,Riya Verma,20,Male,A+,9806335182
47088,Priya Verma,26,Male,AB+,9748088219
47089,Arjun Sharma,40,Male,A-,9916825458
47090,Neha Mehta,42,Female,B+,9185090013
47091,Sneha Kapoor,55,Male,B+,9284632985
47092,Pooja Reddy,51,Male,B+,9622994656
47093,Karan Gupta,37,Male,A-,9217755910
47094,Aditya Mehta,24,Male,AB-,9226958844
47095,Pooja Gupta,54,Male,AB+,9834789759
47096,Rahul Gupta,21,Female,A-,9178120946
47097,Kavya Reddy,36,Female,B-,9226161263
47098,Riya Gupta,25,Female,A+,9207036254
47099,Arjun Singh,32,Female,AB-,9537922403
47100,Rohan Verma,29,Female,O+,9524931171
47101,Anjali Gupta,39,Female,O+,9526077064
47102,Priya Mehta,50,Male,B+,9159947831
47103,Sahil Sharma,21,Male,O+,9666078688
47104,Riya Gupta,31,Male,B+,9701027524
47105,Riya Sharma,49,Female,AB-,9920466761
47106,Aditya Patel,19,Male,AB-,9947684347
47107,Riya Gupta,19,Female,B-,9224567899
47108,Anjali Sharma,21,Male,A+,9221832395
47109,Anjali Verma,41,Male,B+,9940733569
47110,Aman Mehta,44,Male,A+,9474525943
47111,Priya Singh,43,Female,A+,9630413155
47112,Rohan Gupta,40,Male,A+,9798537335
47113,Aditya Sharma,29,Male,B+,9354844590
47114,Pooja Singh,38,Female,AB-,9561798272
47115,Aman Kapoor,26,Male,A-,9540767926
47116,Karan Patel,22,Male,B+,9592030386
47117,Kavya Gupta,25,Male,B+,9465794624
47118,Divya Reddy,53,Female,B+,9304711951
47119,Pooja Gupta,52,Male,AB-,9978001310
47120,Priya Kapoor,54,Female,A-,9272077430
47121,Riya Sharma,51,Male,O-,9957591770
47122,Priya Kapoor,44,Female,A+,9449135585
47123,Aditya Singh,55,Female,AB+,9197118952
47124,Kavya Verma,40,Female,AB+,9271460395
47125,Rahul Singh,26,Female,O-,9847822347
47126,Aman Kapoor,56,Male,B+,9576631775
47127,Sahil Singh,50,Male,O-,9748098844
47128,Rahul Gupta,43,Male,AB-,9951368778
47129,Aditya Patel,45,Female,B-,9853307676
47130,Anjali Singh,30,Female,A-,9118716501
47131,Aditya Mehta,49,Male,B-,9892671243
47132,Riya Reddy,59,Male,B-,9850908059
47133,Arjun Reddy,45,Male,AB-,9782117743
47134,Arjun Singh,50,Male,B+,9427979785
47135,Kavya Verma,54,Female,O+,9716237128
47136,Arjun Verma,26,Female,O+,9146723378
47137,Karan Verma,45,Female,A-,9484398659
47138,Sahil Gupta,23,Female,A+,9973144485
47139,Rohan Sharma,45,Female,AB-,9257056733
47140,Sahil Sharma,35,Male,AB+,9723653120
47141,Priya Mehta,35,Female,A+,9978995958
47142,Pooja Kapoor,42,Female,O+,9101320813
47143,Rohan Patel,49,Female,O+,9897493302
47144,Divya Gupta,27,Male,O+,9786381325
47145,Neha Mehta,57,Male,A+,9323490232
47146,Anjali Kapoor,51,Male,B+,9991722674
47147,Aman Mehta,21,Male,A-,9503567772
47148,Aditya Gupta,21,Female,O-,9845327820
47149,Anjali Mehta,28,Male,AB+,9979562975
47150,Divya Singh,29,Male,A-,9848401067
47151,Anjali Singh,28,Female,A+,9797896004
47152,Vikram Gupta,58,Female,O-,9623013229
47153,Aditya Kapoor,25,Male,B-,9524602877
47154,Vikram Patel,42,Female,A-,9929557920
47155,Pooja Reddy,48,Female,B-,9658040887
47156,Arjun Singh,32,Male,O+,9971317953
47157,Neha Kapoor,32,Male,A+,9110227404
47158,Aman Mehta,33,Male,O-,9332760634
47159,Vikram Gupta,30,Female,B-,9232669267
47160,Aditya Verma,46,Female,AB+,9702410451
47161,Rahul Kapoor,51,Male,A+,9649944147
47162,Rohan Gupta,30,Female,AB-,9435729149
47163,Arjun Verma,53,Female,A-,9391923764
47164,Pooja Verma,20,Female,A+,9439610253
47165,Divya Kapoor,47,Male,A+,9373357606
47166,Divya Sharma,40,Female,A-,9968169675
47167,Anjali Reddy,48,Female,AB+,9148479843
47168,Riya Gupta,36,Female,O+,9298079085
47169,Rohan Singh,46,Male,O-,9905921301
47170,Anjali Verma,32,Female,A+,9842242607
47171,Rahul Kapoor,44,Male,B-,9376938173
47172,Aman Mehta,60,Female,B-,9789075106
47173,Riya Mehta,30,Female,O+,9180360555
47174,Neha Kapoor,26,Male,A+,9148098819
47175,Pooja Verma,27,Male,B-,9307263984
47176,Pooja Gupta,51,Female,O-,9542954784
47177,Neha Mehta,30,Female,O+,9248840704
47178,Kavya Mehta,20,Female,AB-,9955173265
47179,Arjun Mehta,29,Male,AB+,9198340175
47180,Sahil Sharma,58,Male,B+,9634379351
47181,Sneha Verma,42,Male,B+,9237318658
47182,Arjun Reddy,24,Female,B-,9641600354
47183,Divya Verma,36,Male,AB+,9163429432
47184,Aman Gupta,42,Female,AB+,9870422351
47185,Kavya Sharma,30,Male,B+,9801713471
47186,Neha Singh,44,Male,B+,9631991188
47187,Divya Kapoor,22,Female,AB-,9276615845
47188,Sahil Kapoor,45,Male,AB+,9337274667
47189,Sahil Reddy,59,Female,O-,9745561089
47190,Vikram Reddy,29,Female,B-,9689899175
47191,Anjali Gupta,20,Female,A-,9240789575
47192,Divya Kapoor,43,Male,AB-,9831918652
47193,Karan Mehta,48,Female,AB+,9487881587
47194,Rahul Verma,18,Male,A+,9487873296
47195,Riya Verma,53,Female,B-,9225791846
47196,Riya Patel,60,Male,B-,9179855222
47197,Aman Singh,31,Male,A+,9943873346
47198,Pooja Patel,40,Male,O-,9807930838
47199,Neha Gupta,38,Male,A+,9150579088
47200,Pooja Mehta,36,Male,A-,9771011376
47201,Neha Mehta,36,Male,A+,9757291011
47202,Pooja Kapoor,40,Male,A+,9311665638
47203,Sahil Sharma,50,Male,O+,9188056850
47204,Aditya Singh,35,Female,B-,9184182796
47205,Sneha Gupta,54,Female,AB+,9196481581
47206,Vikram Reddy,31,Female,O+,9829310973
47207,Rahul Patel,43,Female,O-,9755173724
47208,Kavya Verma,37,Female,AB-,9150045417
47209,Rahul Patel,50,Female,AB-,9821777161
47210,Divya Patel,46,Male,AB+,9362538857
47211,Riya Reddy,52,Male,B-,9836927483
47212,Riya Patel,34,Female,AB+,9403280749
47213,Aman Patel,27,Male,AB+,9946095027
47214,Rohan Patel,35,Male,AB+,9770490791
47215,Vikram Kapoor,37,Male,AB+,9305907337
47216,Rohan Singh,53,Female,A+,9780504647
47217,Aman Patel,35,Male,O+,9242691134
47218,Riya Reddy,53,Male,O+,9765736514
47219,Rohan Patel,29,Male,A+,9477352880
47220,Kavya Gupta,58,Male,B+,9896725096
47221,Rohan Kapoor,58,Female,A-,9572371103
47222,Sahil Gupta,38,Male,O+,9147177252
47223,Vikram Mehta,60,Male,O+,9492346571
47224,Anjali Sharma,32,Male,B-,9876533024
47225,Arjun Mehta,50,Female,AB-,9643313583
47226,Sahil Mehta,54,Female,O+,9592592274
47227,Karan Kapoor,47,Female,AB-,9731450653
47228,Aditya Singh,52,Male,O-,9105122166
47229,Rahul Patel,26,Male,AB+,9680522243
47230,Sahil Gupta,28,Female,A-,9941747803
47231,Vikram Reddy,43,Female,AB+,9912700282
47232,Rohan Mehta,55,Female,O+,9714188284
47233,Kavya Mehta,26,Female,AB+,9244556679
47234,Sneha Mehta,44,Female,O+,9173970572
47235,Sneha Reddy,57,Male,AB-,9532026151
47236,Arjun Mehta,54,Male,AB+,9367254616
47237,Riya Reddy,33,Male,AB-,9605945340
47238,Vikram Singh,36,Female,O+,9949785345
47239,Rahul Singh,24,Female,O+,9973879860
47240,Aman Patel,29,Male,O+,9222147763
47241,Rahul Sharma,19,Male,B-,9986797893
47242,Vikram Patel,49,Female,AB-,9426193159
47243,Karan Gupta,42,Male,O+,9156609203
47244,Rahul Singh,57,Female,A-,9785846221
47245,Vikram Mehta,51,Female,O-,9404867170
47246,Neha Sharma,31,Female,O+,9619012799
47247,Neha Verma,37,Female,A+,9788544478
47248,Aman Mehta,56,Male,O+,9406143085
47249,Rahul Patel,38,Female,O-,9998792093
47250,Rahul Mehta,60,Male,A+,9148420344
47251,Divya Kapoor,26,Female,A+,9680856594
47252,Kavya Mehta,32,Female,B+,9426724611
47253,Pooja Verma,59,Female,B-,9647181590
47254,Sahil Singh,42,Female,O-,9695677335
47255,Divya Reddy,40,Female,A-,9935741384
47256,Priya Gupta,32,Female,A-,9155115407
47257,Anjali Singh,42,Male,AB+,9204246041
47258,Aditya Sharma,59,Female,AB+,9327331420
47259,Rohan Patel,24,Female,O+,9290270885
47260,Rohan Patel,43,Male,AB-,9771794550
47261,Sneha Singh,33,Male,O+,9819062345
47262,Sneha Mehta,59,Female,AB+,9959145311
47263,Neha Patel,23,Male,B+,9128409116
47264,Pooja Patel,21,Female,O+,9804643786
47265,Kavya Gupta,49,Female,B+,9974915477
47266,Aman Mehta,38,Male,B+,9180466891
47267,Rahul Patel,58,Male,B+,9381792913
47268,Anjali Gupta,59,Male,A+,9848513525
47269,Priya Sharma,25,Female,O+,9790053254
47270,Neha Verma,31,Female,A-,9262534294
47271,Aditya Reddy,33,Female,O-,9988817994
47272,Anjali Patel,47,Male,B+,9304867948
47273,Sahil Sharma,45,Male,AB-,9448322709
47274,Kavya Gupta,60,Male,O+,9505625180
47275,Arjun Patel,39,Male,A+,9930194252
47276,Rahul Kapoor,33,Female,AB-,9311084408
47277,Aman Singh,59,Female,O-,9587914223
47278,Sahil Reddy,21,Male,AB+,9771338011
47279,Kavya Patel,29,Female,AB-,9467432781
47280,Aditya Patel,39,Female,AB-,9200619734
47281,Karan Mehta,50,Female,AB+,9922352330
47282,Aditya Patel,45,Male,O+,9949657740
47283,Pooja Sharma,19,Male,A+,9513807317
47284,Riya Mehta,46,Female,B-,9622280161
47285,Aman Kapoor,55,Male,B-,9290619059
47286,Priya Sharma,29,Female,B-,9916262350
47287,Karan Verma,27,Female,B-,9781709576
47288,Sneha Kapoor,37,Male,B+,9404597231
47289,Pooja Kapoor,51,Male,O-,9887576956
47290,Vikram Kapoor,29,Male,O-,9161079463
47291,Aman Gupta,37,Male,A-,9897537597
47292,Rohan Reddy,46,Male,A-,9923999181
47293,Kavya Singh,31,Female,B-,9687437818
47294,Arjun Gupta,54,Female,AB-,9639462637
47295,Divya Mehta,49,Female,A-,9853734881
47296,Sahil Reddy,23,Female,A-,9930284170
47297,Rohan Mehta,43,Female,A+,9174283129
47298,Divya Reddy,47,Male,B-,9793782184
47299,Pooja Verma,51,Female,A-,9829812610
47300,Arjun Mehta,21,Female,AB-,9520260860
47301,Divya Patel,26,Female,O-,9750959262
47302,Vikram Reddy,37,Female,A-,9747883665
47303,Divya Mehta,29,Male,B-,9115186093
47304,Priya Verma,41,Male,AB-,9376520893
47305,Rohan Reddy,49,Male,B+,9725122152
47306,Rohan Sharma,24,Male,B+,9891683280
47307,Karan Gupta,57,Male,O+,9229813202
47308,Riya Gupta,44,Male,B-,9973908237
47309,Rahul Singh,43,Female,O-,9338204411
47310,Rahul Patel,37,Male,A-,9701582932
47311,Pooja Verma,56,Female,O-,9993412645
47312,Karan Reddy,31,Male,B-,9755018013
47313,Rahul Verma,26,Male,AB-,9424717434
47314,Sneha Singh,52,Female,AB+,9771549776
47315,Kavya Patel,41,Female,O+,9519190134
47316,Anjali Gupta,50,Female,O+,9744799643
47317,Neha Reddy,59,Female,O+,9903204817
47318,Neha Patel,41,Male,AB-,9595482477
47319,Kavya Reddy,22,Female,O-,9852286806
47320,Sahil Verma,22,Male,B+,9918007415
47321,Vikram Gupta,54,Female,O+,9805164038
47322,Anjali Verma,23,Female,A+,9404690378
47323,Riya Verma,31,Male,B+,9976948125
47324,Rohan Singh,31,Female,O+,9970986999
47325,Aman Gupta,49,Male,AB-,9562708988
47326,Karan Sharma,42,Male,A+,9120943793
47327,Neha Sharma,32,Male,AB-,9210147165
47328,Vikram Kapoor,19,Male,A+,9855108259
47329,Divya Gupta,21,Male,A-,9879266291
47330,Anjali Patel,48,Male,A-,9480246566
47331,Vikram Verma,43,Male,AB-,9968641436
47332,Vikram Patel,26,Male,O+,9140348160
47333,Pooja Singh,43,Male,AB-,9468787060
47334,Vikram Gupta,28,Female,AB+,9659192428
47335,Riya Verma,20,Male,A+,9934987192
47336,Neha Sharma,31,Male,O+,9877143865
47337,Kavya Mehta,37,Female,A+,9908200631
47338,Riya Kapoor,43,Male,AB-,9114618115
47339,Pooja Patel,55,Male,A+,9410694913
47340,Divya Sharma,27,Male,B+,9414637177
47341,Vikram Gupta,45,Female,A+,9877757987
47342,Sneha Reddy,50,Female,B+,9179929241
47343,Rohan Sharma,38,Female,AB-,9269550327
47344,Divya Gupta,43,Male,A+,9736696342
47345,Arjun Gupta,49,Female,AB+,9253403620
47346,Priya Reddy,35,Female,A+,9772797501
47347,Anjali Kapoor,50,Female,B-,9748673500
47348,Vikram Mehta,43,Male,O+,9796255906
47349,Divya Reddy,46,Male,AB-,9828309654
47350,Aman Mehta,59,Female,A-,9204249630
47351,Vikram Sharma,55,Female,B+,9175091009
47352,Pooja Gupta,43,Male,B+,9782077890
47353,Anjali Mehta,50,Male,B-,9272303257
47354,Neha Verma,35,Female,O-,9116517298
47355,Aditya Singh,40,Male,A+,9624698696
47356,Sneha Singh,23,Female,B-,9667347179
47357,Arjun Mehta,39,Female,O+,9335346433
47358,Aditya Verma,42,Female,B+,9468792652
47359,Aditya Gupta,54,Male,A+,9650363676
47360,Sneha Verma,49,Male,B-,9226713099
47361,Kavya Mehta,23,Male,O+,9741299043
47362,Anjali Gupta,31,Female,AB+,9139213250
47363,Kavya Sharma,43,Male,AB-,9184766669
47364,Aman Patel,18,Male,AB-,9742184714
47365,Priya Reddy,44,Male,AB-,9812520338
47366,Kavya Mehta,45,Male,A-,9394627350
47367,Aman Verma,56,Female,A+,9128111730
47368,Anjali Singh,36,Male,B-,9619448474
47369,Priya Sharma,55,Female,AB-,9492120765
47370,Riya Kapoor,44,Male,B-,9286405636
47371,Anjali Mehta,39,Male,AB-,9152536280
47372,Arjun Mehta,19,Male,AB-,9165944986
47373,Kavya Verma,59,Male,O+,9296351753
47374,Sneha Patel,59,Female,B+,9432486728
47375,Pooja Kapoor,47,Male,B-,9769335434
47376,Neha Mehta,19,Male,A+,9907364970
47377,Kavya Reddy,52,Male,A+,9974642811
47378,Pooja Gupta,22,Male,B+,9339777582
47379,Riya Sharma,42,Female,A-,9953078111
47380,Aman Sharma,41,Female,O+,9596334025
47381,Sahil Reddy,58,Female,A+,9901891254
47382,Kavya Mehta,26,Male,AB-,9486098947
47383,Arjun Mehta,27,Female,B+,9238115976
47384,Divya Patel,48,Female,O+,9617677478
47385,Aman Singh,49,Male,A-,9859612928
47386,Rohan Gupta,44,Female,AB+,9339606918
47387,Pooja Kapoor,49,Female,A+,9429853435
47388,Anjali Kapoor,51,Female,B+,9215150626
47389,Sahil Reddy,43,Male,B-,9452010477
47390,Rohan Kapoor,55,Male,AB+,9421433655
47391,Sahil Gupta,36,Female,A-,9786875104
47392,Sneha Kapoor,40,Female,A-,9382771954
47393,Kavya Sharma,57,Female,O+,9429807820
47394,Karan Kapoor,34,Male,B-,9264876984
47395,Pooja Sharma,40,Male,B-,9378492070
47396,Kavya Verma,25,Male,O-,9340347653
47397,Rahul Sharma,57,Female,O-,9850910862
47398,Arjun Gupta,40,Female,B-,9690639550
47399,Vikram Reddy,20,Male,B+,9204300723
47400,Arjun Kapoor,43,Female,O-,9611565516
47401,Sneha Verma,40,Female,A+,9738352324
47402,Kavya Reddy,23,Male,O+,9424768715
47403,Divya Reddy,41,Male,AB-,9574289629
47404,Pooja Singh,59,Male,B+,9283591110
47405,Arjun Gupta,54,Female,O+,9549344961
47406,Anjali Sharma,57,Male,O-,9396219373
47407,Vikram Mehta,23,Female,AB-,9101842369
47408,Priya Sharma,21,Male,A-,9694640425
47409,Neha Verma,22,Female,AB-,9756104890
47410,Sneha Verma,21,Male,O+,9225043723
47411,Aman Singh,25,Male,B-,9264872808
47412,Vikram Sharma,56,Male,AB+,9404251617
47413,Arjun Mehta,39,Female,AB+,9698922418
47414,Aman Mehta,42,Female,O+,9420016270
47415,Aman Verma,48,Female,AB-,9319957107
47416,Vikram Gupta,59,Female,A+,9713904004
47417,Pooja Patel,33,Female,B-,9880119738
47418,Priya Mehta,53,Male,AB+,9754203657
47419,Sneha Gupta,58,Male,A+,9415283708
47420,Divya Mehta,24,Female,B+,9492798874
47421,Aditya Patel,42,Female,B+,9114848112
47422,Vikram Mehta,37,Male,A-,9427007265
47423,Arjun Gupta,52,Female,AB+,9686286008
47424,Vikram Sharma,34,Male,A+,9861282858
47425,Vikram Singh,31,Female,O-,9625496237
47426,Riya Reddy,37,Male,B-,9579409565
47427,Aditya Singh,24,Female,AB+,9573803117
47428,Aman Reddy,47,Male,O+,9613003415
47429,Neha Kapoor,23,Female,AB+,9755329068
47430,Priya Reddy,47,Male,B-,9652730756
47431,Sahil Patel,52,Male,O+,9650262799
47432,Rohan Patel,60,Female,A-,9195370481
47433,Pooja Reddy,35,Male,O-,9867771983
47434,Karan Singh,38,Male,A-,9871931123
47435,Anjali Verma,43,Female,O-,9982064037
47436,Rohan Mehta,30,Male,B+,9228490946
47437,Vikram Singh,23,Female,A+,9425415417
47438,Kavya Reddy,20,Female,B-,9824281491
47439,Priya Patel,25,Female,O-,9582134251
47440,Priya Singh,22,Male,AB+,9168929165
47441,Vikram Singh,49,Male,O-,9517917841
47442,Divya Singh,27,Female,AB-,9900705275
47443,Karan Sharma,54,Female,B-,9993433701
47444,Priya Gupta,32,Male,O+,9725265320
47445,Riya Singh,48,Female,B-,9450307542
47446,Vikram Reddy,21,Female,B-,9646480914
47447,Rohan Kapoor,43,Female,A-,9673794308
47448,Vikram Kapoor,37,Female,AB-,9673856757
47449,Karan Verma,45,Female,O+,9518071914
47450,Kavya Gupta,31,Female,B-,9197114997
47451,Arjun Sharma,29,Male,O-,9343424440
47452,Kavya Mehta,28,Male,B-,9781435186
47453,Aditya Verma,22,Female,A+,9422331512
47454,Anjali Patel,47,Female,AB-,9957491068
47455,Arjun Verma,19,Male,A+,9641106913
47456,Karan Reddy,33,Male,B+,9788274276
47457,Arjun Mehta,32,Male,AB+,9804150209
47458,Karan Kapoor,51,Male,O+,9959021228
47459,Divya Patel,24,Female,O+,9947208472
47460,Priya Verma,28,Female,B+,9974656530
47461,Sneha Mehta,45,Male,A-,9816799033
47462,Aman Singh,24,Female,A-,9472433326
47463,Arjun Kapoor,36,Female,O+,9406746397
47464,Riya Kapoor,52,Female,AB+,9704583402
47465,Aditya Verma,22,Female,B+,9458490120
47466,Pooja Sharma,32,Female,A-,9559955789
47467,Pooja Reddy,29,Male,B-,9481826660
47468,Priya Mehta,40,Male,AB-,9978807449
47469,Rahul Sharma,27,Female,A-,9438482622
47470,Rohan Gupta,18,Male,AB-,9705174051
47471,Kavya Singh,36,Female,AB+,9194629236
47472,Rahul Mehta,44,Female,AB-,9188595770
47473,Kavya Kapoor,42,Female,A+,9509414991
47474,Sahil Singh,35,Female,AB-,9555674893
47475,Kavya Verma,56,Female,O-,9977275402
47476,Vikram Patel,34,Female,B-,9735132063
47477,Anjali Singh,28,Female,AB+,9975708414
47478,Divya Gupta,41,Male,AB+,9476748774
47479,Anjali Sharma,34,Male,O+,9908677234
47480,Kavya Verma,26,Male,A-,9564413224
47481,Aditya Singh,30,Male,O+,9210522838
47482,Vikram Sharma,46,Male,AB-,9114211458
47483,Sneha Kapoor,32,Female,AB+,9398518281
47484,Pooja Patel,60,Female,O+,9432040204
47485,Priya Mehta,29,Female,A+,9606291552
47486,Divya Kapoor,39,Female,A+,9826330078
47487,Neha Mehta,46,Male,B+,9263250842
47488,Divya Verma,59,Male,AB+,9827605941
47489,Neha Mehta,47,Male,B+,9757711009
47490,Rohan Kapoor,49,Female,AB-,9821284911
47491,Anjali Gupta,41,Male,A+,9743752028
47492,Arjun Reddy,25,Female,A-,9103281074
47493,Priya Kapoor,33,Male,B-,9822987351
47494,Sahil Reddy,31,Male,A+,9641303679
47495,Rohan Sharma,29,Male,AB-,9284836373
47496,Arjun Patel,22,Female,O-,9945441264
47497,Riya Kapoor,39,Female,O-,9447952007
47498,Kavya Singh,22,Male,A-,9781851706
47499,Kavya Gupta,35,Male,AB+,9738683544
47500,Rohan Kapoor,21,Male,B+,9731333526
47501,Rahul Mehta,56,Female,A+,9123035434
47502,Aditya Kapoor,44,Male,O-,9675567170
47503,Neha Patel,34,Male,B-,9335197756
47504,Pooja Kapoor,21,Male,A+,9652176843
47505,Sahil Patel,35,Male,AB+,9861076708
47506,Priya Gupta,30,Male,A+,9890333830
47507,Rohan Kapoor,18,Male,B-,9145936888
47508,Priya Singh,42,Male,O+,9167761227
47509,Aman Sharma,57,Male,B+,9650721600
47510,Arjun Verma,25,Female,A-,9845465652
47511,Kavya Kapoor,59,Female,A-,9661178600
47512,Rahul Singh,27,Female,O-,9284230256
47513,Divya Verma,24,Male,B-,9584741742
47514,Pooja Mehta,44,Female,B-,9684700705
47515,Rahul Reddy,46,Female,B-,9877291067
47516,Divya Patel,29,Female,A-,9553187304
47517,Sneha Sharma,41,Female,O-,9381480416
47518,Pooja Mehta,57,Male,O-,9684650823
47519,Priya Reddy,58,Female,B-,9496720143
47520,Aditya Kapoor,24,Female,AB-,9135840072
47521,Rahul Mehta,50,Male,B-,9577153623
47522,Karan Patel,28,Male,B+,9285466360
47523,Arjun Gupta,36,Male,O-,9442819025
47524,Kavya Singh,52,Male,B-,9217664634
47525,Neha Sharma,20,Male,O+,9679597313
47526,Vikram Patel,23,Female,B+,9185783662
47527,Kavya Patel,40,Female,O-,9638627675
47528,Divya Reddy,47,Male,B+,9375447565
47529,Karan Sharma,55,Female,B+,9656400639
47530,Rahul Sharma,36,Female,B+,9754318887
47531,Anjali Patel,18,Male,B+,9162601612
47532,Pooja Singh,52,Female,B-,9113023703
47533,Pooja Sharma,43,Female,AB+,9205677355
47534,Neha Gupta,54,Female,O-,9445728009
47535,Priya Verma,42,Male,A+,9714962512
47536,Arjun Verma,56,Male,O+,9460864876
47537,Aditya Patel,54,Male,B-,9909206044
47538,Priya Mehta,20,Female,B+,9649013354
47539,Vikram Sharma,31,Female,O-,9475987198
47540,Priya Verma,31,Female,AB+,9697666917
47541,Pooja Mehta,58,Female,O+,9746144632
47542,Divya Patel,20,Female,O+,9538972902
47543,Vikram Verma,57,Female,O-,9724084161
47544,Kavya Mehta,32,Male,B-,9503844339
47545,Sahil Patel,21,Female,B+,9842524912
47546,Riya Mehta,36,Female,A-,9753300565
47547,Kavya Singh,26,Male,O+,9494180879
47548,Karan Singh,43,Female,AB+,9714365521
47549,Divya Gupta,18,Female,B+,9494657660
47550,Priya Kapoor,21,Male,O+,9359702761
47551,Riya Reddy,20,Male,B-,9374396353
47552,Riya Mehta,19,Female,A+,9830159155
47553,Pooja Sharma,31,Male,A-,9134793030
47554,Kavya Sharma,52,Male,B-,9793394715
47555,Riya Verma,55,Male,O+,9274394909
47556,Aditya Sharma,27,Male,A-,9544332207
47557,Pooja Mehta,24,Male,AB+,9772575255
47558,Kavya Patel,49,Male,AB+,9403375863
47559,Rohan Gupta,50,Female,O+,9110257420
47560,Sahil Reddy,53,Male,A+,9320937384
47561,Rohan Reddy,49,Female,A-,9180395370
47562,Vikram Reddy,33,Male,AB-,9125927673
47563,Arjun Reddy,52,Female,AB+,9999984397
47564,Neha Singh,53,Female,A+,9645131767
47565,Neha Mehta,32,Male,O-,9955508938
47566,Sneha Mehta,55,Male,AB-,9599310432
47567,Neha Sharma,37,Female,AB+,9217466554
47568,Riya Mehta,37,Female,O+,9892295379
47569,Rahul Mehta,25,Female,B-,9760655872
47570,Riya Reddy,40,Female,O+,9590256449
47571,Priya Patel,42,Female,O-,9695802041
47572,Aditya Reddy,30,Male,AB-,9290034270
47573,Sneha Mehta,39,Male,A+,9654530464
47574,Aditya Verma,23,Male,O-,9800057158
47575,Aman Sharma,40,Female,O+,9299887103
47576,Anjali Singh,18,Male,B-,9975850016
47577,Neha Patel,31,Female,O+,9590793980
47578,Neha Mehta,44,Male,O+,9595703761
47579,Pooja Mehta,58,Female,AB-,9278300169
47580,Rohan Sharma,50,Female,AB+,9372819112
47581,Aditya Verma,21,Female,AB+,9640491061
47582,Kavya Kapoor,46,Male,B-,9541632695
47583,Priya Mehta,50,Female,B+,9332523752
47584,Vikram Kapoor,25,Male,B-,9422183381
47585,Karan Mehta,18,Female,A+,9827989020
47586,Neha Gupta,57,Male,B+,9679895392
47587,Aman Mehta,31,Male,O-,9935585762
47588,Vikram Kapoor,43,Male,A-,9831717177
47589,Riya Reddy,47,Male,O-,9351493753
47590,Anjali Gupta,29,Female,B+,9422440543
47591,Sahil Verma,47,Female,O+,9734705040
47592,Sahil Sharma,48,Female,O-,9689326398
47593,Rohan Kapoor,42,Male,A-,9865663457
47594,Divya Reddy,37,Male,A+,9206576401
47595,Sneha Singh,20,Female,A-,9627505414
47596,Kavya Singh,51,Female,B+,9812057485
47597,Anjali Sharma,42,Male,AB+,9577381230
47598,Rohan Singh,45,Male,B-,9607622689
47599,Riya Mehta,56,Female,AB+,9618638855
47600,Priya Mehta,57,Female,O+,9899303726
47601,Aman Mehta,50,Male,B-,9231688963
47602,Rahul Mehta,53,Female,B-,9689270095
47603,Aditya Sharma,46,Female,B+,9960037188
47604,Kavya Kapoor,22,Female,O-,9129712640
47605,Vikram Reddy,48,Female,B+,9582125155
47606,Arjun Kapoor,59,Male,O-,9561666840
47607,Rahul Sharma,39,Male,B+,9774650175
47608,Kavya Patel,58,Female,O-,9675476030
47609,Aman Mehta,22,Male,O+,9954666808
47610,Arjun Kapoor,55,Male,A-,9753478830
47611,Arjun Mehta,31,Male,B+,9820102881
47612,Sahil Mehta,22,Female,B+,9488101481
47613,Divya Verma,41,Female,AB+,9646965263
47614,Arjun Patel,46,Female,B+,9667573095
47615,Sneha Patel,21,Male,B-,9292821320
47616,Anjali Reddy,54,Male,B+,9977652771
47617,Karan Reddy,59,Female,B-,9192241732
47618,Neha Mehta,47,Male,O+,9234932287
47619,Sneha Reddy,55,Female,B+,9691059140
47620,Arjun Mehta,58,Female,AB+,9513473438
47621,Karan Gupta,50,Female,A-,9380599324
47622,Riya Verma,38,Male,A+,9326877011
47623,Arjun Singh,56,Female,A+,9476939956
47624,Pooja Mehta,50,Female,B+,9516449098
47625,Neha Kapoor,25,Female,AB-,9434733496
47626,Rahul Gupta,49,Female,O-,9502398528
47627,Pooja Gupta,58,Male,B+,9207366623
47628,Arjun Singh,29,Male,AB-,9443741548
47629,Aditya Reddy,37,Female,O-,9180685908
47630,Pooja Verma,33,Male,O+,9799300794
47631,Riya Singh,35,Male,O-,9387236251
47632,Priya Reddy,58,Female,O+,9665741367
47633,Rahul Verma,21,Female,O+,9651288799
47634,Pooja Reddy,34,Female,O+,9305503792
47635,Aditya Mehta,21,Female,O-,9429051491
47636,Rahul Reddy,23,Male,O+,9859104447
47637,Pooja Gupta,56,Female,O-,9815571714
47638,Aditya Verma,24,Female,B-,9154137541
47639,Sahil Singh,39,Female,A+,9486003313
47640,Aditya Sharma,22,Male,O+,9445066247
47641,Neha Singh,52,Male,B+,9605168508
47642,Kavya Singh,46,Male,B+,9508042651
47643,Neha Kapoor,26,Female,AB+,9257816034
47644,Riya Kapoor,38,Female,AB+,9383649358
47645,Riya Singh,36,Male,B-,9349957895
47646,Aditya Singh,25,Female,AB-,9445031722
47647,Neha Verma,55,Female,AB+,9907478177
47648,Karan Sharma,56,Male,AB-,9911515739
47649,Anjali Verma,34,Female,O+,9677965692
47650,Rohan Sharma,38,Male,O+,9204680299
47651,Rohan Gupta,38,Male,A+,9577236601
47652,Sahil Reddy,51,Male,A+,9691873194
47653,Rohan Mehta,20,Female,O+,9243673705
47654,Karan Gupta,32,Female,O-,9525873724
47655,Neha Mehta,29,Male,O-,9794813126
47656,Divya Gupta,33,Male,O+,9272278638
47657,Anjali Kapoor,34,Female,B-,9712968425
47658,Rohan Kapoor,21,Male,AB-,9339720675
47659,Sahil Mehta,42,Male,A-,9608369370
47660,Kavya Mehta,48,Male,O+,9297283917
47661,Sneha Singh,42,Female,AB+,9605641736
47662,Aditya Patel,54,Female,B+,9298460828
47663,Aman Mehta,51,Female,A+,9661734453
47664,Kavya Kapoor,60,Male,A-,9872627555
47665,Priya Gupta,20,Female,B-,9136798689
47666,Aditya Gupta,32,Male,AB+,9246759230
47667,Riya Sharma,26,Female,A-,9939812983
47668,Vikram Singh,27,Female,O-,9379507896
47669,Vikram Verma,25,Male,O-,9273464866
47670,Priya Singh,23,Male,A+,9207028164
47671,Riya Kapoor,51,Male,B+,9854877469
47672,Divya Gupta,27,Female,AB-,9856739972
47673,Pooja Verma,41,Female,A+,9944277730
47674,Rohan Singh,49,Female,A-,9590532260
47675,Rahul Mehta,59,Female,B-,9662410496
47676,Aman Reddy,46,Male,AB-,9660912596
47677,Anjali Verma,34,Female,B-,9465014139
47678,Karan Mehta,58,Female,AB+,9951379914
47679,Neha Patel,54,Female,A+,9879350071
47680,Karan Mehta,26,Male,A-,9719620455
47681,Riya Patel,32,Male,B-,9323396544
47682,Aditya Mehta,34,Female,O+,9337892897
47683,Riya Verma,26,Male,B-,9225325541
47684,Divya Reddy,18,Female,A+,9440796167
47685,Karan Reddy,45,Female,AB-,9833079842
47686,Sahil Verma,29,Male,B-,9484700212
47687,Kavya Gupta,53,Male,AB+,9846155401
47688,Rahul Verma,25,Female,B+,9849771149
47689,Arjun Sharma,30,Male,O+,9402253076
47690,Pooja Patel,53,Female,AB+,9526468874
47691,Priya Kapoor,45,Male,B-,9677800784
47692,Rahul Kapoor,33,Female,A+,9241933489
47693,Karan Sharma,56,Female,A+,9908247907
47694,Sahil Gupta,51,Female,AB+,9798613037
47695,Rohan Gupta,30,Male,O-,9307701180
47696,Aman Gupta,56,Female,A+,9629427441
47697,Riya Mehta,35,Female,O-,9650790670
47698,Sneha Gupta,41,Female,AB-,9866462964
47699,Divya Kapoor,44,Female,AB+,9807354219
47700,Aman Patel,37,Male,A+,9518995988
47701,Priya Reddy,27,Male,A-,9811565949
47702,Divya Kapoor,35,Male,A-,9688336873
47703,Neha Kapoor,31,Female,A-,9798472517
47704,Rohan Kapoor,18,Female,AB-,9481015024
47705,Divya Gupta,30,Female,AB-,9632350322
47706,Rahul Reddy,26,Male,A-,9685555969
47707,Divya Reddy,37,Female,B+,9217795551
47708,Sneha Sharma,46,Male,O-,9481785210
47709,Riya Verma,18,Female,A-,9203831147
47710,Vikram Mehta,57,Male,O+,9590538125
47711,Vikram Reddy,20,Male,O-,9977308018
47712,Divya Patel,56,Male,O+,9487305808
47713,Arjun Sharma,31,Male,AB-,9370879827
47714,Aditya Kapoor,38,Female,B+,9654606711
47715,Vikram Gupta,42,Female,A+,9979574986
47716,Divya Kapoor,49,Male,AB+,9233048645
47717,Pooja Patel,30,Male,B+,9260187582
47718,Arjun Gupta,43,Female,A+,9781368401
47719,Aman Mehta,42,Male,B-,9393548770
47720,Vikram Singh,22,Male,A-,9102982642
47721,Priya Sharma,29,Male,B-,9316670189
47722,Aman Gupta,48,Female,AB+,9657022968
47723,Arjun Reddy,55,Male,AB-,9986142173
47724,Kavya Reddy,56,Female,AB+,9190898353
47725,Sneha Mehta,49,Male,AB+,9113622870
47726,Priya Singh,39,Female,AB+,9999833275
47727,Kavya Patel,36,Male,O-,9319839676
47728,Divya Mehta,43,Male,O+,9380088513
47729,Neha Sharma,33,Female,AB+,9104753761
47730,Karan Mehta,25,Male,B-,9112839073
47731,Anjali Patel,42,Male,AB-,9942796573
47732,Sahil Verma,20,Female,O-,9596110176
47733,Priya Singh,25,Female,A+,9457689312
47734,Aditya Mehta,57,Male,A-,9719259719
47735,Aditya Sharma,36,Female,O-,9247527641
47736,Anjali Verma,49,Female,AB-,9547275615
47737,Anjali Sharma,57,Female,O-,9682747753
47738,Anjali Verma,59,Male,AB-,9790043176
47739,Neha Gupta,47,Male,AB+,9222475694
47740,Aman Gupta,19,Male,AB-,9398980236
47741,Anjali Patel,31,Female,B+,9713457044
47742,Vikram Verma,42,Female,O+,9891619565
47743,Aman Mehta,30,Male,B-,9743472869
47744,Arjun Patel,55,Male,O-,9275795744
47745,Divya Mehta,45,Female,AB-,9583737993
47746,Sahil Verma,25,Female,B+,9795833184
47747,Priya Verma,27,Male,O-,9455264559
47748,Divya Gupta,35,Female,A+,9565389246
47749,Neha Reddy,26,Male,AB+,9855592683
47750,Sahil Mehta,38,Female,O+,9615004730
47751,Sahil Reddy,40,Female,O+,9430414743
47752,Anjali Reddy,56,Male,B-,9884747702
47753,Sahil Kapoor,24,Female,AB+,9829306527
47754,Priya Patel,39,Male,A+,9428551210
47755,Aditya Mehta,42,Male,B-,9210186806
47756,Priya Singh,50,Female,B+,9905145990
47757,Anjali Singh,52,Female,A+,9831673562
47758,Vikram Mehta,25,Male,AB-,9833689918
47759,Aditya Sharma,51,Female,B+,9280344451
47760,Divya Sharma,19,Male,A+,9363234080
47761,Vikram Kapoor,29,Female,B+,9129978233
47762,Aditya Verma,43,Male,O+,9685188756
47763,Vikram Singh,46,Male,B+,9947156246
47764,Aman Sharma,56,Male,O+,9222529486
47765,Riya Kapoor,56,Female,AB+,9917132350
47766,Aditya Singh,19,Female,B+,9842249488
47767,Rohan Sharma,39,Female,O+,9877777535
47768,Neha Kapoor,47,Female,A-,9568144076
47769,Vikram Reddy,27,Female,B+,9836312234
47770,Rahul Kapoor,49,Female,AB+,9421593070
47771,Divya Singh,53,Female,O-,9729507864
47772,Sneha Gupta,39,Female,O+,9419817713
47773,Karan Kapoor,52,Male,AB-,9976884580
47774,Pooja Kapoor,27,Female,A+,9749224041
47775,Sahil Singh,40,Male,AB+,9886307716
47776,Sneha Gupta,26,Female,A+,9896602741
47777,Divya Patel,42,Female,A-,9951907559
47778,Sahil Mehta,19,Male,O-,9275721953
47779,Kavya Reddy,20,Male,AB-,9425518328
47780,Sahil Kapoor,20,Male,O+,9149597255
47781,Priya Mehta,28,Male,O+,9649138843
47782,Neha Patel,58,Male,A-,9964479100
47783,Aman Verma,55,Male,B-,9909453423
47784,Aman Gupta,56,Female,O+,9498528272
47785,Arjun Sharma,60,Male,B+,9579448834
47786,Pooja Verma,47,Female,O+,9834836360
47787,Pooja Reddy,53,Female,A+,9635042681
47788,Vikram Verma,49,Male,O+,9601527764
47789,Karan Singh,30,Female,O-,9330988749
47790,Priya Patel,39,Male,O-,9336614550
47791,Riya Kapoor,32,Female,AB-,9146743456
47792,Vikram Reddy,52,Male,O-,9182228834
47793,Divya Gupta,50,Female,AB-,9344334887
47794,Neha Sharma,31,Female,A-,9918848928
47795,Pooja Sharma,44,Female,O-,9442843011
47796,Arjun Mehta,36,Male,AB-,9459355824
47797,Sneha Reddy,35,Male,AB-,9647260268
47798,Arjun Verma,23,Female,AB+,9473872830
47799,Aditya Reddy,52,Female,A-,9759764992
47800,Kavya Sharma,54,Female,AB+,9718432248
47801,Aman Gupta,41,Female,AB-,9308704434
47802,Aman Gupta,46,Female,B+,9989143704
47803,Anjali Patel,46,Female,AB-,9568885648
47804,Rohan Singh,25,Male,AB+,9596173510
47805,Riya Sharma,44,Female,AB-,9118263751
47806,Aditya Mehta,27,Female,AB-,9230690228
47807,Rahul Gupta,55,Male,O-,9268573556
47808,Arjun Patel,28,Female,O+,9473012225
47809,Priya Verma,60,Male,B+,9966814282
47810,Karan Mehta,28,Female,B-,9635157046
47811,Neha Kapoor,41,Male,AB+,9988156649
47812,Divya Sharma,39,Female,A-,9933447999
47813,Divya Singh,30,Male,O-,9773792489
47814,Anjali Sharma,24,Male,O-,9773747384
47815,Riya Mehta,24,Female,O-,9198608930
47816,Sahil Mehta,59,Male,B-,9148118592
47817,Riya Gupta,36,Male,O+,9463248625
47818,Neha Sharma,22,Female,AB-,9981159606
47819,Neha Verma,48,Male,O+,9282390931
47820,Rohan Mehta,43,Male,A+,9946347392
47821,Kavya Sharma,34,Female,O+,9777401389
47822,Neha Mehta,40,Male,AB-,9668125253
47823,Sahil Kapoor,28,Female,O-,9280748371
47824,Aman Verma,44,Male,A-,9925304078
47825,Divya Reddy,37,Female,B-,9166681493
47826,Anjali Singh,42,Male,O-,9710713675
47827,Arjun Verma,37,Female,B+,9218388694
47828,Aditya Singh,45,Female,AB-,9895839009
47829,Rohan Sharma,20,Male,O-,9507993378
47830,Neha Verma,36,Female,B-,9295365670
47831,Anjali Verma,55,Male,O+,9600591465
47832,Aditya Reddy,25,Female,AB-,9411862000
47833,Vikram Gupta,28,Male,B+,9439351251
47834,Divya Gupta,46,Female,AB-,9499668050
47835,Riya Gupta,42,Male,B-,9947069340
47836,Arjun Gupta,60,Male,B+,9897614181
47837,Neha Verma,35,Male,O-,9780009139
47838,Pooja Reddy,48,Male,A-,9132726304
47839,Aman Reddy,54,Female,AB-,9239501878
47840,Vikram Mehta,57,Female,O-,9673046926
47841,Aditya Reddy,32,Male,B+,9866302246
47842,Divya Mehta,32,Male,AB+,9288608248
47843,Arjun Sharma,19,Female,B-,9518369302
47844,Sahil Singh,37,Male,AB-,9816577069
47845,Riya Verma,25,Female,B-,9890992444
47846,Rohan Singh,28,Male,AB-,9186446610
47847,Vikram Verma,30,Male,O-,9825155010
47848,Rahul Verma,55,Male,O-,9613557688
47849,Priya Sharma,27,Male,O+,9789780445
47850,Rahul Kapoor,51,Male,B+,9392625697
47851,Kavya Mehta,24,Female,AB-,9969099086
47852,Vikram Kapoor,56,Male,AB+,9143183116
47853,Riya Patel,41,Male,A-,9666792544
47854,Pooja Mehta,20,Female,AB-,9448570396
47855,Priya Verma,31,Male,O-,9279775918
47856,Aman Reddy,24,Female,AB+,9899927791
47857,Sahil Sharma,39,Female,B-,9601542881
47858,Pooja Verma,34,Female,O+,9423389744
47859,Sahil Verma,38,Male,AB+,9697788522
47860,Priya Singh,54,Male,AB+,9910929278
47861,Rahul Mehta,44,Female,AB+,9972092888
47862,Rahul Verma,30,Male,AB+,9553330428
47863,Sahil Verma,50,Female,B-,9767621562
47864,Divya Gupta,34,Male,O+,9567104756
47865,Neha Patel,55,Female,O-,9876505061
47866,Neha Mehta,55,Male,B+,9980778632
47867,Riya Patel,19,Male,A+,9369001688
47868,Rahul Patel,54,Female,AB-,9672040797
47869,Rahul Verma,40,Female,B-,9336415187
47870,Kavya Kapoor,19,Male,B+,9236959302
47871,Neha Verma,56,Female,A-,9250082005
47872,Karan Verma,33,Female,B-,9194798748
47873,Aman Patel,42,Male,B-,9210594443
47874,Sahil Gupta,31,Female,A+,9686919531
47875,Kavya Gupta,46,Male,O+,9180899543
47876,Pooja Kapoor,46,Female,AB+,9853023349
47877,Rahul Gupta,18,Male,B+,9304414718
47878,Rohan Singh,58,Male,AB-,9454329825
47879,Kavya Sharma,30,Female,O-,9111210917
47880,Neha Singh,56,Female,A+,9406635922
47881,Sahil Patel,30,Male,A+,9372991371
47882,Divya Patel,23,Female,B+,9887465281
47883,Rohan Kapoor,25,Male,AB-,9599015273
47884,Arjun Sharma,50,Male,AB+,9790388550
47885,Rahul Verma,39,Male,B+,9756679799
47886,Sneha Gupta,19,Male,A-,9820514045
47887,Arjun Verma,38,Male,AB+,9998653720
47888,Aditya Patel,46,Female,B-,9173278465
47889,Priya Reddy,38,Male,A-,9848792398
47890,Sahil Sharma,44,Male,A+,9345845080
47891,Divya Mehta,20,Male,O-,9107493641
47892,Priya Verma,48,Female,B+,9831686328
47893,Karan Gupta,34,Male,AB+,9995347998
47894,Priya Gupta,32,Male,A+,9349306609
47895,Karan Mehta,41,Male,A-,9567874036
47896,Anjali Mehta,58,Female,B+,9586878063
47897,Aman Kapoor,31,Male,A+,9659262177
47898,Sneha Verma,39,Male,A+,9512950068
47899,Riya Sharma,54,Male,AB-,9455864935
47900,Vikram Mehta,23,Female,AB+,9707572237
47901,Vikram Gupta,36,Female,AB-,9726104218
47902,Sneha Kapoor,36,Female,B+,9862706817
47903,Aman Reddy,28,Male,A+,9592814716
47904,Aditya Gupta,45,Female,A-,9428328736
47905,Sahil Reddy,42,Male,O-,9627708698
47906,Kavya Singh,32,Male,O+,9531306938
47907,Kavya Mehta,22,Female,AB-,9658382524
47908,Rahul Mehta,32,Female,A+,9777143178
47909,Divya Verma,49,Male,B+,9829249763
47910,Neha Sharma,48,Male,A-,9869557338
47911,Sneha Mehta,45,Female,B-,9289555616
47912,Anjali Sharma,58,Female,A-,9817058646
47913,Rahul Sharma,40,Male,AB-,9317667082
47914,Aditya Verma,49,Male,A-,9558551936
47915,Priya Gupta,52,Female,B+,9695913207
47916,Sneha Patel,49,Male,B+,9941511597
47917,Aman Verma,18,Female,A-,9359852072
47918,Divya Verma,19,Male,A-,9645462891
47919,Sneha Mehta,58,Female,B+,9557379954
47920,Riya Sharma,30,Female,B-,9642871985
47921,Priya Kapoor,38,Male,B-,9512689803
47922,Arjun Kapoor,19,Male,O+,9826804523
47923,Priya Reddy,56,Female,B-,9559362024
47924,Rahul Reddy,55,Female,A-,9966240953
47925,Sahil Mehta,57,Female,A-,9877836418
47926,Priya Gupta,58,Female,O-,9725741940
47927,Riya Verma,36,Male,B+,9970398598
47928,Aman Singh,23,Male,B+,9779545629
47929,Pooja Mehta,49,Female,B+,9804895350
47930,Aman Verma,32,Female,B-,9876718794
47931,Aman Mehta,34,Male,B+,9647088534
47932,Priya Verma,20,Female,AB+,9573882987
47933,Sneha Sharma,43,Female,A-,9530812919
47934,Neha Mehta,35,Female,B+,9691562364
47935,Priya Gupta,30,Male,AB+,9624945423
47936,Anjali Verma,19,Female,AB-,9638976925
47937,Karan Gupta,32,Female,O-,9742434597
47938,Aditya Kapoor,50,Female,B-,9293384129
47939,Aman Kapoor,58,Male,A+,9460516353
47940,Riya Kapoor,47,Female,A+,9796064715
47941,Rohan Gupta,31,Female,O-,9647794286
47942,Rahul Mehta,54,Female,AB-,9803498927
47943,Priya Verma,27,Male,A-,9573502859
47944,Neha Mehta,28,Female,B-,9195262940
47945,Arjun Sharma,57,Male,A-,9804145256
47946,Aman Patel,32,Female,AB-,9107273323
47947,Riya Mehta,53,Male,A-,9136797993
47948,Karan Sharma,59,Male,O+,9424557958
47949,Sneha Gupta,47,Male,A-,9603718848
47950,Anjali Mehta,26,Female,AB+,9583761289
47951,Aman Mehta,32,Male,O-,9551260037
47952,Pooja Mehta,35,Male,A+,9410559584
47953,Rohan Mehta,40,Female,O-,9472135493
47954,Aditya Verma,21,Female,A+,9297280096
47955,Kavya Mehta,42,Male,B+,9927810979
47956,Kavya Reddy,58,Female,A+,9855592635
47957,Pooja Reddy,55,Male,A-,9799521616
47958,Riya Patel,26,Female,A+,9749997819
47959,Vikram Mehta,48,Male,B-,9608828665
47960,Riya Patel,39,Female,A+,9356324827
47961,Aditya Verma,58,Male,B+,9489931872
47962,Riya Singh,38,Female,A+,9395477796
47963,Vikram Kapoor,43,Male,A+,9739850607
47964,Priya Mehta,45,Female,AB-,9351202712
47965,Vikram Gupta,53,Male,B-,9674863505
47966,Neha Gupta,34,Male,A+,9454928851
47967,Aditya Reddy,27,Male,AB+,9654544079
47968,Aditya Patel,20,Male,A+,9180545746
47969,Sneha Kapoor,46,Female,B-,9773837378
47970,Karan Mehta,41,Male,O-,9533688733
47971,Riya Verma,55,Male,B-,9842288817
47972,Karan Singh,23,Female,B-,9451117420
47973,Riya Verma,55,Female,B+,9771493498
47974,Sneha Patel,54,Female,A-,9252561147
47975,Priya Reddy,18,Female,AB+,9460087691
47976,Karan Patel,19,Female,AB+,9164554292
47977,Riya Sharma,44,Female,A+,9725421229
47978,Rahul Patel,26,Male,O-,9969996290
47979,Rahul Singh,60,Male,O-,9377414373
47980,Vikram Mehta,53,Male,B-,9441415530
47981,Priya Mehta,56,Female,O+,9579466213
47982,Sneha Reddy,53,Male,O-,9322444349
47983,Divya Reddy,37,Female,O-,9968247593
47984,Aditya Verma,23,Female,A-,9729218419
47985,Sneha Singh,50,Female,B+,9612771393
47986,Priya Sharma,32,Female,AB-,9817441600
47987,Aman Gupta,59,Female,A+,9478872040
47988,Pooja Reddy,31,Female,B-,9761354793
47989,Divya Gupta,41,Female,A+,9305218214
47990,Pooja Gupta,55,Male,O-,9113386428
47991,Riya Gupta,42,Male,O-,9404549279
47992,Rohan Sharma,41,Male,AB+,9311760161
47993,Arjun Patel,33,Male,O-,9790546984
47994,Priya Sharma,56,Female,A-,9200995740
47995,Karan Kapoor,44,Female,O-,9880835945
47996,Pooja Sharma,25,Female,AB+,9359978561
47997,Rohan Gupta,27,Female,A-,9863619128
47998,Rahul Sharma,26,Female,AB-,9849240936
47999,Aman Mehta,38,Male,AB+,9855817757
48000,Riya Mehta,27,Male,AB-,9507918711
48001,Karan Sharma,43,Male,O-,9397805306
48002,Karan Mehta,44,Female,A+,9767856643
48003,Priya Singh,48,Female,AB-,9804311691
48004,Aman Verma,50,Male,AB+,9584216383
48005,Neha Gupta,52,Female,AB+,9234722381
48006,Aman Gupta,32,Male,A+,9352701580
48007,Vikram Verma,33,Female,O-,9101635080
48008,Aditya Singh,44,Female,AB-,9220732881
48009,Pooja Singh,59,Female,A+,9353969727
48010,Neha Kapoor,52,Female,B+,9439301239
48011,Arjun Gupta,23,Female,AB+,9296482126
48012,Sahil Gupta,25,Female,AB+,9533671760
48013,Divya Singh,49,Female,AB+,9392493226
48014,Sahil Reddy,56,Male,A+,9607252358
48015,Karan Mehta,44,Female,B-,9681046457
48016,Sahil Singh,33,Male,AB+,9288503842
48017,Rahul Verma,22,Female,A+,9700659625
48018,Sahil Patel,34,Female,O+,9946740384
48019,Rohan Singh,57,Female,B-,9357522383
48020,Anjali Verma,40,Female,O-,9486856790
48021,Rohan Gupta,32,Male,A+,9215992131
48022,Pooja Gupta,45,Male,A-,9141863382
48023,Karan Mehta,36,Male,AB+,9377737432
48024,Pooja Reddy,20,Male,O-,9403031263
48025,Divya Patel,29,Female,AB-,9963126546
48026,Kavya Mehta,55,Male,A+,9957382831
48027,Riya Gupta,59,Male,AB-,9376582386
48028,Pooja Patel,60,Female,A+,9907304545
48029,Sneha Mehta,53,Male,A+,9773933991
48030,Neha Kapoor,18,Female,A-,9342323375
48031,Divya Singh,56,Female,B-,9754615084
48032,Aman Gupta,35,Female,AB-,9227759486
48033,Vikram Gupta,51,Female,O-,9996739177
48034,Rahul Singh,52,Male,O+,9634103933
48035,Arjun Kapoor,51,Female,AB+,9432803212
48036,Arjun Mehta,51,Female,O+,9523443439
48037,Rahul Kapoor,35,Female,AB+,9784562239
48038,Sneha Verma,24,Male,B+,9490982586
48039,Sahil Gupta,52,Female,A-,9600134014
48040,Divya Mehta,40,Male,B+,9201310942
48041,Kavya Kapoor,34,Male,B+,9890669638
48042,Aman Reddy,43,Male,B+,9216870155
48043,Sneha Reddy,51,Male,A+,9516666096
48044,Divya Gupta,30,Female,O-,9617909517
48045,Arjun Sharma,56,Female,B+,9278362830
48046,Arjun Reddy,20,Female,B+,9958853519
48047,Aman Mehta,29,Female,O-,9345479555
48048,Priya Sharma,47,Male,A-,9880194074
48049,Anjali Sharma,49,Female,AB+,9314440206
48050,Sahil Reddy,41,Male,A+,9149392985
48051,Aditya Reddy,48,Male,O+,9830707945
48052,Pooja Patel,27,Female,B-,9807220639
48053,Kavya Sharma,50,Male,O-,9664626231
48054,Rohan Patel,27,Male,A-,9229367562
48055,Arjun Verma,60,Male,B+,9169092482
48056,Riya Patel,35,Female,A+,9628964713
48057,Sahil Verma,23,Male,B+,9484805581
48058,Kavya Mehta,34,Male,AB+,9985767810
48059,Rohan Sharma,53,Male,O-,9277338562
48060,Pooja Verma,32,Female,B-,9413203382
48061,Vikram Mehta,59,Female,B+,9326243855
48062,Riya Kapoor,59,Male,O-,9554897377
48063,Pooja Mehta,41,Female,A-,9755971117
48064,Riya Patel,56,Male,O+,9719404559
48065,Neha Verma,26,Female,O+,9611269788
48066,Anjali Reddy,21,Female,A+,9842910583
48067,Kavya Singh,58,Male,O-,9372896093
48068,Divya Kapoor,31,Female,A-,9134887477
48069,Priya Patel,24,Female,A-,9535817795
48070,Divya Patel,59,Male,B+,9175471906
48071,Rohan Gupta,38,Male,B-,9228152910
48072,Riya Patel,19,Female,O+,9276778044
48073,Anjali Singh,56,Male,B+,9913744627
48074,Priya Singh,30,Female,B-,9977062400
48075,Sahil Singh,28,Female,O+,9505778527
48076,Rahul Gupta,47,Male,B-,9470736793
48077,Rahul Verma,39,Male,O-,9101624084
48078,Arjun Sharma,37,Female,A-,9385207941
48079,Arjun Gupta,31,Female,B+,9406375049
48080,Sneha Gupta,51,Female,A+,9440491375
48081,Rahul Kapoor,35,Male,AB+,9955314108
48082,Vikram Mehta,26,Female,O-,9705209834
48083,Rahul Patel,22,Male,O+,9822491189
48084,Divya Sharma,29,Female,O+,9135446927
48085,Aditya Kapoor,27,Male,AB+,9665008777
48086,Divya Reddy,52,Female,AB+,9331293771
48087,Sneha Sharma,38,Male,AB+,9742054157
48088,Aditya Sharma,29,Male,A-,9593755082
48089,Sahil Kapoor,34,Female,O-,9906688609
48090,Karan Patel,26,Male,O-,9430516733
48091,Sahil Singh,23,Female,B+,9992899358
48092,Sneha Kapoor,20,Male,AB-,9901923957
48093,Riya Sharma,18,Male,O-,9180080977
48094,Aditya Verma,23,Male,O+,9988542404
48095,Neha Reddy,49,Female,O-,9995940324
48096,Sahil Mehta,22,Female,B-,9178459666
48097,Pooja Reddy,56,Female,B-,9109233707
48098,Priya Sharma,33,Female,A+,9546582468
48099,Aditya Singh,22,Female,B-,9258286821
48100,Rahul Gupta,36,Male,AB-,9408582369
48101,Divya Singh,19,Male,B+,9674343764
48102,Sneha Mehta,38,Male,A-,9910821010
48103,Aman Gupta,22,Female,O+,9867302106
48104,Aditya Singh,21,Female,AB-,9609721668
48105,Vikram Reddy,20,Male,O-,9314657275
48106,Sneha Sharma,21,Male,B-,9649009839
48107,Vikram Kapoor,25,Male,O+,9406280826
48108,Kavya Kapoor,53,Male,B+,9738549526
48109,Divya Sharma,37,Female,A+,9552678089
48110,Sahil Singh,23,Female,AB-,9224615977
48111,Neha Mehta,44,Male,B+,9550050067
48112,Divya Reddy,40,Male,O+,9487693474
48113,Riya Patel,59,Male,B+,9581859487
48114,Vikram Sharma,57,Male,AB+,9500316488
48115,Riya Singh,59,Male,A+,9664652045
48116,Priya Singh,19,Female,AB-,9266754098
48117,Karan Singh,39,Female,A-,9131457053
48118,Priya Gupta,58,Male,B-,9235940403
48119,Pooja Reddy,59,Female,AB+,9960784563
48120,Aditya Verma,28,Male,O+,9453751717
48121,Vikram Sharma,37,Male,B+,9532028960
48122,Kavya Kapoor,55,Male,AB+,9931641420
48123,Arjun Mehta,45,Female,A-,9571061530
48124,Karan Mehta,52,Male,A+,9647917178
48125,Aditya Verma,25,Female,O-,9834572190
48126,Divya Patel,47,Female,AB+,9742960308
48127,Karan Kapoor,38,Female,AB-,9831869287
48128,Pooja Patel,31,Female,AB-,9680808604
48129,Arjun Singh,55,Male,B+,9695124654
48130,Karan Gupta,29,Male,O+,9620271185
48131,Arjun Kapoor,44,Male,O-,9711673225
48132,Aman Singh,42,Male,O+,9788885066
48133,Anjali Mehta,40,Male,B+,9809967517
48134,Anjali Mehta,23,Male,AB-,9182342088
48135,Arjun Verma,39,Male,A+,9462187185
48136,Anjali Singh,40,Male,A+,9469568902
48137,Sahil Kapoor,32,Female,B+,9339833689
48138,Sahil Gupta,37,Female,O-,9209697223
48139,Neha Patel,35,Male,O-,9153029426
48140,Rohan Verma,21,Male,B+,9263414506
48141,Vikram Reddy,39,Male,A-,9794401165
48142,Arjun Reddy,18,Male,O-,9830181533
48143,Rahul Mehta,37,Male,O+,9941489356
48144,Sneha Reddy,38,Female,AB-,9104988477
48145,Neha Kapoor,51,Female,O+,9360368659
48146,Aditya Sharma,22,Male,A-,9251137991
48147,Priya Verma,31,Male,A-,9936708448
48148,Divya Mehta,33,Female,B+,9773925805
48149,Priya Mehta,18,Female,AB-,9960454623
48150,Rahul Kapoor,37,Female,B+,9272941712
48151,Rohan Reddy,52,Male,O-,9692110185
48152,Arjun Gupta,30,Male,B+,9192261865
48153,Rohan Singh,25,Male,O-,9236899755
48154,Pooja Patel,18,Male,AB+,9464465691
48155,Anjali Reddy,30,Female,B+,9786893594
48156,Vikram Patel,45,Female,A+,9878649623
48157,Aditya Reddy,55,Male,O-,9843118247
48158,Pooja Verma,57,Female,O+,9726332743
48159,Aditya Mehta,21,Male,O-,9915814918
48160,Rahul Sharma,40,Male,O-,9553980755
48161,Kavya Sharma,21,Female,A+,9993826326
48162,Divya Patel,53,Male,O-,9604607057
48163,Pooja Singh,33,Female,O-,9258391424
48164,Sneha Patel,39,Female,O-,9970294159
48165,Aman Sharma,30,Female,O+,9721893203
48166,Aman Mehta,37,Male,B-,9616884980
48167,Sneha Mehta,35,Male,O+,9398517669
48168,Riya Verma,24,Female,B+,9411502396
48169,Aman Gupta,44,Female,B+,9145180952
48170,Pooja Kapoor,43,Male,AB+,9919478718
48171,Anjali Reddy,58,Female,B-,9172841435
48172,Rohan Kapoor,24,Male,A-,9241268966
48173,Arjun Gupta,19,Male,A-,9884758458
48174,Aditya Verma,47,Male,O-,9939503138
48175,Anjali Kapoor,27,Male,A-,9710920904
48176,Sneha Kapoor,31,Male,O-,9548767711
48177,Karan Reddy,53,Female,O+,9506171702
48178,Arjun Verma,42,Female,AB+,9144135593
48179,Priya Gupta,52,Female,A+,9768339930
48180,Neha Kapoor,42,Female,A+,9392283814
48181,Aditya Reddy,51,Female,A-,9832787607
48182,Vikram Mehta,18,Male,B+,9486148499
48183,Sahil Verma,44,Female,A+,9463933271
48184,Rohan Verma,51,Male,A-,9390953933
48185,Sneha Singh,38,Female,B-,9533792865
48186,Vikram Gupta,41,Male,AB+,9197268101
48187,Divya Verma,42,Female,B+,9897554328
48188,Sahil Gupta,30,Female,AB-,9432997172
48189,Divya Reddy,21,Male,AB+,9297359584
48190,Pooja Mehta,28,Male,B-,9126208319
48191,Riya Patel,46,Male,A+,9157960510
48192,Sneha Verma,44,Male,AB+,9912277146
48193,Riya Reddy,39,Female,O-,9536036852
48194,Rahul Sharma,45,Male,B+,9899876575
48195,Anjali Patel,19,Female,A+,9533368593
48196,Divya Sharma,57,Female,A-,9391093827
48197,Rahul Reddy,53,Female,O+,9707544462
48198,Rohan Kapoor,49,Male,AB+,9927875339
48199,Rahul Mehta,46,Male,B-,9966637487
48200,Pooja Sharma,19,Male,O+,9408770000
48201,Kavya Mehta,27,Female,A-,9512539027
48202,Anjali Verma,46,Female,B+,9218634903
48203,Rohan Mehta,26,Female,AB-,9651288011
48204,Karan Verma,33,Male,B+,9168092776
48205,Rahul Gupta,29,Female,B-,9488531954
48206,Divya Verma,19,Male,B+,9343591922
48207,Arjun Mehta,50,Male,B+,9251767575
48208,Rohan Gupta,52,Female,A-,9704873214
48209,Karan Sharma,32,Male,AB+,9141458183
48210,Divya Mehta,41,Male,AB+,9965210663
48211,Riya Mehta,18,Female,A-,9984036886
48212,Priya Verma,57,Male,B-,9245658749
48213,Aman Singh,51,Male,B+,9604241478
48214,Divya Patel,56,Female,B+,9160536530
48215,Rahul Sharma,57,Female,AB-,9711960728
48216,Pooja Reddy,41,Male,AB-,9828539061
48217,Aman Patel,20,Female,O-,9904580211
48218,Neha Reddy,51,Female,B+,9259161786
48219,Rohan Kapoor,51,Female,O-,9170258267
48220,Rohan Reddy,25,Female,AB+,9870648285
48221,Aman Mehta,27,Female,O+,9605874728
48222,Priya Gupta,54,Male,AB+,9901638322
48223,Rahul Verma,42,Female,B+,9841917471
48224,Rahul Patel,47,Female,O-,9323133970
48225,Rahul Singh,33,Male,A-,9654054191
48226,Vikram Gupta,54,Female,AB-,9446176375
48227,Anjali Gupta,22,Male,O-,9260792260
48228,Rohan Sharma,42,Male,O+,9200260557
48229,Sneha Singh,39,Male,O+,9347908788
48230,Divya Sharma,38,Male,B-,9962351687
48231,Sneha Reddy,54,Female,B+,9847405521
48232,Priya Sharma,34,Male,A-,9326979739
48233,Priya Verma,52,Female,B+,9608398430
48234,Pooja Mehta,26,Male,O+,9120971329
48235,Divya Reddy,18,Male,B-,9696398125
48236,Rahul Reddy,49,Male,O+,9640959463
48237,Priya Verma,60,Male,O-,9649481198
48238,Vikram Sharma,43,Male,B-,9367522566
48239,Priya Singh,54,Female,O+,9634795036
48240,Arjun Verma,50,Female,O-,9333940249
48241,Kavya Reddy,39,Female,A-,9100315079
48242,Karan Mehta,35,Female,B-,9228917564
48243,Pooja Singh,26,Male,O+,9434402410
48244,Sneha Gupta,27,Male,O+,9964716295
48245,Aman Sharma,37,Female,O+,9662478676
48246,Kavya Reddy,47,Male,O+,9769488058
48247,Karan Sharma,37,Male,A+,9463646469
48248,Riya Mehta,49,Female,O+,9915671488
48249,Anjali Verma,60,Male,AB+,9877030197
48250,Anjali Sharma,19,Male,O-,9525145456
48251,Sahil Singh,37,Male,O+,9586259010
48252,Kavya Singh,50,Male,A+,9397264029
48253,Karan Reddy,32,Female,O+,9894581496
48254,Rohan Patel,24,Female,AB-,9243350350
48255,Sneha Singh,30,Male,A+,9651073289
48256,Arjun Gupta,22,Female,O-,9205265646
48257,Priya Patel,19,Female,O-,9526903338
48258,Sneha Singh,23,Male,AB-,9283752551
48259,Vikram Patel,22,Male,O-,9268388059
48260,Pooja Mehta,56,Male,A-,9934198379
48261,Priya Sharma,37,Female,AB-,9689284033
48262,Pooja Sharma,47,Male,B+,9667707212
48263,Karan Sharma,48,Male,AB+,9775467537
48264,Anjali Patel,41,Male,A+,9578347203
48265,Rahul Mehta,58,Female,O-,9771138060
48266,Anjali Verma,48,Female,A-,9702959978
48267,Divya Kapoor,57,Female,A-,9894317092
48268,Priya Singh,47,Female,O-,9283249662
48269,Sahil Patel,31,Female,A-,9935817392
48270,Aditya Sharma,29,Male,O-,9522655628
48271,Arjun Patel,46,Female,A+,9846928187
48272,Sneha Reddy,32,Male,A+,9799694031
48273,Anjali Mehta,55,Male,O-,9561962345
48274,Kavya Reddy,46,Female,A+,9346283475
48275,Riya Kapoor,54,Male,AB-,9341780028
48276,Anjali Patel,24,Male,B+,9671077353
48277,Neha Singh,27,Male,A+,9415719863
48278,Vikram Patel,55,Male,AB+,9676947684
48279,Neha Gupta,24,Female,A+,9252667492
48280,Arjun Mehta,30,Female,B-,9424615881
48281,Sahil Patel,40,Female,O-,9998319642
48282,Priya Reddy,49,Male,AB+,9317230781
48283,Neha Patel,27,Male,B-,9347684117
48284,Vikram Kapoor,57,Male,B-,9487601111
48285,Arjun Gupta,49,Female,AB+,9534214321
48286,Vikram Kapoor,31,Male,B+,9516731771
48287,Aditya Gupta,52,Male,B-,9952143355
48288,Sahil Singh,42,Male,AB-,9468312959
48289,Anjali Kapoor,46,Male,B+,9998252612
48290,Anjali Patel,58,Female,A+,9839609444
48291,Sneha Verma,37,Male,AB+,9116878156
48292,Karan Patel,55,Male,A+,9616178212
48293,Sahil Kapoor,40,Male,B-,9358686442
48294,Divya Reddy,32,Male,B-,9177312333
48295,Divya Kapoor,22,Female,AB-,9731287906
48296,Anjali Reddy,34,Male,O+,9849657243
48297,Aman Mehta,37,Male,B-,9576259703
48298,Aman Reddy,31,Male,A-,9204730989
48299,Divya Kapoor,50,Male,AB+,9281862290
48300,Divya Patel,59,Male,AB+,9440457140
48301,Sneha Patel,59,Female,O+,9314293046
48302,Anjali Sharma,59,Female,B+,9918768498
48303,Neha Reddy,23,Female,AB-,9513927600
48304,Kavya Reddy,52,Female,B-,9637261057
48305,Arjun Gupta,51,Female,B-,9971161484
48306,Sneha Kapoor,45,Female,A+,9445278806
48307,Kavya Singh,50,Male,A+,9949693054
48308,Aditya Mehta,53,Female,AB-,9721907461
48309,Neha Gupta,52,Female,O-,9790737304
48310,Rohan Reddy,19,Male,A-,9833661709
48311,Vikram Reddy,46,Female,B-,9574231395
48312,Sneha Patel,40,Female,O-,9461886360
48313,Sahil Sharma,29,Male,AB-,9705504140
48314,Vikram Patel,34,Male,O-,9279294927
48315,Pooja Verma,21,Female,O+,9583701497
48316,Divya Verma,27,Female,A+,9182220893
48317,Vikram Singh,58,Male,B+,9501127605
48318,Arjun Sharma,48,Female,O+,9171099397
48319,Pooja Verma,35,Male,B-,9144014101
48320,Vikram Gupta,42,Male,O-,9319601110
48321,Kavya Verma,42,Female,AB+,9481186488
48322,Pooja Gupta,41,Female,A-,9930997990
48323,Sahil Reddy,44,Male,O+,9228688514
48324,Sahil Sharma,31,Male,O-,9392729957
48325,Sneha Kapoor,51,Male,AB+,9293280718
48326,Sahil Reddy,43,Male,O-,9768455220
48327,Kavya Mehta,39,Female,B+,9137374988
48328,Karan Verma,43,Female,A-,9331735988
48329,Riya Gupta,46,Female,B-,9777162583
48330,Divya Verma,24,Male,A-,9896364606
48331,Priya Patel,20,Female,AB-,9338259092
48332,Arjun Mehta,35,Female,AB+,9789182868
48333,Pooja Sharma,20,Female,A-,9535080171
48334,Aman Patel,46,Female,O+,9353202430
48335,Vikram Gupta,37,Female,AB+,9906651506
48336,Vikram Kapoor,32,Female,AB+,9295677321
48337,Arjun Reddy,26,Male,B-,9467344946
48338,Anjali Gupta,25,Male,B+,9780194105
48339,Rohan Verma,42,Female,A+,9716984734
48340,Sahil Sharma,44,Female,A+,9113500248
48341,Sahil Verma,48,Male,O-,9217941640
48342,Pooja Verma,43,Female,O+,9552396701
48343,Karan Kapoor,50,Male,B+,9798896382
48344,Aman Singh,40,Male,B+,9350716752
48345,Aman Gupta,59,Female,AB-,9221064216
48346,Anjali Patel,25,Female,B+,9806615185
48347,Divya Verma,33,Male,O-,9816310693
48348,Pooja Sharma,49,Female,B+,9106026771
48349,Priya Patel,57,Female,AB-,9315354034
48350,Rahul Verma,18,Female,O-,9963206252
48351,Sneha Verma,19,Female,B-,9756353773
48352,Sahil Patel,46,Female,B-,9618877837
48353,Riya Kapoor,18,Male,B+,9991430248
48354,Rahul Gupta,52,Male,B+,9422725882
48355,Rohan Verma,29,Male,A-,9457002827
48356,Karan Verma,36,Female,AB-,9466163261
48357,Sneha Mehta,57,Female,AB+,9898284705
48358,Sahil Mehta,18,Male,A-,9293251793
48359,Aditya Patel,48,Male,AB+,9737539043
48360,Vikram Gupta,23,Female,AB-,9924073493
48361,Aman Singh,24,Male,AB-,9233535243
48362,Rohan Patel,59,Male,A+,9993011289
48363,Aditya Gupta,57,Female,B+,9437700932
48364,Aditya Sharma,29,Female,O+,9497170640
48365,Pooja Kapoor,26,Female,B-,9372037889
48366,Sahil Sharma,59,Female,O+,9416427616
48367,Divya Reddy,57,Male,B-,9660146203
48368,Aman Sharma,34,Female,O-,9361183396
48369,Kavya Singh,56,Female,B+,9630629933
48370,Aman Kapoor,57,Female,A-,9327702820
48371,Aditya Patel,25,Female,O+,9743960682
48372,Sahil Verma,37,Female,O-,9765093431
48373,Rahul Singh,36,Female,A-,9804634111
48374,Rohan Sharma,41,Male,B-,9463610312
48375,Karan Patel,59,Female,B+,9513137884
48376,Arjun Mehta,25,Male,A-,9929063368
48377,Vikram Verma,33,Male,B-,9232793683
48378,Aman Reddy,52,Female,A-,9217950672
48379,Pooja Sharma,47,Male,O-,9121199233
48380,Priya Patel,57,Female,O+,9894835048
48381,Arjun Singh,52,Male,AB-,9868376487
48382,Kavya Patel,49,Male,AB+,9495029616
48383,Pooja Patel,56,Female,B+,9955966670
48384,Vikram Reddy,24,Male,AB-,9397264064
48385,Rohan Verma,25,Male,AB+,9481502956
48386,Sneha Sharma,43,Female,B-,9518571255
48387,Aditya Verma,27,Male,O+,9488171938
48388,Kavya Mehta,45,Female,A+,9690869890
48389,Priya Singh,31,Female,B+,9392968440
48390,Rohan Patel,40,Female,A+,9284944045
48391,Sneha Singh,28,Male,O+,9363742250
48392,Pooja Sharma,55,Male,O+,9883735813
48393,Vikram Reddy,54,Female,B-,9520893694
48394,Aditya Reddy,42,Male,A+,9141579823
48395,Sahil Kapoor,54,Female,B-,9126917783
48396,Priya Verma,20,Female,AB-,9554645421
48397,Anjali Gupta,35,Male,AB-,9192763658
48398,Kavya Verma,56,Female,AB+,9100813636
48399,Aman Singh,46,Male,A+,9517994562
48400,Aman Singh,59,Female,B+,9954594522
48401,Aman Sharma,40,Female,A-,9709779420
48402,Karan Singh,41,Male,O-,9653612081
48403,Pooja Reddy,52,Female,AB-,9249361318
48404,Divya Verma,41,Female,O-,9218549989
48405,Arjun Patel,22,Female,B+,9569729285
48406,Riya Gupta,25,Female,O-,9961284368
48407,Sneha Mehta,18,Female,AB+,9697441686
48408,Sneha Patel,25,Female,A-,9111699531
48409,Rohan Sharma,30,Female,AB-,9235452628
48410,Anjali Patel,27,Female,AB-,9294707214
48411,Sahil Patel,59,Male,O-,9338597202
48412,Divya Reddy,50,Male,A+,9894438764
48413,Divya Mehta,58,Male,O+,9859558371
48414,Sahil Sharma,47,Male,A-,9355984605
48415,Aditya Verma,34,Male,A+,9812341508
48416,Sahil Gupta,20,Female,B+,9265239667
48417,Aman Singh,36,Male,A+,9463117070
48418,Sahil Mehta,46,Female,B+,9841020977
48419,Aman Mehta,40,Male,A+,9721901101
48420,Divya Verma,30,Female,AB+,9912919567
48421,Karan Patel,48,Female,B-,9201687709
48422,Priya Verma,58,Male,B+,9101965737
48423,Rohan Reddy,28,Female,AB-,9683390123
48424,Kavya Reddy,51,Female,A+,9598420866
48425,Sneha Mehta,58,Male,O-,9116507859
48426,Sahil Patel,28,Male,A-,9475471060
48427,Karan Patel,42,Female,AB-,9854511400
48428,Kavya Kapoor,57,Female,AB-,9349164542
48429,Divya Verma,53,Female,AB-,9705681114
48430,Pooja Patel,42,Female,AB-,9459275868
48431,Divya Sharma,34,Female,AB-,9476980505
48432,Anjali Singh,28,Female,A+,9249128509
48433,Divya Sharma,34,Male,B-,9465583744
48434,Kavya Patel,19,Male,O+,9588486154
48435,Aditya Gupta,39,Male,AB-,9112524878
48436,Aman Gupta,40,Female,AB-,9159799079
48437,Divya Reddy,35,Female,AB-,9341537550
48438,Neha Mehta,50,Male,B-,9359788737
48439,Aditya Gupta,38,Male,B+,9988601394
48440,Sahil Reddy,36,Female,O+,9406904226
48441,Anjali Kapoor,58,Female,A-,9494843007
48442,Anjali Verma,47,Female,B+,9280274400
48443,Anjali Mehta,28,Female,B-,9524984806
48444,Karan Kapoor,52,Female,O-,9298841871
48445,Karan Kapoor,54,Female,AB+,9363681222
48446,Riya Mehta,55,Female,O+,9275883110
48447,Karan Gupta,28,Male,A+,9139443209
48448,Sneha Gupta,50,Female,O+,9500084969
48449,Priya Mehta,35,Male,B-,9993967321
48450,Rohan Sharma,52,Female,B-,9955588153
48451,Kavya Gupta,47,Female,A+,9852754238
48452,Pooja Mehta,29,Male,AB+,9234964000
48453,Sahil Singh,49,Female,AB-,9600222310
48454,Karan Gupta,51,Female,O+,9299959089
48455,Neha Mehta,38,Female,B+,9225728904
48456,Pooja Patel,59,Male,B-,9174840322
48457,Kavya Singh,26,Female,A+,9360784013
48458,Vikram Gupta,32,Male,B-,9663837401
48459,Sneha Patel,34,Female,O+,9755735872
48460,Arjun Singh,52,Male,B+,9252895896
48461,Kavya Reddy,41,Female,B-,9305901350
48462,Aditya Kapoor,35,Male,B-,9151775510
48463,Anjali Mehta,42,Female,O-,9172050394
48464,Neha Gupta,30,Male,O+,9531885128
48465,Neha Kapoor,19,Male,A-,9156504725
48466,Priya Kapoor,22,Male,AB+,9541638657
48467,Rohan Singh,36,Female,A-,9733669296
48468,Kavya Singh,59,Female,B+,9183781863
48469,Kavya Verma,27,Male,B+,9574370809
48470,Divya Mehta,22,Male,O+,9552079770
48471,Neha Singh,22,Male,AB-,9151564853
48472,Divya Patel,20,Male,O-,9156627748
48473,Karan Kapoor,45,Female,B+,9906243594
48474,Neha Sharma,43,Female,B-,9327244398
48475,Vikram Mehta,49,Male,A+,9499157864
48476,Rahul Singh,54,Male,AB+,9583252235
48477,Kavya Singh,52,Male,B+,9523391758
48478,Riya Patel,22,Male,AB+,9139015302
48479,Arjun Singh,24,Male,A-,9374598144
48480,Kavya Singh,56,Female,A+,9263402982
48481,Rahul Reddy,33,Male,AB-,9307494377
48482,Riya Singh,46,Female,A-,9608956316
48483,Arjun Verma,22,Female,O-,9245980724
48484,Pooja Sharma,40,Male,A+,9621327012
48485,Priya Sharma,59,Female,A-,9178305273
48486,Priya Verma,50,Male,O+,9724489982
48487,Rohan Gupta,36,Female,O-,9586803396
48488,Anjali Reddy,25,Female,AB-,9330969949
48489,Aman Reddy,40,Female,O+,9638088548
48490,Neha Patel,37,Male,O-,9464961716
48491,Riya Patel,54,Female,B-,9121438150
48492,Riya Patel,44,Male,AB-,9643807114
48493,Aman Reddy,33,Male,A-,9679775292
48494,Karan Patel,55,Male,B-,9509946520
48495,Riya Patel,60,Female,O+,9967320181
48496,Aman Gupta,57,Male,AB-,9812300437
48497,Priya Mehta,21,Male,AB-,9616399690
48498,Pooja Reddy,35,Male,A+,9918657375
48499,Rahul Singh,21,Female,A-,9168187189
48500,Sneha Verma,56,Female,O+,9999814004
48501,Priya Mehta,32,Female,O+,9486225898
48502,Kavya Sharma,23,Female,A-,9880386796
48503,Arjun Gupta,29,Female,B+,9700837453
48504,Kavya Kapoor,19,Male,O+,9126461444
48505,Aditya Singh,59,Male,B+,9900919713
48506,Vikram Singh,53,Male,B-,9926615880
48507,Priya Singh,22,Female,AB-,9525250733
48508,Arjun Gupta,48,Male,B+,9861736467
48509,Karan Singh,30,Male,AB-,9429505388
48510,Anjali Mehta,25,Female,B+,9296566677
48511,Vikram Patel,36,Male,AB+,9859587660
48512,Sneha Verma,45,Male,AB+,9600490283
48513,Arjun Kapoor,54,Female,O+,9834036213
48514,Rahul Sharma,55,Male,AB-,9938281858
48515,Neha Kapoor,33,Male,B+,9358006257
48516,Kavya Mehta,56,Female,A-,9193802537
48517,Priya Reddy,43,Female,AB-,9663905511
48518,Rohan Patel,50,Male,AB-,9212569206
48519,Aditya Reddy,34,Female,A-,9741298913
48520,Anjali Singh,28,Female,A+,9124310414
48521,Vikram Kapoor,33,Male,O-,9464084504
48522,Kavya Mehta,45,Male,AB-,9669109162
48523,Kavya Singh,33,Male,O-,9399620471
48524,Arjun Verma,53,Male,B+,9633529859
48525,Anjali Patel,57,Female,O-,9338845889
48526,Sneha Singh,57,Male,B-,9769434199
48527,Kavya Sharma,40,Female,A+,9463217262
48528,Sneha Singh,34,Female,A-,9844298626
48529,Karan Gupta,28,Female,A-,9837320445
48530,Sneha Verma,34,Female,O+,9849965860
48531,Anjali Sharma,21,Male,B-,9652884360
48532,Divya Kapoor,33,Male,A-,9925085903
48533,Riya Kapoor,41,Male,A-,9298171191
48534,Vikram Patel,54,Female,A+,9990309487
48535,Rohan Gupta,35,Female,B+,9922140013
48536,Sneha Verma,29,Male,O+,9664313835
48537,Vikram Patel,37,Male,A-,9712293889
48538,Rohan Patel,23,Male,AB-,9856324219
48539,Rohan Verma,25,Male,AB+,9506752959
48540,Pooja Mehta,52,Female,O+,9515530739
48541,Kavya Gupta,35,Female,B-,9267433248
48542,Pooja Mehta,59,Male,A+,9657436737
48543,Sahil Sharma,60,Male,B+,9754390028
48544,Karan Reddy,23,Female,B-,9889952993
48545,Sneha Verma,31,Female,AB+,9996912935
48546,Rahul Singh,37,Female,AB+,9679556184
48547,Sneha Gupta,43,Male,AB+,9217377680
48548,Sahil Gupta,37,Female,AB-,9751082267
48549,Aditya Reddy,39,Male,O-,9794143935
48550,Kavya Patel,54,Male,B-,9934498058
48551,Riya Patel,20,Male,B+,9255525560
48552,Rahul Gupta,38,Female,A+,9882235116
48553,Riya Verma,54,Female,O-,9150745850
48554,Rahul Verma,36,Male,AB+,9309172689
48555,Sneha Mehta,30,Female,A+,9213993068
48556,Sneha Gupta,19,Male,B-,9164528401
48557,Anjali Patel,31,Female,AB+,9456119225
48558,Rohan Mehta,41,Male,B+,9338877008
48559,Aditya Mehta,45,Female,B-,9956772831
48560,Neha Kapoor,37,Male,AB+,9602387885
48561,Arjun Kapoor,41,Female,O-,9923423106
48562,Neha Gupta,60,Male,A-,9539039721
48563,Kavya Sharma,30,Female,B-,9784605144
48564,Vikram Singh,25,Male,B+,9151587376
48565,Priya Gupta,37,Female,AB-,9933174158
48566,Neha Reddy,55,Female,A+,9892655420
48567,Rahul Gupta,57,Male,A+,9975392231
48568,Kavya Patel,48,Male,O-,9982257651
48569,Divya Gupta,60,Female,O+,9481791270
48570,Kavya Kapoor,28,Male,AB-,9640186825
48571,Karan Sharma,25,Female,A+,9280999276
48572,Rahul Singh,46,Male,AB-,9234889801
48573,Riya Gupta,35,Female,AB-,9249414463
48574,Karan Reddy,23,Male,B-,9458975891
48575,Divya Verma,32,Male,AB-,9933955897
48576,Rahul Verma,36,Male,B-,9705629512
48577,Rahul Singh,33,Female,A-,9102708301
48578,Aditya Kapoor,27,Female,O-,9827279327
48579,Kavya Kapoor,54,Female,O-,9535539731
48580,Anjali Singh,37,Female,O-,9622965756
48581,Kavya Kapoor,29,Female,A-,9187016147
48582,Vikram Sharma,55,Female,A+,9617684953
48583,Divya Patel,28,Female,B+,9274114007
48584,Karan Reddy,20,Male,AB+,9182918631
48585,Priya Mehta,41,Male,A-,9677367718
48586,Sneha Verma,37,Male,AB+,9469005492
48587,Rohan Reddy,25,Male,B+,9645336761
48588,Priya Verma,54,Male,O+,9427957338
48589,Karan Verma,38,Female,AB+,9845980662
48590,Rohan Sharma,23,Male,AB+,9465020743
48591,Pooja Patel,18,Male,A-,9166788347
48592,Arjun Gupta,30,Male,O+,9842053605
48593,Divya Singh,48,Female,B-,9650593429
48594,Aditya Reddy,23,Female,A+,9833681867
48595,Aman Reddy,32,Female,B-,9909241708
48596,Aditya Kapoor,35,Female,AB+,9570083777
48597,Rahul Singh,45,Female,A-,9397905228
48598,Kavya Reddy,28,Female,B+,9190634083
48599,Kavya Patel,37,Male,B-,9692204650
48600,Kavya Singh,27,Female,AB-,9386662012
48601,Anjali Singh,42,Female,B+,9258291538
48602,Pooja Singh,30,Female,O+,9606947253
48603,Kavya Gupta,55,Female,AB+,9512487468
48604,Rohan Sharma,49,Female,A-,9266626679
48605,Vikram Reddy,28,Female,O+,9125301313
48606,Pooja Mehta,18,Male,A+,9868871287
48607,Divya Gupta,28,Male,AB-,9983324259
48608,Anjali Patel,44,Male,B+,9804414954
48609,Sahil Verma,33,Male,O-,9872938820
48610,Karan Singh,41,Female,A-,9227077838
48611,Kavya Sharma,49,Female,A-,9441872439
48612,Divya Mehta,46,Female,AB-,9777209296
48613,Aditya Mehta,56,Male,O-,9335864013
48614,Divya Verma,52,Male,A+,9600764948
48615,Kavya Kapoor,40,Male,AB-,9276478505
48616,Arjun Mehta,43,Male,O-,9715392085
48617,Priya Gupta,50,Male,A-,9368464842
48618,Pooja Reddy,18,Male,AB-,9420031205
48619,Rahul Mehta,58,Male,O+,9788802192
48620,Pooja Gupta,56,Female,B+,9770449381
48621,Rahul Sharma,23,Male,A-,9578004322
48622,Aditya Verma,40,Male,O-,9896300326
48623,Kavya Kapoor,32,Female,B+,9430941362
48624,Aditya Singh,29,Male,O-,9593771318
48625,Divya Gupta,31,Female,B-,9552381537
48626,Riya Reddy,34,Female,B-,9687662558
48627,Aman Singh,49,Male,O+,9323908957
48628,Vikram Singh,47,Male,O+,9266544730
48629,Rohan Mehta,55,Male,O+,9947212815
48630,Vikram Kapoor,33,Male,AB+,9105065761
48631,Karan Verma,48,Female,O+,9635706533
48632,Arjun Singh,52,Male,A-,9312533126
48633,Rahul Kapoor,49,Female,B-,9411048645
48634,Vikram Reddy,50,Male,O-,9596139074
48635,Rahul Verma,40,Female,AB+,9377902100
48636,Divya Mehta,42,Female,O+,9385484785
48637,Arjun Gupta,47,Male,A+,9786196121
48638,Pooja Verma,53,Female,O+,9701742585
48639,Aditya Singh,56,Female,O-,9354904066
48640,Arjun Verma,19,Female,B+,9383050899
48641,Arjun Patel,57,Female,A+,9471835119
48642,Karan Gupta,51,Male,O+,9209902909
48643,Rohan Reddy,57,Female,O-,9660483676
48644,Karan Reddy,48,Female,A+,9390057650
48645,Sahil Gupta,26,Male,AB+,9557705682
48646,Riya Gupta,47,Female,AB-,9825391865
48647,Riya Mehta,52,Male,O+,9653693981
48648,Vikram Patel,43,Male,O-,9236512284
48649,Sneha Kapoor,27,Female,A-,9597995304
48650,Sneha Reddy,32,Female,B+,9709734918
48651,Rahul Sharma,27,Male,O-,9641554344
48652,Karan Singh,26,Male,B-,9554749277
48653,Sahil Mehta,54,Male,O+,9765201618
48654,Riya Mehta,38,Female,A+,9403062247
48655,Kavya Sharma,38,Male,A+,9615908595
48656,Aditya Verma,51,Female,A+,9804251849
48657,Riya Sharma,40,Male,O+,9773014691
48658,Riya Mehta,57,Female,B+,9641301681
48659,Kavya Patel,27,Male,A-,9967774825
48660,Aman Gupta,43,Female,AB-,9248969317
48661,Sneha Patel,31,Male,B+,9183535883
48662,Aman Kapoor,52,Female,AB-,9534812704
48663,Neha Reddy,49,Male,B-,9812889403
48664,Priya Reddy,53,Female,O+,9395761195
48665,Riya Kapoor,44,Male,O-,9978840201
48666,Priya Reddy,46,Male,AB-,9913058642
48667,Rohan Gupta,41,Female,AB-,9246675899
48668,Karan Gupta,29,Female,B-,9434574368
48669,Arjun Singh,22,Female,B-,9982477004
48670,Divya Reddy,54,Male,B+,9775746752
48671,Riya Reddy,46,Female,AB+,9425920405
48672,Vikram Mehta,36,Female,O+,9357984566
48673,Priya Sharma,25,Male,AB-,9266793933
48674,Sahil Reddy,44,Male,A+,9573549646
48675,Aman Sharma,32,Female,B-,9241759435
48676,Neha Kapoor,55,Male,AB+,9572276346
48677,Aditya Verma,43,Male,B+,9223443638
48678,Priya Gupta,29,Male,O-,9914444840
48679,Kavya Patel,22,Female,O+,9408829804
48680,Karan Kapoor,49,Male,AB-,9758786997
48681,Riya Reddy,44,Male,A-,9170217659
48682,Riya Sharma,25,Male,O+,9383368375
48683,Pooja Verma,36,Male,B-,9594476981
48684,Pooja Reddy,51,Female,AB+,9367769165
48685,Vikram Kapoor,31,Female,AB+,9342709837
48686,Neha Kapoor,18,Female,O-,9382893013
48687,Vikram Kapoor,57,Female,O+,9732187678
48688,Aditya Sharma,21,Male,A-,9959370686
48689,Priya Singh,21,Male,O-,9915481306
48690,Rahul Verma,26,Male,B-,9251721635
48691,Aditya Verma,56,Male,B+,9686037106
48692,Neha Patel,47,Female,AB-,9532927152
48693,Kavya Patel,59,Female,O-,9327626898
48694,Priya Patel,43,Male,AB-,9498120610
48695,Rahul Patel,30,Male,B+,9128161326
48696,Aman Reddy,46,Male,B-,9172345870
48697,Vikram Singh,47,Male,O+,9648616706
48698,Kavya Kapoor,25,Male,O-,9877273305
48699,Rohan Reddy,25,Male,O+,9113448119
48700,Aditya Singh,58,Female,AB+,9395040200
48701,Anjali Gupta,60,Female,O-,9977134547
48702,Pooja Mehta,19,Female,O+,9341860286
48703,Vikram Gupta,29,Female,O+,9772409900
48704,Pooja Reddy,25,Male,AB-,9197830680
48705,Aman Gupta,53,Female,O+,9608691670
48706,Pooja Mehta,58,Male,AB+,9898613035
48707,Sahil Patel,33,Male,B-,9538450867
48708,Karan Gupta,33,Female,O-,9504470759
48709,Rohan Kapoor,32,Female,AB-,9776510390
48710,Divya Patel,56,Female,AB+,9285324098
48711,Rohan Kapoor,58,Female,O-,9162999038
48712,Riya Singh,41,Female,O+,9221394496
48713,Aman Verma,33,Male,B-,9748907514
48714,Riya Mehta,55,Female,AB+,9757670356
48715,Priya Mehta,30,Male,A-,9685170746
48716,Divya Singh,57,Male,AB-,9337305370
48717,Riya Gupta,53,Female,B-,9921384470
48718,Riya Reddy,19,Female,B-,9887642173
48719,Anjali Mehta,27,Male,AB+,9249633694
48720,Rohan Kapoor,51,Female,A-,9271383568
48721,Pooja Patel,29,Male,A-,9721177055
48722,Karan Verma,56,Male,B+,9943080866
48723,Sahil Patel,45,Female,B+,9709151389
48724,Priya Sharma,50,Male,B-,9430448811
48725,Divya Mehta,20,Male,AB+,9839928817
48726,Aditya Sharma,58,Male,AB+,9678472424
48727,Arjun Kapoor,39,Male,B+,9884195628
48728,Riya Sharma,50,Female,AB+,9343077119
48729,Riya Gupta,21,Female,A+,9625902907
48730,Pooja Mehta,52,Female,A+,9509272442
48731,Rahul Verma,37,Male,O+,9536636065
48732,Karan Gupta,33,Male,O+,9767346288
48733,Rohan Gupta,29,Male,AB-,9581321906
48734,Priya Verma,31,Female,O+,9459866032
48735,Anjali Sharma,27,Female,O+,9918442478
48736,Priya Reddy,54,Male,O+,9236732752
48737,Rahul Reddy,46,Male,AB-,9230435732
48738,Aman Gupta,22,Male,B-,9310130312
48739,Anjali Singh,37,Male,O-,9829881085
48740,Aman Verma,41,Male,O+,9182347617
48741,Anjali Sharma,60,Female,AB-,9458518891
48742,Sahil Gupta,48,Male,AB+,9964787975
48743,Divya Sharma,41,Male,O+,9847433165
48744,Rahul Singh,37,Female,A+,9971312637
48745,Sahil Verma,19,Male,O+,9942898878
48746,Arjun Kapoor,28,Male,A-,9700921718
48747,Sneha Gupta,53,Female,AB-,9443951610
48748,Aditya Verma,50,Male,AB+,9227828671
48749,Sneha Reddy,49,Female,AB-,9519219660
48750,Aman Kapoor,27,Male,B+,9865843397
48751,Divya Gupta,54,Male,AB-,9295080916
48752,Riya Kapoor,52,Female,O-,9737183565
48753,Anjali Gupta,58,Male,A-,9958980377
48754,Rahul Verma,35,Male,A-,9223283316
48755,Rahul Verma,27,Male,B+,9787164523
48756,Riya Mehta,38,Female,O+,9509829975
48757,Arjun Mehta,55,Male,A+,9615514483
48758,Riya Gupta,37,Female,A+,9758656080
48759,Rahul Singh,50,Female,O-,9697225150
48760,Rohan Patel,43,Male,B+,9725372207
48761,Pooja Patel,42,Male,A-,9902832015
48762,Sneha Patel,57,Male,B+,9896361846
48763,Divya Mehta,36,Female,O-,9504312020
48764,Rohan Gupta,24,Male,AB-,9213559976
48765,Rahul Mehta,31,Female,O+,9473222581
48766,Rahul Verma,36,Female,B+,9150326777
48767,Sahil Sharma,60,Female,AB+,9890068074
48768,Divya Patel,49,Male,A-,9889627486
48769,Riya Verma,43,Female,A+,9705537043
48770,Aditya Verma,24,Female,AB+,9632249848
48771,Arjun Kapoor,30,Female,AB-,9934791834
48772,Sahil Mehta,43,Female,O+,9872759312
48773,Anjali Verma,34,Male,O-,9772253073
48774,Karan Singh,38,Female,B-,9938608454
48775,Sneha Patel,44,Female,AB+,9791420035
48776,Karan Kapoor,25,Female,A+,9427123931
48777,Pooja Verma,22,Female,O-,9859736951
48778,Priya Gupta,41,Male,B-,9556958281
48779,Karan Reddy,59,Male,AB-,9254619504
48780,Riya Verma,23,Female,B+,9646104231
48781,Neha Reddy,54,Female,O-,9950702619
48782,Anjali Patel,23,Male,B-,9167302872
48783,Divya Patel,59,Female,A-,9986314722
48784,Pooja Reddy,42,Male,AB+,9657164172
48785,Karan Sharma,43,Female,O-,9903405567
48786,Arjun Reddy,43,Female,AB-,9483958064
48787,Arjun Verma,54,Male,A+,9674203431
48788,Pooja Singh,57,Female,O+,9220209274
48789,Kavya Mehta,45,Male,A-,9572831904
48790,Anjali Reddy,57,Male,AB+,9219476188
48791,Arjun Kapoor,24,Male,A+,9433461563
48792,Karan Verma,20,Female,A+,9822859250
48793,Arjun Patel,35,Male,AB+,9504587574
48794,Rohan Mehta,58,Female,B-,9975480957
48795,Vikram Verma,53,Female,AB+,9196037549
48796,Divya Sharma,27,Male,AB+,9580240517
48797,Karan Mehta,26,Male,O+,9780189656
48798,Pooja Singh,25,Male,A+,9249268202
48799,Neha Singh,52,Female,O-,9200081133
48800,Neha Gupta,22,Female,O+,9748401538
48801,Anjali Mehta,34,Male,O+,9597514024
48802,Anjali Patel,25,Male,AB+,9600988608
48803,Karan Sharma,19,Male,B+,9620527496
48804,Arjun Reddy,57,Female,B-,9158917434
48805,Karan Singh,21,Female,O-,9285011057
48806,Rahul Reddy,40,Female,A+,9412236374
48807,Arjun Gupta,58,Female,B+,9515227763
48808,Neha Kapoor,25,Male,AB-,9137833277
48809,Vikram Verma,32,Male,AB+,9609628739
48810,Sahil Sharma,28,Female,B+,9722406558
48811,Aditya Reddy,34,Female,O+,9735364914
48812,Sahil Singh,44,Female,A-,9634858360
48813,Sneha Reddy,54,Female,A-,9966855272
48814,Sahil Verma,42,Male,O+,9897003013
48815,Kavya Patel,38,Male,B-,9225859766
48816,Pooja Sharma,59,Male,A-,9142009438
48817,Neha Reddy,54,Female,AB-,9736968697
48818,Priya Gupta,59,Male,B+,9164689062
48819,Sneha Reddy,57,Female,AB-,9718513883
48820,Karan Gupta,36,Male,A+,9567674723
48821,Neha Patel,47,Male,O+,9413104721
48822,Rohan Mehta,53,Male,B-,9177478434
48823,Arjun Mehta,24,Female,AB+,9954865742
48824,Riya Singh,39,Male,O+,9433464574
48825,Karan Singh,52,Female,B+,9825013338
48826,Neha Patel,47,Male,A-,9438379852
48827,Rahul Verma,43,Female,AB-,9763362184
48828,Sneha Sharma,48,Male,A+,9687399100
48829,Riya Singh,36,Male,B+,9123979880
48830,Aditya Gupta,31,Male,O+,9173419231
48831,Sahil Reddy,41,Male,A-,9641212317
48832,Priya Kapoor,41,Male,AB+,9422596035
48833,Kavya Sharma,24,Male,B-,9264995591
48834,Riya Singh,56,Male,O+,9281267842
48835,Rohan Singh,46,Male,A+,9770951925
48836,Vikram Sharma,18,Male,AB+,9918471041
48837,Rahul Gupta,41,Female,B+,9885008802
48838,Sneha Verma,29,Male,B-,9996716214
48839,Divya Patel,31,Male,AB-,9672742302
48840,Pooja Patel,28,Male,AB+,9279374000
48841,Karan Verma,33,Female,A+,9292513879
48842,Aditya Mehta,59,Male,O-,9379877890
48843,Sahil Verma,60,Female,O+,9638004270
48844,Pooja Patel,59,Male,A-,9491691160
48845,Sahil Kapoor,35,Male,B+,9815526332
48846,Vikram Mehta,22,Female,O+,9728314905
48847,Anjali Verma,30,Female,A+,9546915004
48848,Riya Singh,36,Male,AB+,9993202193
48849,Karan Gupta,31,Female,O+,9413148190
48850,Rahul Kapoor,30,Female,A-,9590796873
48851,Riya Patel,53,Female,A-,9981779686
48852,Rahul Patel,37,Male,A-,9505199882
48853,Aditya Patel,56,Female,B-,9848292945
48854,Kavya Singh,22,Male,AB+,9474558430
48855,Pooja Sharma,53,Male,B-,9695311655
48856,Priya Verma,39,Female,AB-,9323131731
48857,Rohan Gupta,19,Female,A+,9217090564
48858,Anjali Verma,26,Female,AB+,9584967591
48859,Rohan Gupta,24,Female,B-,9571612514
48860,Arjun Kapoor,29,Female,A-,9285277860
48861,Aman Mehta,45,Female,B-,9320570850
48862,Arjun Mehta,48,Female,A+,9349635956
48863,Anjali Sharma,26,Male,AB-,9437303098
48864,Vikram Verma,39,Male,A-,9464619345
48865,Karan Singh,47,Female,B+,9291590802
48866,Vikram Patel,47,Male,AB+,9648305227
48867,Aditya Mehta,55,Male,A+,9286955437
48868,Sahil Sharma,59,Male,AB+,9678840224
48869,Pooja Gupta,41,Male,AB-,9161252003
48870,Rohan Singh,24,Female,B-,9683903021
48871,Rahul Mehta,47,Female,O-,9914464954
48872,Aman Reddy,51,Female,O-,9184579433
48873,Rohan Reddy,56,Male,O-,9408081798
48874,Riya Mehta,53,Female,A-,9856334570
48875,Anjali Mehta,54,Male,B-,9911429236
48876,Anjali Singh,32,Male,A-,9853309102
48877,Arjun Kapoor,46,Male,B-,9996840381
48878,Sneha Mehta,24,Male,B-,9284721744
48879,Vikram Patel,26,Female,O-,9264169153
48880,Karan Patel,39,Female,A+,9219229903
48881,Divya Patel,57,Female,AB+,9595055587
48882,Pooja Singh,41,Male,B-,9816973079
48883,Vikram Kapoor,28,Female,B-,9531914999
48884,Riya Gupta,42,Male,O+,9379843409
48885,Rahul Gupta,54,Female,O+,9575907388
48886,Vikram Reddy,34,Male,B+,9185186573
48887,Sahil Sharma,41,Female,A-,9443132290
48888,Arjun Kapoor,59,Female,O+,9197666440
48889,Riya Mehta,25,Male,O-,9953137782
48890,Sneha Kapoor,50,Male,A-,9195360709
48891,Sneha Singh,31,Male,B+,9116913477
48892,Pooja Singh,51,Male,B+,9552316291
48893,Rahul Sharma,40,Female,A+,9456324907
48894,Rahul Singh,21,Female,AB+,9695092652
48895,Aditya Patel,39,Male,O-,9139481256
48896,Riya Kapoor,33,Female,A+,9833282012
48897,Rahul Patel,39,Male,AB+,9864669636
48898,Aman Kapoor,35,Male,O+,9942749884
48899,Neha Sharma,39,Female,A-,9122038202
48900,Vikram Singh,47,Male,O+,9908888806
48901,Rohan Sharma,49,Male,AB-,9811264137
48902,Karan Singh,23,Male,O+,9398802144
48903,Priya Kapoor,32,Female,A+,9994123722
48904,Sahil Patel,35,Male,O-,9524048832
48905,Rahul Singh,51,Male,AB-,9635476126
48906,Sneha Verma,55,Female,B-,9174986189
48907,Rohan Gupta,22,Male,B+,9199268131
48908,Sneha Singh,44,Female,O-,9371840099
48909,Vikram Reddy,38,Female,O+,9926523373
48910,Sahil Sharma,34,Female,O-,9241508515
48911,Riya Sharma,45,Female,A-,9882324122
48912,Arjun Verma,28,Female,A+,9611558105
48913,Rohan Kapoor,52,Male,AB-,9658002241
48914,Divya Sharma,56,Male,A-,9753770221
48915,Arjun Reddy,42,Female,A+,9347014778
48916,Karan Sharma,25,Male,O+,9977076072
48917,Rahul Reddy,38,Female,A-,9843561556
48918,Sahil Kapoor,37,Male,A+,9613514459
48919,Aditya Sharma,22,Female,O-,9474895905
48920,Karan Kapoor,35,Female,AB+,9203496155
48921,Rahul Mehta,22,Female,O+,9937536129
48922,Riya Singh,43,Male,B+,9327761182
48923,Neha Gupta,34,Female,O+,9426615697
48924,Vikram Kapoor,48,Female,AB+,9388254745
48925,Kavya Singh,25,Female,AB+,9381845899
48926,Aman Singh,42,Male,A+,9984745650
48927,Rahul Reddy,21,Male,B+,9701884516
48928,Divya Mehta,58,Male,B+,9722414222
48929,Vikram Gupta,18,Female,A-,9664952843
48930,Rahul Kapoor,39,Male,B+,9397804924
48931,Rohan Reddy,56,Male,AB+,9602633258
48932,Pooja Sharma,44,Female,O-,9371757900
48933,Neha Gupta,60,Female,O+,9818938915
48934,Vikram Patel,24,Male,A-,9212666091
48935,Divya Gupta,29,Male,O+,9647428675
48936,Sahil Kapoor,20,Male,O-,9359196462
48937,Riya Sharma,18,Female,A+,9314377530
48938,Riya Patel,47,Female,O-,9400947197
48939,Vikram Sharma,59,Female,A-,9674300299
48940,Priya Mehta,46,Female,A-,9989359256
48941,Kavya Reddy,39,Male,O+,9549580499
48942,Karan Patel,57,Female,O-,9703291484
48943,Kavya Sharma,32,Male,O+,9724626230
48944,Divya Patel,22,Female,A-,9521667318
48945,Aditya Sharma,48,Female,O-,9684242305
48946,Vikram Patel,18,Male,O-,9136833503
48947,Rohan Reddy,26,Female,AB-,9390337294
48948,Sahil Verma,51,Female,A+,9866694162
48949,Anjali Sharma,44,Male,AB+,9906644994
48950,Aman Reddy,35,Male,B-,9386779479
48951,Sahil Sharma,50,Male,AB-,9286512962
48952,Rahul Reddy,38,Male,A+,9562715742
48953,Riya Sharma,46,Male,O+,9300095467
48954,Aman Gupta,58,Male,A-,9704160966
48955,Vikram Kapoor,50,Male,A-,9974776143
48956,Rahul Mehta,46,Male,AB-,9968536652
48957,Rahul Kapoor,59,Male,A-,9309126510
48958,Rohan Kapoor,41,Female,A+,9942499497
48959,Sneha Reddy,30,Female,O+,9437892748
48960,Divya Patel,27,Male,B+,9340203108
48961,Arjun Mehta,56,Male,A+,9724609506
48962,Neha Kapoor,19,Male,AB-,9425268449
48963,Arjun Kapoor,29,Male,A-,9169934183
48964,Kavya Sharma,24,Male,AB+,9153029343
48965,Kavya Mehta,27,Female,O+,9260955664
48966,Arjun Kapoor,58,Female,B+,9859129936
48967,Anjali Mehta,42,Female,AB+,9577424840
48968,Aman Gupta,57,Male,AB-,9879451359
48969,Anjali Gupta,50,Male,AB-,9804593252
48970,Arjun Reddy,47,Female,O-,9536803599
48971,Rohan Gupta,48,Male,B+,9743500781
48972,Rohan Verma,35,Male,O+,9507028320
48973,Rohan Sharma,19,Male,B+,9707359261
48974,Aman Verma,19,Male,B+,9777504057
48975,Sneha Sharma,26,Female,A+,9147968737
48976,Rahul Verma,28,Male,AB-,9172020851
48977,Kavya Sharma,44,Female,O+,9969900489
48978,Divya Singh,55,Male,O-,9434629414
48979,Aditya Gupta,32,Female,B+,9351572768
48980,Sneha Singh,56,Female,A+,9469374057
48981,Arjun Mehta,51,Male,A-,9831514506
48982,Kavya Gupta,60,Male,A-,9670329869
48983,Karan Singh,41,Female,AB-,9996288379
48984,Aman Reddy,57,Male,O-,9900299174
48985,Arjun Patel,35,Female,AB+,9261530186
48986,Priya Gupta,51,Male,B+,9912778811
48987,Priya Sharma,56,Female,O+,9917992027
48988,Rahul Sharma,55,Male,AB+,9794756064
48989,Sneha Reddy,32,Male,A-,9589116403
48990,Aditya Reddy,43,Male,O-,9487482589
48991,Riya Kapoor,31,Female,AB+,9391221881
48992,Pooja Sharma,57,Female,AB+,9480702975
48993,Rohan Kapoor,60,Male,A+,9194075488
48994,Sahil Patel,29,Female,B+,9839397997
48995,Pooja Verma,54,Male,O-,9959659397
48996,Sneha Singh,28,Female,AB-,9793421503
48997,Karan Gupta,20,Female,B-,9407439345
48998,Kavya Verma,46,Male,O-,9715319560
48999,Neha Gupta,31,Female,A-,9877148650
49000,Kavya Reddy,53,Female,AB-,9976433916
49001,Aman Mehta,43,Female,AB+,9462965246
49002,Sahil Mehta,27,Male,O+,9209058127
49003,Karan Verma,21,Male,O-,9719260180
49004,Sneha Reddy,28,Male,O-,9401165678
49005,Vikram Sharma,54,Male,AB-,9799046164
49006,Anjali Reddy,25,Male,AB+,9329346046
49007,Karan Verma,49,Female,B-,9220916338
49008,Riya Sharma,42,Male,A+,9177677264
49009,Sneha Sharma,42,Male,AB-,9428330689
49010,Rohan Mehta,38,Female,AB-,9155625419
49011,Sahil Reddy,48,Male,B-,9842973811
49012,Vikram Reddy,43,Female,O-,9804816276
49013,Karan Sharma,48,Male,AB+,9399107802
49014,Karan Verma,49,Female,AB+,9885969556
49015,Aditya Kapoor,40,Male,A-,9482490493
49016,Aditya Gupta,56,Female,AB+,9438780582
49017,Vikram Verma,49,Female,A+,9690450794
49018,Riya Kapoor,53,Female,B+,9994537651
49019,Karan Sharma,43,Male,A+,9843901438
49020,Sneha Patel,29,Female,A-,9988512619
49021,Rahul Gupta,58,Female,O-,9761036578
49022,Pooja Reddy,56,Female,O+,9339194297
49023,Vikram Singh,46,Male,B-,9463361622
49024,Karan Reddy,34,Male,AB+,9364152354
49025,Karan Reddy,28,Male,B+,9935854775
49026,Rahul Verma,27,Female,O+,9754835081
49027,Karan Sharma,50,Female,A+,9698065078
49028,Vikram Patel,26,Male,A+,9803114767
49029,Aman Verma,23,Male,AB+,9404249485
49030,Priya Sharma,49,Female,B+,9415842299
49031,Anjali Reddy,23,Female,O-,9707950768
49032,Aditya Singh,39,Female,A-,9477987948
49033,Divya Gupta,46,Male,B-,9991137908
49034,Priya Mehta,22,Female,B+,9316494484
49035,Arjun Verma,38,Male,AB+,9566364517
49036,Sneha Reddy,28,Male,AB+,9623210672
49037,Riya Verma,23,Female,A-,9477499222
49038,Sahil Mehta,32,Male,B+,9810334081
49039,Rahul Kapoor,31,Female,AB-,9502820351
49040,Aditya Verma,38,Female,B+,9492379771
49041,Neha Gupta,46,Female,B+,9652847736
49042,Riya Patel,56,Female,B-,9756401622
49043,Karan Reddy,24,Female,A-,9342751989
49044,Aditya Reddy,41,Male,B+,9705794924
49045,Riya Sharma,58,Male,AB+,9445926190
49046,Rohan Singh,48,Female,O-,9603269240
49047,Kavya Reddy,47,Male,O+,9956864201
49048,Rohan Sharma,54,Female,A-,9523357267
49049,Riya Singh,48,Male,O+,9658733235
49050,Sahil Sharma,38,Male,O-,9854008076
49051,Aditya Gupta,25,Male,A+,9275174995
49052,Pooja Kapoor,52,Female,A+,9663715311
49053,Vikram Kapoor,25,Female,AB-,9920400080
49054,Arjun Singh,35,Female,AB-,9954583402
49055,Anjali Gupta,54,Male,B+,9589086805
49056,Pooja Mehta,53,Male,A+,9918465301
49057,Arjun Reddy,40,Female,A+,9514145566
49058,Rohan Singh,42,Female,AB-,9744333530
49059,Neha Mehta,49,Male,O-,9615527530
49060,Kavya Reddy,21,Female,A+,9513514135
49061,Karan Patel,43,Female,A-,9221315147
49062,Anjali Mehta,49,Male,O-,9941381272
49063,Sneha Reddy,48,Male,O-,9861763558
49064,Vikram Mehta,49,Male,B+,9986530785
49065,Aditya Verma,21,Female,O+,9452134157
49066,Kavya Mehta,18,Male,O-,9883150290
49067,Pooja Patel,53,Female,B-,9484858861
49068,Aditya Kapoor,55,Female,B-,9825431687
49069,Aditya Kapoor,55,Female,A+,9444779046
49070,Neha Gupta,38,Male,A+,9767578220
49071,Arjun Gupta,20,Female,O+,9212668796
49072,Karan Singh,51,Female,AB+,9487127008
49073,Arjun Reddy,57,Female,AB+,9698258915
49074,Sahil Mehta,59,Male,A+,9263724874
49075,Aditya Verma,52,Male,B-,9597153759
49076,Aditya Reddy,44,Male,O+,9329478083
49077,Divya Singh,58,Female,O-,9259859860
49078,Sneha Mehta,18,Male,A-,9958066123
49079,Arjun Mehta,18,Female,A-,9641143404
49080,Pooja Kapoor,32,Male,O+,9974661662
49081,Riya Verma,24,Female,A+,9216982917
49082,Riya Kapoor,26,Female,AB-,9274253624
49083,Vikram Gupta,26,Male,AB-,9703409902
49084,Vikram Sharma,32,Female,A-,9937752525
49085,Kavya Reddy,32,Male,B-,9739025577
49086,Anjali Kapoor,23,Male,A-,9249493598
49087,Neha Singh,39,Male,B+,9530893582
49088,Vikram Reddy,37,Male,B+,9310762426
49089,Rohan Reddy,21,Female,AB-,9750842514
49090,Rahul Reddy,56,Female,AB-,9438507917
49091,Neha Kapoor,52,Female,A-,9588562562
49092,Aman Verma,33,Male,A+,9563878573
49093,Vikram Mehta,40,Female,O+,9231253212
49094,Vikram Patel,39,Male,O+,9541229358
49095,Aman Patel,24,Male,B+,9544918052
49096,Aditya Kapoor,53,Male,A+,9732003937
49097,Aman Singh,32,Male,A-,9420393468
49098,Priya Singh,56,Male,O-,9296032489
49099,Priya Mehta,54,Female,O+,9855547784
49100,Sneha Singh,49,Male,A-,9345393056
49101,Neha Verma,56,Female,O+,9240102440
49102,Sneha Kapoor,42,Male,AB+,9192049872
49103,Karan Sharma,57,Female,A-,9239188885
49104,Kavya Gupta,30,Female,O-,9318903960
49105,Sahil Reddy,28,Female,A+,9747926294
49106,Kavya Mehta,60,Female,B-,9665387440
49107,Kavya Reddy,36,Female,B+,9944425160
49108,Vikram Mehta,54,Male,O+,9281071210
49109,Sneha Singh,59,Female,A-,9138572188
49110,Priya Kapoor,51,Female,A+,9623507989
49111,Pooja Sharma,27,Female,A+,9873624413
49112,Sahil Sharma,45,Female,A+,9374136608
49113,Priya Singh,57,Male,O+,9706197527
49114,Pooja Gupta,29,Male,A+,9951300235
49115,Vikram Kapoor,58,Female,B-,9486056967
49116,Sneha Singh,31,Male,AB+,9223480597
49117,Sahil Mehta,22,Female,A+,9998783361
49118,Aman Mehta,46,Female,AB-,9273679469
49119,Karan Singh,30,Female,B-,9417981634
49120,Karan Singh,48,Female,O+,9497408299
49121,Anjali Reddy,23,Male,O+,9974525262
49122,Rahul Singh,29,Male,A+,9131090464
49123,Pooja Mehta,48,Male,A-,9316351798
49124,Rohan Reddy,38,Male,AB-,9812902335
49125,Kavya Verma,57,Female,B+,9729786034
49126,Karan Reddy,36,Male,O+,9427208180
49127,Sneha Patel,37,Female,AB-,9820034236
49128,Kavya Sharma,35,Male,B+,9630168065
49129,Kavya Singh,54,Male,AB+,9404594463
49130,Neha Mehta,23,Male,B-,9355832051
49131,Divya Mehta,24,Female,B-,9723466921
49132,Pooja Sharma,30,Male,B-,9329984540
49133,Anjali Gupta,19,Male,O+,9914878645
49134,Priya Sharma,37,Male,O-,9438497909
49135,Pooja Verma,60,Female,AB+,9176940539
49136,Riya Mehta,23,Female,B-,9279645273
49137,Rohan Reddy,46,Male,A-,9938639742
49138,Aditya Kapoor,60,Female,O-,9864941595
49139,Pooja Singh,44,Male,A-,9391346991
49140,Vikram Sharma,52,Female,O+,9199191508
49141,Aman Verma,40,Male,B-,9421793217
49142,Riya Kapoor,42,Female,A+,9159991033
49143,Divya Reddy,32,Female,B+,9942082536
49144,Sahil Patel,58,Female,A-,9490288970
49145,Sahil Reddy,22,Female,AB-,9823466291
49146,Aman Singh,36,Male,B-,9403510119
49147,Vikram Singh,34,Male,A-,9810979192
49148,Arjun Mehta,26,Male,O-,9950997644
49149,Priya Reddy,56,Male,O+,9243027343
49150,Anjali Verma,55,Female,AB+,9521088184
49151,Rohan Verma,52,Female,AB+,9685103712
49152,Rohan Reddy,51,Female,AB-,9446052650
49153,Kavya Reddy,34,Female,A-,9793922517
49154,Divya Reddy,25,Male,B-,9639018407
49155,Pooja Verma,59,Male,B-,9786254276
49156,Vikram Mehta,30,Male,A-,9711554843
49157,Divya Reddy,41,Male,B-,9984760109
49158,Pooja Patel,57,Female,B+,9297231658
49159,Karan Sharma,37,Male,B-,9268121877
49160,Pooja Kapoor,22,Female,A-,9672105054
49161,Divya Patel,46,Female,B-,9962958638
49162,Divya Kapoor,27,Female,A+,9785951076
49163,Vikram Verma,60,Male,O+,9553631326
49164,Rahul Patel,51,Female,A-,9150372056
49165,Sneha Singh,43,Female,B+,9917900782
49166,Neha Kapoor,22,Male,B-,9855518826
49167,Rohan Sharma,56,Female,A-,9640354422
49168,Sneha Gupta,32,Male,B-,9255067391
49169,Sneha Sharma,41,Female,AB+,9957551713
49170,Rohan Mehta,50,Male,A+,9842218644
49171,Priya Reddy,21,Female,B-,9473233785
49172,Riya Mehta,46,Female,A+,9390498759
49173,Arjun Gupta,32,Female,AB+,9490673793
49174,Neha Singh,57,Female,A-,9212534572
49175,Divya Gupta,27,Female,A+,9437298749
49176,Karan Sharma,55,Female,A+,9342011246
49177,Pooja Singh,60,Male,AB+,9358722836
49178,Aditya Sharma,54,Female,A-,9160387324
49179,Rahul Reddy,57,Female,AB+,9544103177
49180,Rahul Patel,45,Male,AB+,9324532479
49181,Vikram Gupta,45,Male,A+,9561387850
49182,Vikram Kapoor,36,Female,O+,9401931477
49183,Rohan Verma,49,Female,O-,9717757839
49184,Priya Verma,50,Female,B-,9149077846
49185,Rahul Patel,20,Female,O+,9821300836
49186,Anjali Sharma,30,Male,AB+,9501643071
49187,Kavya Reddy,20,Male,B-,9344533610
49188,Sneha Patel,34,Male,B+,9451048094
49189,Sneha Reddy,54,Male,A+,9842223907
49190,Riya Patel,59,Female,A+,9245092766
49191,Arjun Kapoor,28,Male,A+,9587349845
49192,Aditya Verma,59,Male,B+,9512227224
49193,Divya Patel,52,Female,A-,9964240949
49194,Neha Singh,38,Male,AB+,9107785159
49195,Sneha Sharma,58,Male,AB+,9421412785
49196,Riya Reddy,51,Female,A+,9274772219
49197,Vikram Gupta,30,Female,B-,9886030121
49198,Sneha Kapoor,47,Female,B-,9594431610
49199,Aman Verma,38,Male,AB-,9431486226
49200,Neha Singh,28,Male,O+,9421024209
49201,Kavya Gupta,49,Female,A+,9320647303
49202,Priya Singh,57,Female,AB+,9615164443
49203,Karan Singh,34,Male,AB+,9788403744
49204,Divya Sharma,44,Female,AB-,9444944975
49205,Sneha Verma,55,Male,O-,9749104176
49206,Sneha Verma,34,Male,B-,9474157929
49207,Rohan Sharma,49,Male,AB+,9277885622
49208,Rohan Mehta,51,Female,A+,9654539690
49209,Vikram Verma,27,Female,B+,9276573662
49210,Aman Singh,55,Female,AB-,9711430888
49211,Neha Kapoor,57,Female,B-,9978138698
49212,Divya Mehta,28,Male,AB+,9282983051
49213,Kavya Gupta,20,Male,AB+,9296724864
49214,Rahul Singh,29,Female,AB-,9557721497
49215,Karan Mehta,43,Female,A+,9712682939
49216,Aman Kapoor,42,Female,B+,9890253821
49217,Riya Reddy,40,Female,A+,9383866772
49218,Sahil Patel,27,Male,A+,9859538238
49219,Arjun Singh,51,Male,B+,9682168808
49220,Riya Sharma,60,Male,AB+,9222637056
49221,Anjali Patel,44,Male,AB+,9317507434
49222,Aditya Reddy,44,Male,B-,9607317513
49223,Sneha Verma,55,Male,O-,9140342617
49224,Sahil Verma,60,Male,B-,9430159425
49225,Sneha Verma,30,Male,AB+,9787527538
49226,Rahul Patel,35,Female,AB-,9367165309
49227,Neha Patel,33,Female,O+,9854679099
49228,Vikram Verma,21,Female,A+,9849626143
49229,Kavya Singh,55,Female,A+,9410019386
49230,Riya Singh,26,Male,B-,9541503856
49231,Sahil Mehta,48,Female,AB+,9434761097
49232,Anjali Sharma,41,Female,AB-,9209828296
49233,Pooja Mehta,19,Male,AB+,9567536972
49234,Kavya Singh,37,Male,B+,9649993566
49235,Anjali Kapoor,49,Male,A-,9236732366
49236,Sahil Singh,55,Male,AB-,9156154170
49237,Priya Mehta,32,Male,AB-,9291348992
49238,Aman Reddy,49,Female,O+,9667171235
49239,Divya Reddy,53,Male,A+,9564021839
49240,Karan Mehta,22,Female,A-,9433286777
49241,Pooja Gupta,47,Female,O+,9703746024
49242,Aman Reddy,29,Female,A+,9232927689
49243,Pooja Mehta,21,Male,O-,9524989394
49244,Kavya Singh,47,Male,A-,9857203871
49245,Arjun Mehta,53,Male,A-,9344370066
49246,Karan Patel,45,Male,A-,9463855366
49247,Aditya Verma,41,Male,B+,9873209119
49248,Kavya Mehta,19,Male,B+,9708002347
49249,Pooja Kapoor,48,Female,A-,9645258665
49250,Riya Kapoor,19,Female,B-,9925938326
49251,Priya Verma,30,Female,B-,9878357199
49252,Anjali Patel,36,Female,B+,9708457656
49253,Vikram Mehta,56,Female,B-,9237475208
49254,Anjali Reddy,19,Female,O+,9104166425
49255,Karan Mehta,54,Female,A+,9575940646
49256,Rahul Singh,53,Female,O+,9586238592
49257,Rahul Gupta,49,Male,B-,9302385007
49258,Kavya Singh,43,Female,AB+,9971846341
49259,Karan Verma,23,Female,B-,9862690873
49260,Vikram Gupta,56,Female,B+,9170767796
49261,Neha Verma,39,Male,O-,9939716947
49262,Riya Patel,49,Female,A+,9445033029
49263,Divya Kapoor,51,Male,A+,9363627802
49264,Arjun Patel,35,Male,B+,9641240775
49265,Aman Verma,41,Female,A-,9595446289
49266,Priya Singh,56,Male,B-,9696334238
49267,Sneha Verma,51,Female,AB+,9664800157
49268,Aditya Mehta,55,Female,AB-,9711754867
49269,Aman Patel,24,Male,A+,9545067564
49270,Rohan Mehta,48,Female,O+,9388221853
49271,Aditya Mehta,33,Male,AB+,9989322511
49272,Riya Mehta,37,Female,B+,9254065560
49273,Aman Mehta,49,Female,AB+,9480625602
49274,Arjun Kapoor,33,Male,B-,9914846731
49275,Aman Reddy,52,Female,A+,9200663804
49276,Kavya Patel,55,Male,AB+,9553714121
49277,Kavya Patel,58,Male,AB-,9882027602
49278,Riya Singh,51,Male,A-,9460220638
49279,Aditya Mehta,18,Female,O-,9150248164
49280,Sahil Sharma,28,Male,AB+,9765658175
49281,Neha Mehta,60,Male,O+,9363534089
49282,Arjun Sharma,33,Female,O+,9357853017
49283,Pooja Mehta,26,Male,O+,9503687685
49284,Neha Mehta,20,Female,B-,9268153375
49285,Neha Kapoor,47,Male,O-,9869726451
49286,Divya Sharma,29,Female,O-,9849126634
49287,Aman Kapoor,22,Female,AB-,9943654644
49288,Pooja Singh,30,Male,A+,9491175582
49289,Pooja Singh,37,Male,A+,9714070632
49290,Aman Sharma,26,Female,A+,9845156358
49291,Arjun Kapoor,32,Female,AB-,9755866996
49292,Priya Kapoor,40,Female,O+,9379594009
49293,Aman Gupta,37,Female,O-,9939218747
49294,Vikram Singh,48,Female,O-,9788774700
49295,Neha Singh,55,Male,AB-,9452258029
49296,Sahil Patel,52,Female,AB+,9781259925
49297,Aditya Patel,45,Male,AB-,9895939001
49298,Aditya Mehta,42,Female,O-,9552826133
49299,Neha Reddy,30,Female,B-,9971285108
49300,Rahul Mehta,18,Male,O-,9571977698
49301,Rahul Singh,34,Female,A+,9275652541
49302,Aditya Singh,26,Male,A+,9966469616
49303,Kavya Gupta,43,Male,A-,9229352516
49304,Riya Reddy,41,Female,B-,9641414068
49305,Aman Patel,48,Male,O-,9381488143
49306,Aman Mehta,50,Female,AB+,9475030772
49307,Arjun Mehta,50,Male,O+,9502372382
49308,Riya Singh,50,Female,B-,9175400047
49309,Priya Kapoor,39,Female,A-,9112051931
49310,Divya Sharma,49,Female,AB+,9961303102
49311,Aman Kapoor,21,Female,A-,9100588102
49312,Anjali Reddy,18,Male,A+,9828412655
49313,Sahil Patel,58,Female,O+,9301332505
49314,Divya Gupta,37,Female,AB-,9130797033
49315,Divya Kapoor,30,Male,B-,9376346364
49316,Riya Sharma,60,Female,O+,9302431861
49317,Anjali Verma,49,Female,O+,9149402280
49318,Arjun Verma,57,Female,AB+,9411390315
49319,Divya Patel,24,Male,B+,9215119202
49320,Karan Gupta,19,Female,AB-,9887957937
49321,Neha Gupta,44,Female,AB+,9324324987
49322,Pooja Singh,33,Female,AB-,9706214051
49323,Rohan Kapoor,56,Female,B+,9595410174
49324,Neha Patel,55,Male,AB+,9571340500
49325,Rohan Reddy,46,Female,AB+,9656973658
49326,Sahil Mehta,45,Female,A+,9249694724
49327,Vikram Sharma,20,Female,AB+,9656682720
49328,Kavya Sharma,39,Female,A-,9425623467
49329,Kavya Reddy,31,Female,B+,9526504582
49330,Aditya Gupta,49,Female,A+,9878492476
49331,Aditya Reddy,46,Male,O-,9341734661
49332,Rahul Reddy,34,Male,A+,9831225295
49333,Riya Verma,50,Female,O+,9896483981
49334,Aditya Kapoor,37,Male,O-,9938215471
49335,Aman Sharma,47,Male,B+,9303079731
49336,Rohan Singh,24,Female,O-,9968814243
49337,Riya Gupta,56,Male,AB+,9351096093
49338,Sneha Patel,26,Male,AB-,9869075762
49339,Rahul Verma,47,Female,B-,9392235036
49340,Riya Mehta,34,Male,AB-,9150165990
49341,Karan Mehta,26,Male,AB+,9176805076
49342,Neha Patel,28,Female,A+,9379007094
49343,Vikram Kapoor,49,Male,O-,9893685403
49344,Rohan Kapoor,54,Female,O-,9806861712
49345,Aman Gupta,35,Male,B-,9223267386
49346,Sneha Reddy,31,Male,B-,9320819839
49347,Vikram Gupta,31,Male,A-,9830515000
49348,Kavya Reddy,27,Female,B+,9206320173
49349,Rahul Patel,28,Female,B-,9619229576
49350,Anjali Sharma,28,Female,B-,9540975253
49351,Rohan Kapoor,26,Male,AB+,9350263261
49352,Pooja Reddy,27,Male,A+,9461633208
49353,Anjali Verma,54,Female,O-,9150133844
49354,Anjali Sharma,39,Male,A+,9339930270
49355,Divya Verma,38,Female,AB-,9854230499
49356,Rahul Verma,60,Female,B+,9499353037
49357,Rahul Kapoor,20,Male,B-,9207597000
49358,Sneha Gupta,60,Male,O-,9405261876
49359,Priya Gupta,55,Female,AB+,9258182206
49360,Rohan Kapoor,22,Male,AB-,9352181483
49361,Sneha Singh,18,Female,O+,9714042441
49362,Rahul Mehta,51,Female,AB+,9456115686
49363,Aman Mehta,18,Female,O+,9762735018
49364,Sahil Patel,60,Female,O+,9665526188
49365,Aditya Mehta,58,Male,A+,9381908950
49366,Kavya Mehta,57,Male,B-,9743183736
49367,Divya Reddy,57,Male,AB-,9671058683
49368,Anjali Singh,43,Male,AB+,9814880320
49369,Aditya Kapoor,31,Female,A-,9941906024
49370,Kavya Singh,57,Female,AB+,9815065325
49371,Sahil Patel,28,Female,A+,9586234088
49372,Sahil Reddy,23,Female,B+,9445987713
49373,Sahil Verma,50,Male,A+,9761986565
49374,Priya Verma,51,Male,AB+,9854855264
49375,Divya Kapoor,53,Male,O-,9660323887
49376,Neha Singh,40,Male,A-,9264031426
49377,Aman Reddy,37,Female,A-,9854036904
49378,Divya Reddy,35,Female,A-,9647650867
49379,Sahil Mehta,48,Female,O+,9347952870
49380,Karan Reddy,44,Male,A+,9200369692
49381,Kavya Reddy,50,Male,AB-,9655362416
49382,Rohan Mehta,25,Male,A+,9306685942
49383,Kavya Mehta,24,Male,AB+,9570468706
49384,Pooja Sharma,41,Male,B+,9695922747
49385,Vikram Gupta,24,Male,A+,9742718161
49386,Neha Sharma,56,Female,AB+,9709509539
49387,Rohan Reddy,57,Male,A+,9616945535
49388,Sahil Sharma,57,Female,O-,9870474059
49389,Neha Sharma,24,Female,AB+,9218159591
49390,Rohan Singh,29,Male,B+,9312443186
49391,Neha Gupta,39,Male,B-,9459159844
49392,Rohan Reddy,23,Female,O+,9533203540
49393,Rohan Reddy,24,Male,B+,9613310201
49394,Kavya Patel,34,Male,AB+,9348449147
49395,Rahul Sharma,52,Male,A-,9450041250
49396,Arjun Kapoor,37,Female,O-,9609178689
49397,Priya Mehta,40,Female,O-,9858928810
49398,Anjali Kapoor,20,Male,A-,9597450453
49399,Rohan Kapoor,31,Male,A-,9207475718
49400,Karan Mehta,48,Female,O+,9624394708
49401,Sahil Gupta,51,Female,A-,9316658201
49402,Pooja Mehta,34,Male,O+,9123326798
49403,Divya Mehta,57,Female,AB-,9225733083
49404,Sahil Sharma,25,Male,B-,9176761799
49405,Aman Kapoor,53,Male,A-,9102047282
49406,Rahul Mehta,38,Female,B+,9394351501
49407,Pooja Singh,22,Female,AB-,9787423250
49408,Sahil Kapoor,29,Male,AB-,9175387038
49409,Neha Reddy,37,Female,A-,9278799879
49410,Karan Sharma,19,Female,AB+,9818678434
49411,Aman Sharma,58,Male,B+,9554099634
49412,Anjali Verma,58,Male,A-,9921236585
49413,Aditya Singh,45,Female,B+,9741613969
49414,Riya Kapoor,41,Male,A-,9942743126
49415,Vikram Patel,34,Male,A-,9414464062
49416,Riya Kapoor,57,Female,B-,9635561951
49417,Divya Verma,29,Male,A+,9176383730
49418,Vikram Kapoor,30,Female,AB-,9404454476
49419,Kavya Gupta,56,Male,A-,9570444201
49420,Aman Verma,27,Female,AB-,9995583686
49421,Arjun Reddy,23,Female,AB+,9459586064
49422,Priya Mehta,29,Female,AB-,9171854946
49423,Pooja Sharma,40,Female,AB-,9987929674
49424,Karan Verma,27,Female,AB-,9691146488
49425,Pooja Singh,28,Male,A+,9697882997
49426,Karan Patel,37,Female,B+,9566113074
49427,Karan Reddy,30,Male,A-,9452041818
49428,Riya Gupta,26,Female,A+,9699237112
49429,Riya Kapoor,21,Male,AB+,9445817146
49430,Aditya Singh,59,Male,O-,9797293183
49431,Priya Patel,37,Female,A-,9758741035
49432,Priya Reddy,56,Male,O-,9635904170
49433,Sahil Patel,20,Female,B+,9117342206
49434,Anjali Mehta,40,Male,O-,9126027958
49435,Arjun Reddy,21,Male,AB-,9691858199
49436,Riya Gupta,43,Female,AB-,9353489610
49437,Sahil Verma,45,Female,AB+,9624428021
49438,Sneha Patel,31,Female,O-,9179565072
49439,Arjun Verma,45,Male,AB-,9141846739
49440,Rohan Reddy,39,Female,AB-,9333092915
49441,Pooja Mehta,47,Female,O+,9478056140
49442,Rahul Reddy,57,Male,O-,9942521430
49443,Sneha Singh,50,Male,A-,9681395642
49444,Neha Kapoor,37,Female,AB-,9123510071
49445,Aditya Gupta,27,Male,B-,9494623098
49446,Sahil Kapoor,52,Male,O+,9587910131
49447,Rahul Singh,35,Male,O+,9470549136
49448,Sahil Verma,47,Female,AB-,9353784763
49449,Kavya Kapoor,40,Female,O-,9384438731
49450,Rahul Patel,19,Male,A-,9381671691
49451,Karan Verma,43,Male,AB+,9762978031
49452,Anjali Kapoor,21,Female,B+,9222373488
49453,Rohan Gupta,42,Male,O+,9682241437
49454,Arjun Mehta,35,Female,A+,9639616003
49455,Anjali Kapoor,40,Male,B+,9281894919
49456,Anjali Reddy,26,Female,O+,9980829132
49457,Priya Singh,28,Female,O+,9238281003
49458,Karan Reddy,41,Male,AB+,9305982969
49459,Anjali Gupta,49,Female,A+,9998321519
49460,Kavya Gupta,22,Female,B-,9276263634
49461,Neha Gupta,58,Male,O+,9961350329
49462,Priya Patel,40,Female,B-,9233066866
49463,Priya Patel,52,Female,O+,9777955811
49464,Kavya Sharma,30,Male,B+,9602265543
49465,Vikram Singh,33,Male,B-,9733092744
49466,Priya Reddy,60,Female,O+,9253824960
49467,Sneha Kapoor,27,Female,A+,9367111219
49468,Sneha Kapoor,35,Male,A+,9303664711
49469,Aditya Singh,53,Female,O+,9827073020
49470,Kavya Kapoor,28,Female,A-,9960584328
49471,Vikram Kapoor,34,Male,B+,9920257117
49472,Karan Singh,42,Male,AB+,9362106355
49473,Priya Patel,55,Male,A-,9982707868
49474,Arjun Mehta,25,Male,O+,9510918943
49475,Arjun Gupta,40,Male,B+,9417510668
49476,Aman Verma,37,Female,B+,9274738254
49477,Aditya Gupta,29,Female,O+,9656581633
49478,Pooja Reddy,42,Male,AB+,9885986018
49479,Priya Sharma,22,Male,O-,9700460251
49480,Priya Gupta,30,Female,A+,9845222653
49481,Vikram Mehta,51,Male,A-,9254063508
49482,Neha Verma,34,Female,B+,9507293113
49483,Vikram Kapoor,43,Female,A+,9882755285
49484,Anjali Patel,32,Male,B+,9658793397
49485,Pooja Patel,19,Male,A+,9786743949
49486,Sneha Gupta,55,Female,B+,9150557028
49487,Riya Kapoor,59,Female,AB-,9562867670
49488,Aman Verma,24,Male,B+,9645354504
49489,Arjun Reddy,48,Female,O-,9707060333
49490,Rahul Kapoor,55,Male,AB-,9301389098
49491,Anjali Gupta,23,Female,A-,9820375683
49492,Priya Patel,38,Female,A+,9162896153
49493,Vikram Verma,21,Female,AB+,9932908626
49494,Arjun Reddy,24,Male,O+,9950009220
49495,Pooja Sharma,21,Male,B+,9267713124
49496,Karan Mehta,29,Female,O-,9507582387
49497,Riya Verma,36,Female,B-,9707610701
49498,Aditya Mehta,59,Female,O-,9993058757
49499,Divya Sharma,36,Female,O+,9585197574
49500,Vikram Kapoor,45,Female,AB+,9116827996
49501,Riya Verma,50,Male,B-,9524607519
49502,Aditya Kapoor,31,Male,B+,9715249807
49503,Sneha Singh,27,Female,AB-,9397784286
49504,Pooja Mehta,34,Male,A-,9907487880
49505,Neha Verma,55,Male,A+,9904412546
49506,Rohan Reddy,45,Female,B-,9284890807
49507,Rohan Gupta,40,Female,B-,9477731005
49508,Priya Verma,54,Female,AB+,9550152448
49509,Neha Mehta,52,Male,AB+,9788979385
49510,Divya Sharma,57,Female,AB-,9587430903
49511,Riya Singh,37,Female,AB-,9513464978
49512,Arjun Sharma,43,Female,A+,9623280526
49513,Riya Sharma,19,Male,B-,9444517916
49514,Karan Singh,51,Female,A-,9967302407
49515,Vikram Singh,29,Male,B-,9205204530
49516,Riya Singh,36,Female,B-,9417121232
49517,Arjun Mehta,42,Female,AB-,9526083495
49518,Neha Mehta,26,Male,O-,9308585679
49519,Vikram Patel,48,Male,B+,9382601885
49520,Divya Mehta,34,Female,O+,9100305808
49521,Divya Patel,25,Female,B-,9123766822
49522,Riya Mehta,50,Male,B-,9193272844
49523,Pooja Mehta,23,Male,O+,9604064389
49524,Priya Patel,32,Female,A-,9493472133
49525,Aditya Kapoor,55,Female,B-,9209673664
49526,Vikram Kapoor,54,Female,AB-,9595990623
49527,Neha Verma,53,Female,O+,9737005053
49528,Kavya Singh,44,Male,B+,9593012933
49529,Divya Gupta,35,Female,A-,9308647924
49530,Aditya Patel,34,Female,AB+,9730243868
49531,Vikram Mehta,28,Female,AB+,9585013515
49532,Vikram Gupta,54,Male,A-,9755509372
49533,Priya Singh,32,Female,A-,9680590331
49534,Vikram Verma,34,Female,A-,9644462610
49535,Sahil Mehta,20,Female,A+,9235067700
49536,Aman Mehta,18,Female,A+,9784379031
49537,Vikram Reddy,47,Male,AB+,9814010414
49538,Rahul Mehta,19,Female,AB-,9427063865
49539,Rahul Kapoor,53,Male,A+,9105714643
49540,Riya Kapoor,50,Male,A-,9374220122
49541,Aman Mehta,49,Male,B-,9358857576
49542,Aman Mehta,28,Male,O-,9328089097
49543,Aman Gupta,57,Female,AB-,9290172296
49544,Neha Sharma,21,Female,AB+,9378346378
49545,Sneha Mehta,45,Female,B+,9496927118
49546,Aditya Gupta,42,Female,B-,9542159935
49547,Sahil Mehta,33,Female,B+,9129428255
49548,Rohan Singh,24,Male,B-,9254977918
49549,Neha Kapoor,31,Male,B-,9823997798
49550,Neha Singh,41,Male,B-,9323771359
49551,Kavya Mehta,30,Female,AB+,9529762601
49552,Arjun Kapoor,29,Male,O-,9951952900
49553,Anjali Singh,50,Male,O-,9132103457
49554,Divya Gupta,37,Male,A-,9882531588
49555,Divya Reddy,50,Female,A+,9925464018
49556,Aditya Reddy,41,Female,AB+,9897489445
49557,Sneha Kapoor,43,Male,B-,9549740181
49558,Riya Singh,33,Male,O-,9953022837
49559,Divya Reddy,57,Female,AB-,9114075759
49560,Sahil Patel,21,Male,A+,9784845544
49561,Kavya Reddy,60,Male,B+,9934641129
49562,Priya Patel,42,Female,A+,9712661608
49563,Anjali Patel,26,Female,A+,9936178258
49564,Aman Sharma,20,Male,AB-,9648903153
49565,Priya Singh,49,Male,B+,9752582596
49566,Riya Mehta,42,Female,O-,9884300827
49567,Pooja Singh,39,Female,B-,9530411797
49568,Sneha Gupta,53,Male,B-,9440891846
49569,Aman Kapoor,26,Female,B+,9828541968
49570,Priya Singh,41,Female,B-,9288159538
49571,Kavya Kapoor,31,Female,O+,9635549515
49572,Pooja Mehta,57,Male,O+,9626863140
49573,Divya Patel,35,Female,O-,9294827923
49574,Neha Patel,25,Female,AB-,9206485849
49575,Riya Sharma,56,Female,O+,9725835374
49576,Arjun Sharma,22,Male,A+,9477082447
49577,Aman Singh,28,Female,B-,9812581669
49578,Rahul Singh,53,Female,AB+,9824313891
49579,Neha Kapoor,33,Male,AB-,9511586219
49580,Rahul Mehta,56,Male,O+,9720443088
49581,Karan Sharma,33,Female,AB-,9739869074
49582,Sneha Patel,55,Female,O-,9118484028
49583,Rahul Kapoor,19,Female,O+,9495085478
49584,Neha Reddy,24,Female,AB-,9220098448
49585,Aman Gupta,21,Female,AB-,9836722878
49586,Riya Patel,56,Male,A-,9635420392
49587,Arjun Singh,36,Male,A-,9148622377
49588,Riya Kapoor,54,Female,B+,9165277300
49589,Rohan Gupta,55,Male,A+,9375679374
49590,Arjun Kapoor,55,Male,A-,9231129302
49591,Karan Singh,29,Male,AB-,9376211003
49592,Aditya Kapoor,54,Male,O-,9667495233
49593,Sneha Kapoor,47,Male,B+,9284898287
49594,Rohan Kapoor,27,Male,B-,9297949495
49595,Kavya Kapoor,29,Female,B+,9896625941
49596,Anjali Verma,30,Female,AB-,9753949712
49597,Priya Kapoor,34,Male,A+,9457603890
49598,Rohan Singh,28,Male,B-,9874617616
49599,Vikram Kapoor,52,Female,A+,9117184617
49600,Sahil Sharma,32,Male,AB+,9151603181
49601,Aman Mehta,60,Female,A+,9807589691
49602,Rahul Mehta,39,Female,AB+,9979005451
49603,Arjun Verma,45,Female,B+,9968999574
49604,Pooja Reddy,42,Male,AB-,9463315219
49605,Divya Mehta,57,Female,B-,9820813161
49606,Riya Verma,33,Female,B+,9382647171
49607,Sneha Kapoor,46,Female,AB+,9763567905
49608,Kavya Reddy,47,Female,B+,9868862024
49609,Riya Mehta,51,Female,AB+,9317611705
49610,Kavya Sharma,21,Male,A+,9909051447
49611,Aditya Gupta,38,Male,O-,9637114539
49612,Divya Patel,23,Male,B+,9583289000
49613,Neha Patel,23,Male,B-,9614330753
49614,Sneha Mehta,19,Female,AB+,9775027257
49615,Arjun Sharma,21,Female,O-,9635737342
49616,Rohan Patel,39,Female,A-,9625173971
49617,Arjun Sharma,59,Female,A+,9223772801
49618,Divya Reddy,25,Male,B-,9568671150
49619,Priya Gupta,26,Male,A+,9462001723
49620,Rohan Mehta,49,Male,O-,9408412740
49621,Rahul Gupta,31,Female,O+,9565389838
49622,Neha Gupta,39,Female,O-,9627431145
49623,Rohan Sharma,60,Female,A+,9681229196
49624,Aditya Patel,35,Male,B+,9893758573
49625,Aditya Mehta,46,Male,B+,9326835045
49626,Anjali Reddy,19,Female,A-,9449555726
49627,Rahul Singh,24,Female,A+,9938929996
49628,Rahul Sharma,33,Male,O-,9947159085
49629,Riya Sharma,51,Female,B+,9791928092
49630,Rohan Singh,19,Male,A-,9265143774
49631,Pooja Gupta,35,Female,O-,9273390888
49632,Priya Verma,54,Male,O-,9324108883
49633,Riya Sharma,48,Female,A-,9623676493
49634,Rahul Sharma,38,Female,B+,9389999578
49635,Riya Kapoor,39,Male,O-,9931756486
49636,Vikram Singh,57,Female,B-,9291169915
49637,Arjun Reddy,39,Male,A+,9767208302
49638,Rohan Reddy,43,Male,AB+,9480229839
49639,Divya Reddy,38,Male,A-,9910351470
49640,Sneha Sharma,22,Male,B+,9736628741
49641,Aman Patel,50,Male,O+,9944280751
49642,Kavya Sharma,35,Male,AB-,9910042340
49643,Priya Patel,35,Male,AB-,9567632150
49644,Vikram Patel,51,Female,A-,9765521253
49645,Divya Verma,30,Female,AB+,9330430339
49646,Aditya Mehta,33,Male,O+,9507405290
49647,Aman Singh,28,Female,A+,9485279488
49648,Rahul Patel,50,Male,B-,9464208772
49649,Sahil Singh,52,Female,O+,9430179648
49650,Sneha Patel,35,Female,B+,9644014428
49651,Karan Kapoor,42,Female,AB-,9304308003
49652,Neha Reddy,33,Male,A+,9966153116
49653,Divya Patel,51,Female,B-,9729670046
49654,Divya Patel,57,Male,AB-,9940191041
49655,Rohan Singh,54,Male,AB+,9793080519
49656,Kavya Sharma,30,Male,B-,9356060532
49657,Priya Reddy,56,Male,O+,9261993854
49658,Kavya Mehta,26,Female,O-,9538655031
49659,Anjali Mehta,33,Female,A+,9158146321
49660,Sneha Patel,33,Female,A-,9144611785
49661,Rohan Mehta,37,Male,AB-,9650253207
49662,Aman Mehta,44,Male,B+,9544765960
49663,Arjun Singh,56,Male,O+,9632493707
49664,Priya Sharma,59,Male,A+,9588484853
49665,Riya Kapoor,30,Male,A+,9357314235
49666,Priya Reddy,58,Female,AB+,9176900089
49667,Divya Patel,29,Male,AB-,9530798664
49668,Vikram Kapoor,31,Male,A-,9696614751
49669,Arjun Kapoor,33,Male,AB+,9658692384
49670,Arjun Reddy,42,Male,B+,9258137248
49671,Vikram Reddy,55,Female,AB+,9171127589
49672,Anjali Mehta,27,Female,AB+,9843150117
49673,Sneha Reddy,31,Male,B+,9182934059
49674,Vikram Reddy,39,Male,AB-,9536121077
49675,Divya Patel,18,Male,O-,9517253167
49676,Riya Mehta,47,Female,O-,9429611766
49677,Karan Mehta,37,Male,A-,9534045388
49678,Arjun Singh,56,Male,A-,9175964685
49679,Aman Sharma,41,Male,O-,9451504538
49680,Kavya Patel,33,Male,A+,9702088149
49681,Aman Gupta,51,Female,B+,9108324857
49682,Rahul Verma,22,Male,O+,9407266683
49683,Pooja Sharma,22,Female,O+,9974552406
49684,Vikram Singh,25,Female,O-,9990278955
49685,Aditya Verma,24,Female,A-,9341476930
49686,Priya Singh,51,Male,A+,9244586730
49687,Arjun Patel,39,Male,A+,9357380153
49688,Kavya Mehta,53,Female,B-,9541407219
49689,Aditya Mehta,56,Female,B+,9424696934
49690,Riya Singh,47,Male,B-,9534194425
49691,Divya Kapoor,57,Male,A+,9692852231
49692,Rahul Verma,38,Female,AB-,9780547016
49693,Arjun Patel,50,Female,B+,9591909180
49694,Riya Reddy,52,Female,O-,9934912983
49695,Aman Gupta,30,Female,A+,9118398799
49696,Rohan Verma,55,Female,AB+,9207552709
49697,Aman Verma,28,Female,AB-,9158668200
49698,Kavya Reddy,54,Male,A+,9505050235
49699,Sneha Reddy,49,Female,AB+,9287535461
49700,Sneha Singh,44,Male,AB+,9767210616
49701,Rohan Gupta,38,Male,B-,9333895946
49702,Neha Sharma,18,Female,B-,9319274194
49703,Aman Sharma,23,Male,AB-,9930885129
49704,Kavya Verma,56,Male,A-,9802717064
49705,Arjun Verma,42,Male,AB+,9768393926
49706,Priya Singh,32,Female,B-,9367942345
49707,Priya Patel,40,Female,B+,9626190837
49708,Aman Kapoor,30,Male,O-,9151532403
49709,Rahul Patel,44,Male,AB-,9542022353
49710,Arjun Reddy,23,Female,AB-,9393282530
49711,Aditya Singh,39,Male,B+,9890000641
49712,Neha Sharma,58,Female,O+,9817969649
49713,Pooja Kapoor,18,Male,O+,9479587558
49714,Priya Singh,34,Male,AB-,9279580601
49715,Vikram Verma,33,Male,O-,9533100617
49716,Sahil Singh,57,Male,O-,9442409957
49717,Sneha Gupta,24,Female,A+,9561930583
49718,Divya Mehta,50,Female,A+,9923535430
49719,Aditya Gupta,22,Female,AB+,9196972901
49720,Vikram Patel,36,Female,B+,9745117770
49721,Divya Reddy,38,Male,O-,9162514546
49722,Anjali Patel,39,Male,AB+,9877548878
49723,Aditya Sharma,27,Female,A+,9943969528
49724,Rahul Gupta,42,Male,B-,9731631691
49725,Arjun Kapoor,25,Male,AB-,9496038995
49726,Divya Gupta,55,Male,B-,9996070426
49727,Anjali Patel,20,Male,AB-,9628584891
49728,Sahil Gupta,59,Male,O-,9715390227
49729,Aditya Singh,49,Male,AB-,9563885372
49730,Kavya Kapoor,23,Female,B+,9162577825
49731,Riya Patel,18,Male,AB-,9669630418
49732,Kavya Reddy,25,Female,B-,9408115662
49733,Arjun Kapoor,39,Male,B+,9603234360
49734,Anjali Mehta,24,Male,B-,9348260704
49735,Rohan Patel,39,Female,AB-,9143908019
49736,Aman Verma,26,Female,O+,9276203780
49737,Arjun Patel,41,Female,A+,9188722233
49738,Karan Patel,36,Female,A-,9511419270
49739,Karan Gupta,28,Female,B-,9263809895
49740,Neha Sharma,50,Female,O-,9670063508
49741,Divya Verma,60,Male,A-,9370112186
49742,Arjun Verma,23,Male,B-,9225543853
49743,Neha Singh,26,Female,B+,9900320752
49744,Arjun Gupta,25,Female,AB+,9838555934
49745,Sneha Sharma,60,Male,AB+,9522415594
49746,Sahil Kapoor,51,Female,AB+,9100357707
49747,Neha Kapoor,34,Male,B+,9544099158
49748,Arjun Gupta,33,Male,B+,9552144657
49749,Sahil Patel,23,Female,A+,9245002651
49750,Karan Reddy,57,Male,A+,9319313264
49751,Vikram Kapoor,22,Male,A-,9376347460
49752,Aditya Kapoor,51,Female,A-,9212293294
49753,Karan Mehta,49,Female,B+,9360006145
49754,Anjali Kapoor,56,Female,B+,9429449797
49755,Kavya Gupta,27,Female,AB+,9488201983
49756,Pooja Reddy,34,Female,AB-,9367693880
49757,Karan Sharma,25,Female,B-,9392538378
49758,Kavya Patel,59,Male,O+,9397864355
49759,Neha Singh,29,Male,AB+,9870986840
49760,Neha Patel,55,Female,A-,9524566420
49761,Rohan Reddy,30,Female,O+,9149399255
49762,Sneha Sharma,22,Male,AB+,9991740234
49763,Divya Kapoor,22,Female,B-,9253420517
49764,Arjun Mehta,33,Male,AB+,9373936354
49765,Sneha Patel,34,Female,A-,9162515195
49766,Vikram Sharma,20,Male,O+,9318311659
49767,Priya Singh,49,Female,O+,9474107761
49768,Neha Kapoor,37,Male,AB+,9857343461
49769,Anjali Singh,34,Female,B-,9493572394
49770,Karan Kapoor,33,Female,AB+,9777745343
49771,Vikram Patel,25,Female,O+,9712673919
49772,Arjun Kapoor,25,Female,O-,9755173259
49773,Vikram Patel,57,Male,A-,9389009748
49774,Rahul Patel,59,Male,B+,9508379028
49775,Sahil Reddy,60,Male,AB+,9310411755
49776,Kavya Verma,32,Male,O+,9952106254
49777,Riya Reddy,49,Female,O+,9131369361
49778,Anjali Singh,26,Female,A+,9185375577
49779,Divya Patel,31,Male,AB-,9797550290
49780,Neha Sharma,51,Female,A+,9564019844
49781,Vikram Sharma,50,Male,O+,9605358251
49782,Riya Verma,59,Male,A-,9936588258
49783,Vikram Kapoor,28,Male,AB-,9746680418
49784,Sneha Singh,32,Female,AB+,9510363899
49785,Aditya Reddy,36,Male,O-,9816541140
49786,Divya Patel,24,Female,O-,9185630733
49787,Aditya Patel,43,Male,B+,9239510049
49788,Priya Verma,49,Female,B+,9794566937
49789,Anjali Sharma,22,Male,AB-,9226744769
49790,Priya Patel,59,Female,B-,9401869723
49791,Priya Singh,44,Male,A+,9488263128
49792,Vikram Singh,18,Male,AB+,9433864423
49793,Riya Mehta,54,Female,B-,9506767654
49794,Divya Singh,41,Female,A-,9626871715
49795,Riya Patel,28,Male,A-,9321877320
49796,Rohan Reddy,55,Female,A+,9996763921
49797,Pooja Kapoor,51,Female,AB-,9136561322
49798,Aman Gupta,48,Male,A+,9533791243
49799,Neha Reddy,34,Male,A-,9128819840
49800,Priya Reddy,57,Female,B-,9733504641
49801,Divya Sharma,36,Female,B-,9303181944
49802,Rohan Kapoor,36,Male,B+,9436420838
49803,Rohan Mehta,26,Female,AB-,9134797624
49804,Anjali Reddy,25,Male,O+,9912758031
49805,Aditya Patel,38,Male,O+,9585011735
49806,Sahil Mehta,31,Male,O-,9668981641
49807,Sahil Mehta,43,Female,A-,9466149145
49808,Sahil Sharma,20,Female,A+,9866028265
49809,Priya Patel,53,Male,B-,9973093801
49810,Riya Mehta,20,Female,A+,9955059044
49811,Priya Mehta,36,Male,B-,9591965257
49812,Sneha Sharma,35,Male,B+,9375275676
49813,Sahil Verma,47,Male,A-,9251445864
49814,Pooja Verma,21,Male,B+,9520629199
49815,Rohan Verma,30,Male,A+,9876518532
49816,Priya Reddy,23,Female,O+,9763973052
49817,Kavya Sharma,53,Male,A-,9856095021
49818,Sahil Sharma,25,Female,AB+,9894282421
49819,Arjun Patel,44,Male,A+,9566021916
49820,Aditya Reddy,25,Female,O+,9297990342
49821,Divya Kapoor,58,Male,AB+,9487006091
49822,Sahil Gupta,28,Female,B+,9193038607
49823,Aditya Verma,26,Female,B+,9104903913
49824,Vikram Kapoor,54,Female,A-,9581341814
49825,Priya Reddy,47,Male,B-,9400425041
49826,Rahul Kapoor,47,Female,B+,9941501241
49827,Aman Kapoor,54,Male,A-,9917313794
49828,Pooja Gupta,49,Female,B-,9808384602
49829,Sahil Reddy,21,Male,B-,9537838829
49830,Rahul Verma,31,Female,A+,9721061842
49831,Divya Patel,41,Female,A+,9691142604
49832,Divya Mehta,28,Female,B-,9121052848
49833,Sneha Verma,41,Female,A+,9699839032
49834,Divya Verma,49,Female,B+,9147315717
49835,Vikram Verma,57,Female,A-,9764662815
49836,Priya Patel,31,Female,B+,9862972389
49837,Arjun Verma,25,Female,B+,9521581516
49838,Divya Patel,28,Male,A+,9335006731
49839,Neha Patel,44,Female,B+,9299497867
49840,Kavya Sharma,31,Female,O-,9649027236
49841,Priya Singh,20,Female,AB-,9927437355
49842,Karan Mehta,27,Female,A+,9561802559
49843,Neha Singh,48,Male,A+,9965452276
49844,Sneha Sharma,40,Female,AB-,9753146499
49845,Aditya Singh,59,Female,A-,9393894450
49846,Kavya Reddy,49,Male,A+,9360448062
49847,Rohan Reddy,50,Male,A+,9849207145
49848,Anjali Mehta,40,Female,A+,9546787313
49849,Pooja Patel,44,Male,B+,9656388066
49850,Karan Kapoor,57,Male,B+,9334135683
49851,Karan Reddy,60,Female,A+,9513958397
49852,Aditya Gupta,54,Female,A+,9284278946
49853,Aditya Kapoor,45,Male,O-,9519929793
49854,Vikram Singh,27,Female,AB+,9519717418
49855,Vikram Reddy,22,Female,A-,9289146895
49856,Pooja Singh,35,Male,O-,9962808616
49857,Priya Gupta,60,Female,AB-,9929007493
49858,Aditya Sharma,54,Male,A+,9549083050
49859,Rahul Verma,50,Female,B+,9360815486
49860,Aditya Kapoor,58,Female,B+,9486975173
49861,Riya Singh,47,Male,A-,9193302821
49862,Sahil Kapoor,58,Male,A-,9679454685
49863,Aditya Sharma,26,Male,B+,9242762907
49864,Neha Sharma,41,Male,A+,9346348060
49865,Riya Gupta,19,Male,B-,9298060476
49866,Aman Sharma,27,Male,A+,9627936471
49867,Sneha Mehta,24,Male,O-,9544741421
49868,Divya Kapoor,56,Female,A-,9299673464
49869,Karan Singh,52,Female,A-,9706039971
49870,Rohan Reddy,18,Male,B+,9887776209
49871,Arjun Patel,50,Male,A+,9698903378
49872,Kavya Sharma,37,Female,B-,9477610866
49873,Priya Kapoor,19,Male,O+,9759269532
49874,Priya Verma,52,Male,B+,9339719052
49875,Aditya Mehta,60,Male,AB-,9545917504
49876,Sneha Kapoor,45,Female,O+,9508228964
49877,Anjali Verma,40,Female,AB-,9758984994
49878,Riya Kapoor,26,Male,A+,9387596986
49879,Kavya Singh,45,Male,AB-,9289249718
49880,Arjun Patel,39,Female,B-,9649464700
49881,Neha Sharma,50,Male,O-,9164549633
49882,Karan Patel,28,Male,AB-,9476697547
49883,Pooja Sharma,24,Female,O+,9980328537
49884,Vikram Reddy,43,Male,B+,9119671489
49885,Anjali Sharma,18,Male,A-,9115085406
49886,Sneha Singh,49,Female,A-,9788571058
49887,Pooja Patel,49,Female,A+,9196333597
49888,Rohan Singh,47,Female,AB-,9556497731
49889,Anjali Gupta,52,Male,O+,9794339370
49890,Sahil Mehta,19,Male,A+,9313796366
49891,Arjun Mehta,41,Female,A+,9253298987
49892,Rahul Reddy,51,Female,AB+,9437634341
49893,Riya Reddy,48,Female,AB-,9852124224
49894,Rohan Reddy,29,Male,A+,9440707421
49895,Vikram Sharma,33,Female,AB+,9169219038
49896,Sahil Gupta,44,Male,AB+,9500723252
49897,Anjali Sharma,39,Female,AB+,9152256079
49898,Sahil Gupta,18,Male,A-,9487974263
49899,Riya Verma,35,Female,AB-,9287461677
49900,Vikram Sharma,44,Male,A-,9618290710
49901,Sneha Reddy,38,Female,O+,9147638637
49902,Priya Verma,20,Female,A-,9183330876
49903,Rahul Kapoor,35,Male,B+,9466685433
49904,Rohan Mehta,26,Male,AB+,9581773514
49905,Sneha Verma,40,Female,B-,9939963744
49906,Aman Verma,45,Male,A+,9810318502
49907,Anjali Sharma,24,Female,A-,9818022968
49908,Aditya Kapoor,32,Male,A-,9972939286
49909,Aman Sharma,35,Female,O-,9574201394
49910,Pooja Singh,18,Male,O+,9528105758
49911,Vikram Mehta,46,Female,A+,9788159897
49912,Sneha Singh,24,Male,A-,9363675856
49913,Neha Sharma,25,Female,A+,9470427553
49914,Riya Kapoor,23,Female,AB-,9616079551
49915,Sahil Singh,27,Female,B-,9257129757
49916,Sahil Reddy,50,Female,AB+,9673786590
49917,Aman Patel,51,Female,AB+,9451507911
49918,Riya Patel,58,Male,O-,9341201449
49919,Sahil Patel,54,Female,B+,9811071693
49920,Rahul Mehta,42,Male,A+,9899802198
49921,Neha Singh,59,Male,O+,9319377785
49922,Rohan Patel,54,Male,A-,9470567665
49923,Karan Singh,35,Female,AB+,9671901213
49924,Sneha Mehta,50,Male,AB-,9907263193
49925,Sahil Singh,48,Male,O-,9775561783
49926,Sahil Mehta,32,Male,AB-,9328590633
49927,Arjun Singh,56,Male,O-,9830243253
49928,Karan Verma,52,Female,A+,9181600481
49929,Kavya Sharma,49,Male,A+,9955369679
49930,Priya Reddy,22,Female,O-,9973002994
49931,Karan Patel,45,Female,B-,9988148269
49932,Arjun Patel,57,Female,AB-,9966227660
49933,Vikram Singh,37,Male,O-,9144407934
49934,Divya Kapoor,30,Female,A-,9233320876
49935,Pooja Singh,47,Female,O+,9872524591
49936,Riya Patel,23,Male,A+,9831459715
49937,Arjun Singh,31,Female,A+,9690305248
49938,Sneha Mehta,51,Female,B+,9213749248
49939,Kavya Singh,22,Male,AB+,9851683770
49940,Divya Reddy,29,Female,AB+,9667890291
49941,Neha Gupta,42,Male,B-,9539120272
49942,Sneha Kapoor,19,Male,O+,9313047345
49943,Divya Verma,37,Female,A-,9630799641
49944,Arjun Singh,27,Female,A-,9881893607
49945,Divya Mehta,24,Male,AB-,9695114642
49946,Kavya Verma,60,Male,A-,9878680685
49947,Aman Sharma,56,Male,A+,9109096170
49948,Karan Verma,60,Male,A+,9862323147
49949,Aditya Reddy,60,Female,A-,9858669055
49950,Anjali Mehta,25,Female,AB-,9587099587
49951,Arjun Gupta,57,Female,O+,9279868488
49952,Priya Patel,21,Female,O-,9300347332
49953,Arjun Gupta,60,Male,O+,9499528707
49954,Rahul Mehta,49,Male,B-,9995650478
49955,Arjun Patel,56,Female,B+,9185671423
49956,Rohan Kapoor,50,Female,B+,9299675908
49957,Priya Singh,59,Male,O+,9835719737
49958,Sneha Verma,27,Female,AB+,9295592756
49959,Riya Patel,38,Female,B+,9544875181
49960,Neha Verma,32,Female,O-,9536696423
49961,Aman Reddy,57,Female,B-,9468791785
49962,Sneha Mehta,24,Male,B+,9597158669
49963,Karan Gupta,31,Male,O-,9601228946
49964,Anjali Mehta,33,Male,A+,9463075036
49965,Sahil Gupta,19,Female,A-,9672693127
49966,Aman Kapoor,19,Male,A+,9620961101
49967,Divya Kapoor,28,Male,B+,9114136003
49968,Aditya Reddy,53,Male,O+,9402922541
49969,Sneha Kapoor,60,Female,B+,9896735737
49970,Arjun Patel,26,Male,AB+,9579304943
49971,Anjali Singh,60,Female,B+,9210863791
49972,Kavya Kapoor,28,Male,O+,9526667327
49973,Pooja Kapoor,25,Female,O+,9121157216
49974,Aman Mehta,34,Male,AB+,9188256679
49975,Anjali Singh,38,Male,AB-,9239287062
49976,Arjun Gupta,22,Female,AB-,9741825256
49977,Aman Mehta,33,Female,A+,9742729678
49978,Rahul Reddy,29,Female,AB-,9502328504
49979,Anjali Verma,40,Female,O+,9623962430
49980,Kavya Gupta,57,Male,AB+,9329530983
49981,Rohan Reddy,58,Female,O-,9781841734
49982,Neha Kapoor,57,Female,A-,9476981896
49983,Aman Reddy,23,Male,B+,9546681009
49984,Vikram Singh,39,Male,O+,9677711717
49985,Riya Sharma,40,Female,B-,9548589449
49986,Rahul Sharma,60,Male,A-,9709572564
49987,Anjali Reddy,26,Female,B+,9742394486
49988,Karan Reddy,24,Female,B-,9642016091
49989,Priya Mehta,38,Female,A-,9386491914
49990,Karan Mehta,47,Female,O+,9664405658
49991,Kavya Mehta,18,Female,O+,9907658635
49992,Arjun Patel,60,Male,B+,9505131291
49993,Neha Reddy,34,Male,AB-,9962999001
49994,Karan Kapoor,19,Female,B+,9347219544
49995,Aman Patel,26,Female,B-,9217704697
49996,Arjun Patel,26,Male,A+,9750895386
49997,Priya Gupta,42,Male,A+,9659708831
49998,Kavya Reddy,20,Male,A+,9754231927
49999,Rahul Reddy,42,Female,AB-,9217470233
50000,Sneha Verma,53,Male,AB-,9920169478
